cohort,anchor,actual_next_prime,actual_delta,phase_a_candidate_1,phase_a_candidate_2,phase_a_candidate_3,phase_a_rank_of_prime,phase_a_top1_hit,phase_a_top2_hit,phase_a_top3_hit,p29_candidate_1,p29_candidate_2,p29_candidate_3,odd_candidate_1,odd_candidate_2,odd_candidate_3,p29_top1_hit,p29_top2_hit,p29_top3_hit,odd_top1_hit,odd_top2_hit,odd_top3_hit,cross_rung_frame,phase_a_child_count,phase_b_child_count,teara_phase_a,teara_phase_b
low,71000754,71000759,5,71000759,71000791,71000801,1,1,1,1,71000759,71000767,71000771,71000755,71000757,71000759,1,1,1,0,0,1,3.5,780,647,0.9997626844934906,1.0002373155065094
low,71000837,71000849,12,71000849,71000861,71000873,1,1,1,1,71000843,71000849,71000851,71000839,71000841,71000843,0,1,1,0,0,0,3.5,780,647,0.9997626844934906,1.0002373155065094
low,71000901,71000927,26,71000927,71000933,71000947,1,1,1,1,71000911,71000921,71000927,71000903,71000905,71000907,0,0,1,0,0,0,3.5,780,647,0.9997626844934906,1.0002373155065094
low,71001238,71001239,1,71001239,71001269,71001311,1,1,1,1,71001239,71001241,71001247,71001239,71001241,71001243,1,1,1,1,1,1,3.5,780,647,0.9997626844934906,1.0002373155065094
low,71001870,71001871,1,71001871,71001893,71001899,1,1,1,1,71001871,71001881,71001883,71001871,71001873,71001875,1,1,1,1,1,1,3.5,780,647,0.9997626844934906,1.0002373155065094
low,71001902,71001929,27,71001929,71001941,71001967,1,1,1,1,71001907,71001913,71001919,71001903,71001905,71001907,0,0,0,0,0,0,3.5,780,647,0.9997626844934906,1.0002373155065094
low,71002016,71002021,5,71002021,71002027,71002049,1,1,1,1,71002021,71002027,71002033,71002017,71002019,71002021,1,1,1,0,0,1,3.5,780,647,0.9997626844934906,1.0002373155065094
low,71002056,71002079,23,71002079,71002093,71002103,1,1,1,1,71002067,71002073,71002079,71002057,71002059,71002061,0,0,1,0,0,0,3.5,780,647,0.9997626844934906,1.0002373155065094
low,71002372,71002423,51,71002409,71002423,71002441,2,0,1,1,71002381,71002391,71002397,71002373,71002375,71002377,0,0,0,0,0,0,3.5,780,647,0.9997626844934906,1.0002373155065094
low,71002517,71002537,20,71002537,71002553,71002559,1,1,1,1,71002531,71002537,71002543,71002519,71002521,71002523,0,1,1,0,0,0,3.5,780,647,0.9997626844934906,1.0002373155065094
low,71002735,71002747,12,71002747,71002777,71002787,1,1,1,1,71002739,71002741,71002747,71002737,71002739,71002741,0,0,1,0,0,0,3.5,780,647,0.9997626844934906,1.0002373155065094
low,71002932,71002949,17,71002949,71002951,71002961,1,1,1,1,71002937,71002949,71002951,71002933,71002935,71002937,0,1,1,0,0,0,3.5,780,647,0.9997626844934906,1.0002373155065094
low,71003186,71003197,11,71003197,71003201,71003213,1,1,1,1,71003189,71003197,71003201,71003187,71003189,71003191,0,1,1,0,0,0,3.5,780,647,0.9997626844934906,1.0002373155065094
low,71003285,71003291,6,71003291,71003311,71003327,1,1,1,1,71003287,71003291,71003293,71003287,71003289,71003291,0,1,1,0,0,1,3.5,780,647,0.9997626844934906,1.0002373155065094
low,71003648,71003651,3,71003651,71003657,71003659,1,1,1,1,71003651,71003657,71003659,71003649,71003651,71003653,1,1,1,0,1,1,3.5,780,647,0.9997626844934906,1.0002373155065094
low,71003781,71003813,32,71003813,71003819,71003827,1,1,1,1,71003789,71003791,71003797,71003783,71003785,71003787,0,0,0,0,0,0,3.5,780,647,0.9997626844934906,1.0002373155065094
low,71004035,71004071,36,71004067,71004071,71004091,2,0,1,1,71004041,71004047,71004049,71004037,71004039,71004041,0,0,0,0,0,0,3.5,780,647,0.9997626844934906,1.0002373155065094
low,71004397,71004407,10,71004407,71004413,71004431,1,1,1,1,71004403,71004407,71004413,71004399,71004401,71004403,0,1,1,0,0,0,3.5,780,647,0.9997626844934906,1.0002373155065094
low,71004400,71004407,7,71004407,71004413,71004431,1,1,1,1,71004403,71004407,71004413,71004401,71004403,71004405,0,1,1,0,0,0,3.5,780,647,0.9997626844934906,1.0002373155065094
low,71004603,71004607,4,71004607,71004613,71004623,1,1,1,1,71004607,71004613,71004617,71004605,71004607,71004609,1,1,1,0,1,1,3.5,780,647,0.9997626844934906,1.0002373155065094
low,71005075,71005133,58,71005133,71005189,71005201,1,1,1,1,71005087,71005091,71005093,71005077,71005079,71005081,0,0,0,0,0,0,3.5,780,647,0.9997626844934906,1.0002373155065094
low,71005137,71005189,52,71005189,71005201,71005219,1,1,1,1,71005139,71005153,71005157,71005139,71005141,71005143,0,0,0,0,0,0,3.5,780,647,0.9997626844934906,1.0002373155065094
low,71005611,71005619,8,71005619,71005631,71005633,1,1,1,1,71005619,71005621,71005631,71005613,71005615,71005617,1,1,1,0,0,0,3.5,780,647,0.9997626844934906,1.0002373155065094
low,71005906,71005933,27,71005933,71005937,71005939,1,1,1,1,71005919,71005927,71005931,71005907,71005909,71005911,0,0,0,0,0,0,3.5,780,647,0.9997626844934906,1.0002373155065094
low,71006123,71006147,24,71006147,71006153,71006179,1,1,1,1,71006137,71006141,71006147,71006125,71006127,71006129,0,0,1,0,0,0,3.5,780,647,0.9997626844934906,1.0002373155065094
low,71006518,71006521,3,71006521,71006527,71006531,1,1,1,1,71006519,71006521,71006527,71006519,71006521,71006523,0,1,1,0,1,1,3.5,780,647,0.9997626844934906,1.0002373155065094
low,71007159,71007163,4,71007163,71007169,71007179,1,1,1,1,71007163,71007169,71007173,71007161,71007163,71007165,1,1,1,0,1,1,3.5,780,647,0.9997626844934906,1.0002373155065094
low,71007446,71007451,5,71007451,71007473,71007481,1,1,1,1,71007449,71007451,71007467,71007447,71007449,71007451,0,1,1,0,0,1,3.5,780,647,0.9997626844934906,1.0002373155065094
low,71007602,71007641,39,71007641,71007653,71007659,1,1,1,1,71007611,71007613,71007619,71007603,71007605,71007607,0,0,0,0,0,0,3.5,780,647,0.9997626844934906,1.0002373155065094
low,71007607,71007641,34,71007641,71007653,71007659,1,1,1,1,71007611,71007613,71007619,71007609,71007611,71007613,0,0,0,0,0,0,3.5,780,647,0.9997626844934906,1.0002373155065094
low,71007647,71007653,6,71007653,71007659,71007679,1,1,1,1,71007649,71007653,71007659,71007649,71007651,71007653,0,1,1,0,0,1,3.5,780,647,0.9997626844934906,1.0002373155065094
low,71009103,71009131,28,71009131,71009143,71009149,1,1,1,1,71009111,71009117,71009123,71009105,71009107,71009109,0,0,0,0,0,0,3.5,780,647,0.9997626844934906,1.0002373155065094
low,71009250,71009261,11,71009261,71009287,71009293,1,1,1,1,71009261,71009269,71009273,71009251,71009253,71009255,1,1,1,0,0,0,3.5,780,647,0.9997626844934906,1.0002373155065094
low,71009262,71009287,25,71009287,71009293,71009321,1,1,1,1,71009269,71009273,71009287,71009263,71009265,71009267,0,0,1,0,0,0,3.5,780,647,0.9997626844934906,1.0002373155065094
low,71009607,71009633,26,71009633,71009647,71009651,1,1,1,1,71009611,71009621,71009623,71009609,71009611,71009613,0,0,0,0,0,0,3.5,780,647,0.9997626844934906,1.0002373155065094
low,71009616,71009633,17,71009633,71009647,71009651,1,1,1,1,71009621,71009623,71009633,71009617,71009619,71009621,0,0,1,0,0,0,3.5,780,647,0.9997626844934906,1.0002373155065094
low,71009707,71009759,52,71009759,71009773,71009791,1,1,1,1,71009711,71009713,71009723,71009709,71009711,71009713,0,0,0,0,0,0,3.5,780,647,0.9997626844934906,1.0002373155065094
low,71009807,71009831,24,71009831,71009839,71009843,1,1,1,1,71009819,71009831,71009837,71009809,71009811,71009813,0,1,1,0,0,0,3.5,780,647,0.9997626844934906,1.0002373155065094
low,71009874,71009879,5,71009879,71009921,71009929,1,1,1,1,71009879,71009881,71009891,71009875,71009877,71009879,1,1,1,0,0,1,3.5,780,647,0.9997626844934906,1.0002373155065094
low,71010244,71010257,13,71010257,71010293,71010311,1,1,1,1,71010253,71010257,71010259,71010245,71010247,71010249,0,1,1,0,0,0,3.5,780,647,0.9997626844934906,1.0002373155065094
low,71010297,71010311,14,71010311,71010323,71010337,1,1,1,1,71010301,71010307,71010311,71010299,71010301,71010303,0,0,1,0,0,0,3.5,780,647,0.9997626844934906,1.0002373155065094
low,71010803,71010829,26,71010829,71010833,71010859,1,1,1,1,71010811,71010817,71010827,71010805,71010807,71010809,0,0,0,0,0,0,3.5,780,647,0.9997626844934906,1.0002373155065094
low,71011259,71011267,8,71011267,71011307,71011321,1,1,1,1,71011267,71011271,71011273,71011261,71011263,71011265,1,1,1,0,0,0,3.5,780,647,0.9997626844934906,1.0002373155065094
low,71011388,71011403,15,71011403,71011411,71011433,1,1,1,1,71011393,71011399,71011403,71011389,71011391,71011393,0,0,1,0,0,0,3.5,780,647,0.9997626844934906,1.0002373155065094
low,71011468,71011471,3,71011471,71011481,71011489,1,1,1,1,71011469,71011471,71011477,71011469,71011471,71011473,0,1,1,0,1,1,3.5,780,647,0.9997626844934906,1.0002373155065094
low,71011556,71011579,23,71011579,71011583,71011597,1,1,1,1,71011559,71011561,71011571,71011557,71011559,71011561,0,0,0,0,0,0,3.5,780,647,0.9997626844934906,1.0002373155065094
low,71011685,71011687,2,71011687,71011693,71011697,1,1,1,1,71011687,71011693,71011697,71011687,71011689,71011691,1,1,1,1,1,1,3.5,780,647,0.9997626844934906,1.0002373155065094
low,71011759,71011777,18,71011777,71011781,71011789,1,1,1,1,71011763,71011769,71011777,71011761,71011763,71011765,0,0,1,0,0,0,3.5,780,647,0.9997626844934906,1.0002373155065094
low,71011841,71011847,6,71011847,71011849,71011861,1,1,1,1,71011847,71011849,71011859,71011843,71011845,71011847,1,1,1,0,0,1,3.5,780,647,0.9997626844934906,1.0002373155065094
low,71011845,71011847,2,71011847,71011849,71011861,1,1,1,1,71011847,71011849,71011859,71011847,71011849,71011851,1,1,1,1,1,1,3.5,780,647,0.9997626844934906,1.0002373155065094
low,71012017,71012023,6,71012021,71012023,71012057,2,0,1,1,71012021,71012023,71012027,71012019,71012021,71012023,0,1,1,0,0,1,3.5,780,647,0.9997626844934906,1.0002373155065094
low,71012025,71012057,32,71012057,71012069,71012089,1,1,1,1,71012027,71012033,71012041,71012027,71012029,71012031,0,0,0,0,0,0,3.5,780,647,0.9997626844934906,1.0002373155065094
low,71012180,71012189,9,71012189,71012203,71012219,1,1,1,1,71012189,71012191,71012197,71012181,71012183,71012185,1,1,1,0,0,0,3.5,780,647,0.9997626844934906,1.0002373155065094
low,71012548,71012549,1,71012549,71012573,71012603,1,1,1,1,71012549,71012551,71012563,71012549,71012551,71012553,1,1,1,1,1,1,3.5,780,647,0.9997626844934906,1.0002373155065094
low,71012708,71012719,11,71012719,71012729,71012741,1,1,1,1,71012713,71012717,71012719,71012709,71012711,71012713,0,0,1,0,0,0,3.5,780,647,0.9997626844934906,1.0002373155065094
low,71013123,71013133,10,71013133,71013139,71013143,1,1,1,1,71013133,71013139,71013143,71013125,71013127,71013129,1,1,1,0,0,0,3.5,780,647,0.9997626844934906,1.0002373155065094
low,71013165,71013169,4,71013169,71013209,71013221,1,1,1,1,71013169,71013179,71013181,71013167,71013169,71013171,1,1,1,0,1,1,3.5,780,647,0.9997626844934906,1.0002373155065094
low,71013556,71013611,55,71013611,71013617,71013629,1,1,1,1,71013557,71013559,71013563,71013557,71013559,71013561,0,0,0,0,0,0,3.5,780,647,0.9997626844934906,1.0002373155065094
low,71013564,71013611,47,71013611,71013617,71013629,1,1,1,1,71013571,71013577,71013587,71013565,71013567,71013569,0,0,0,0,0,0,3.5,780,647,0.9997626844934906,1.0002373155065094
low,71014353,71014357,4,71014357,71014369,71014399,1,1,1,1,71014357,71014367,71014369,71014355,71014357,71014359,1,1,1,0,1,1,3.5,780,647,0.9997626844934906,1.0002373155065094
low,71014843,71014871,28,71014861,71014871,71014891,2,0,1,1,71014847,71014849,71014859,71014845,71014847,71014849,0,0,0,0,0,0,3.5,780,647,0.9997626844934906,1.0002373155065094
low,71014854,71014871,17,71014861,71014871,71014891,2,0,1,1,71014859,71014861,71014871,71014855,71014857,71014859,0,0,1,0,0,0,3.5,780,647,0.9997626844934906,1.0002373155065094
low,71014942,71014949,7,71014949,71014987,71014991,1,1,1,1,71014943,71014949,71014963,71014943,71014945,71014947,0,1,1,0,0,0,3.5,780,647,0.9997626844934906,1.0002373155065094
low,71015077,71015081,4,71015081,71015083,71015093,1,1,1,1,71015081,71015083,71015089,71015079,71015081,71015083,1,1,1,0,1,1,3.5,780,647,0.9997626844934906,1.0002373155065094
low,71015318,71015359,41,71015359,71015363,71015383,1,1,1,1,71015323,71015327,71015333,71015319,71015321,71015323,0,0,0,0,0,0,3.5,780,647,0.9997626844934906,1.0002373155065094
low,71015354,71015359,5,71015359,71015363,71015383,1,1,1,1,71015359,71015363,71015377,71015355,71015357,71015359,1,1,1,0,0,1,3.5,780,647,0.9997626844934906,1.0002373155065094
low,71015615,71015621,6,71015621,71015627,71015629,1,1,1,1,71015617,71015621,71015627,71015617,71015619,71015621,0,1,1,0,0,1,3.5,780,647,0.9997626844934906,1.0002373155065094
low,71015919,71015929,10,71015929,71015951,71015957,1,1,1,1,71015921,71015929,71015933,71015921,71015923,71015925,0,1,1,0,0,0,3.5,780,647,0.9997626844934906,1.0002373155065094
low,71016197,71016217,20,71016217,71016227,71016233,1,1,1,1,71016199,71016217,71016221,71016199,71016201,71016203,0,1,1,0,0,0,3.5,780,647,0.9997626844934906,1.0002373155065094
low,71016274,71016277,3,71016277,71016289,71016313,1,1,1,1,71016277,71016287,71016289,71016275,71016277,71016279,1,1,1,0,1,1,3.5,780,647,0.9997626844934906,1.0002373155065094
low,71016990,71016991,1,71016991,71017057,71017081,1,1,1,1,71016991,71016997,71017013,71016991,71016993,71016995,1,1,1,1,1,1,3.5,780,647,0.9997626844934906,1.0002373155065094
low,71017823,71017841,18,71017841,71017853,71017861,1,1,1,1,71017829,71017831,71017841,71017825,71017827,71017829,0,0,1,0,0,0,3.5,780,647,0.9997626844934906,1.0002373155065094
low,71018015,71018021,6,71018021,71018023,71018053,1,1,1,1,71018021,71018023,71018033,71018017,71018019,71018021,1,1,1,0,0,1,3.5,780,647,0.9997626844934906,1.0002373155065094
low,71018333,71018377,44,71018377,71018383,71018399,1,1,1,1,71018341,71018347,71018351,71018335,71018337,71018339,0,0,0,0,0,0,3.5,780,647,0.9997626844934906,1.0002373155065094
low,71019129,71019163,34,71019163,71019167,71019181,1,1,1,1,71019133,71019139,71019161,71019131,71019133,71019135,0,0,0,0,0,0,3.5,780,647,0.9997626844934906,1.0002373155065094
low,71019598,71019631,33,71019623,71019631,71019647,2,0,1,1,71019601,71019617,71019623,71019599,71019601,71019603,0,0,0,0,0,0,3.5,780,647,0.9997626844934906,1.0002373155065094
low,71019928,71019941,13,71019941,71019943,71019989,1,1,1,1,71019937,71019941,71019943,71019929,71019931,71019933,0,1,1,0,0,0,3.5,780,647,0.9997626844934906,1.0002373155065094
low,71020123,71020127,4,71020127,71020139,71020141,1,1,1,1,71020127,71020129,71020133,71020125,71020127,71020129,1,1,1,0,1,1,3.5,780,647,0.9997626844934906,1.0002373155065094
low,71020156,71020171,15,71020171,71020181,71020189,1,1,1,1,71020163,71020171,71020177,71020157,71020159,71020161,0,1,1,0,0,0,3.5,780,647,0.9997626844934906,1.0002373155065094
low,71020227,71020231,4,71020231,71020253,71020267,1,1,1,1,71020231,71020241,71020247,71020229,71020231,71020233,1,1,1,0,1,1,3.5,780,647,0.9997626844934906,1.0002373155065094
low,71020683,71020717,34,71020717,71020753,71020759,1,1,1,1,71020687,71020693,71020699,71020685,71020687,71020689,0,0,0,0,0,0,3.5,780,647,0.9997626844934906,1.0002373155065094
low,71021403,71021413,10,71021413,71021441,71021443,1,1,1,1,71021407,71021413,71021417,71021405,71021407,71021409,0,1,1,0,0,0,3.5,780,647,0.9997626844934906,1.0002373155065094
low,71022456,71022461,5,71022461,71022509,71022521,1,1,1,1,71022461,71022463,71022467,71022457,71022459,71022461,1,1,1,0,0,1,3.5,780,647,0.9997626844934906,1.0002373155065094
low,71022745,71022797,52,71022797,71022803,71022823,1,1,1,1,71022751,71022761,71022767,71022747,71022749,71022751,0,0,0,0,0,0,3.5,780,647,0.9997626844934906,1.0002373155065094
low,71022999,71023003,4,71023003,71023019,71023039,1,1,1,1,71023003,71023009,71023013,71023001,71023003,71023005,1,1,1,0,1,1,3.5,780,647,0.9997626844934906,1.0002373155065094
low,71023065,71023123,58,71023123,71023151,71023153,1,1,1,1,71023067,71023079,71023081,71023067,71023069,71023071,0,0,0,0,0,0,3.5,780,647,0.9997626844934906,1.0002373155065094
low,71023535,71023543,8,71023543,71023549,71023553,1,1,1,1,71023541,71023543,71023549,71023537,71023539,71023541,0,1,1,0,0,0,3.5,780,647,0.9997626844934906,1.0002373155065094
low,71023565,71023567,2,71023567,71023583,71023591,1,1,1,1,71023567,71023571,71023573,71023567,71023569,71023571,1,1,1,1,1,1,3.5,780,647,0.9997626844934906,1.0002373155065094
low,71023567,71023591,24,71023583,71023591,71023621,2,0,1,1,71023571,71023573,71023583,71023569,71023571,71023573,0,0,0,0,0,0,3.5,780,647,0.9997626844934906,1.0002373155065094
low,71023701,71023717,16,71023717,71023723,71023727,1,1,1,1,71023703,71023709,71023717,71023703,71023705,71023707,0,0,1,0,0,0,3.5,780,647,0.9997626844934906,1.0002373155065094
low,71023899,71023913,14,71023913,71023921,71023933,1,1,1,1,71023903,71023907,71023913,71023901,71023903,71023905,0,0,1,0,0,0,3.5,780,647,0.9997626844934906,1.0002373155065094
low,71023926,71023933,7,71023933,71023937,71023961,1,1,1,1,71023933,71023937,71023949,71023927,71023929,71023931,1,1,1,0,0,0,3.5,780,647,0.9997626844934906,1.0002373155065094
low,71023936,71023937,1,71023937,71023961,71023969,1,1,1,1,71023937,71023949,71023951,71023937,71023939,71023941,1,1,1,1,1,1,3.5,780,647,0.9997626844934906,1.0002373155065094
low,71024157,71024189,32,71024189,71024197,71024237,1,1,1,1,71024159,71024167,71024171,71024159,71024161,71024163,0,0,0,0,0,0,3.5,780,647,0.9997626844934906,1.0002373155065094
low,71024195,71024197,2,71024197,71024237,71024243,1,1,1,1,71024197,71024201,71024203,71024197,71024199,71024201,1,1,1,1,1,1,3.5,780,647,0.9997626844934906,1.0002373155065094
low,71024267,71024279,12,71024279,71024281,71024297,1,1,1,1,71024269,71024273,71024279,71024269,71024271,71024273,0,0,1,0,0,0,3.5,780,647,0.9997626844934906,1.0002373155065094
low,71024593,71024609,16,71024609,71024617,71024633,1,1,1,1,71024599,71024609,71024617,71024595,71024597,71024599,0,1,1,0,0,0,3.5,780,647,0.9997626844934906,1.0002373155065094
low,71024669,71024671,2,71024671,71024711,71024743,1,1,1,1,71024671,71024677,71024687,71024671,71024673,71024675,1,1,1,1,1,1,3.5,780,647,0.9997626844934906,1.0002373155065094
low,71025091,71025103,12,71025103,71025107,71025151,1,1,1,1,71025103,71025107,71025109,71025093,71025095,71025097,1,1,1,0,0,0,3.5,780,647,0.9997626844934906,1.0002373155065094
low,71025232,71025271,39,71025233,71025271,71025281,2,0,1,1,71025233,71025239,71025247,71025233,71025235,71025237,0,0,0,0,0,0,3.5,780,647,0.9997626844934906,1.0002373155065094
low,71025263,71025271,8,71025271,71025281,71025299,1,1,1,1,71025271,71025277,71025281,71025265,71025267,71025269,1,1,1,0,0,0,3.5,780,647,0.9997626844934906,1.0002373155065094
low,71025398,71025419,21,71025419,71025431,71025443,1,1,1,1,71025407,71025413,71025419,71025399,71025401,71025403,0,0,1,0,0,0,3.5,780,647,0.9997626844934906,1.0002373155065094
low,71025593,71025613,20,71025613,71025683,71025697,1,1,1,1,71025599,71025601,71025607,71025595,71025597,71025599,0,0,0,0,0,0,3.5,780,647,0.9997626844934906,1.0002373155065094
low,71025996,71026003,7,71026003,71026013,71026031,1,1,1,1,71026003,71026013,71026019,71025997,71025999,71026001,1,1,1,0,0,0,3.5,780,647,0.9997626844934906,1.0002373155065094
low,71026288,71026303,15,71026303,71026327,71026339,1,1,1,1,71026297,71026301,71026303,71026289,71026291,71026293,0,0,1,0,0,0,3.5,780,647,0.9997626844934906,1.0002373155065094
low,71026420,71026441,21,71026441,71026453,71026463,1,1,1,1,71026421,71026429,71026433,71026421,71026423,71026425,0,0,0,0,0,0,3.5,780,647,0.9997626844934906,1.0002373155065094
low,71026775,71026793,18,71026793,71026811,71026817,1,1,1,1,71026777,71026789,71026793,71026777,71026779,71026781,0,0,1,0,0,0,3.5,780,647,0.9997626844934906,1.0002373155065094
low,71027284,71027291,7,71027291,71027311,71027317,1,1,1,1,71027287,71027291,71027303,71027285,71027287,71027289,0,1,1,0,0,0,3.5,780,647,0.9997626844934906,1.0002373155065094
low,71027293,71027311,18,71027311,71027317,71027323,1,1,1,1,71027303,71027311,71027317,71027295,71027297,71027299,0,1,1,0,0,0,3.5,780,647,0.9997626844934906,1.0002373155065094
low,71027809,71027813,4,71027813,71027821,71027837,1,1,1,1,71027813,71027821,71027837,71027811,71027813,71027815,1,1,1,0,1,1,3.5,780,647,0.9997626844934906,1.0002373155065094
low,71027873,71027893,20,71027893,71027911,71027923,1,1,1,1,71027881,71027893,71027897,71027875,71027877,71027879,0,1,1,0,0,0,3.5,780,647,0.9997626844934906,1.0002373155065094
low,71028613,71028689,76,71028679,71028689,71028691,2,0,1,1,71028619,71028637,71028641,71028615,71028617,71028619,0,0,0,0,0,0,3.5,780,647,0.9997626844934906,1.0002373155065094
low,71028727,71028731,4,71028731,71028751,71028757,1,1,1,1,71028731,71028733,71028739,71028729,71028731,71028733,1,1,1,0,1,1,3.5,780,647,0.9997626844934906,1.0002373155065094
low,71028838,71028857,19,71028857,71028931,71028943,1,1,1,1,71028847,71028851,71028857,71028839,71028841,71028843,0,0,1,0,0,0,3.5,780,647,0.9997626844934906,1.0002373155065094
low,71028971,71028983,12,71028983,71028989,71029001,1,1,1,1,71028977,71028983,71028989,71028973,71028975,71028977,0,1,1,0,0,0,3.5,780,647,0.9997626844934906,1.0002373155065094
low,71029167,71029177,10,71029177,71029183,71029187,1,1,1,1,71029169,71029171,71029177,71029169,71029171,71029173,0,0,1,0,0,0,3.5,780,647,0.9997626844934906,1.0002373155065094
low,71029176,71029177,1,71029177,71029183,71029187,1,1,1,1,71029177,71029181,71029183,71029177,71029179,71029181,1,1,1,1,1,1,3.5,780,647,0.9997626844934906,1.0002373155065094
low,71029475,71029477,2,71029477,71029481,71029499,1,1,1,1,71029477,71029481,71029487,71029477,71029479,71029481,1,1,1,1,1,1,3.5,780,647,0.9997626844934906,1.0002373155065094
low,71029928,71029991,63,71029991,71029997,71030009,1,1,1,1,71029939,71029943,71029949,71029929,71029931,71029933,0,0,0,0,0,0,3.5,780,647,0.9997626844934906,1.0002373155065094
low,71030117,71030119,2,71030119,71030143,71030147,1,1,1,1,71030119,71030123,71030129,71030119,71030121,71030123,1,1,1,1,1,1,3.5,780,647,0.9997626844934906,1.0002373155065094
low,71030188,71030191,3,71030191,71030209,71030213,1,1,1,1,71030191,71030203,71030207,71030189,71030191,71030193,1,1,1,0,1,1,3.5,780,647,0.9997626844934906,1.0002373155065094
low,71030329,71030339,10,71030339,71030353,71030357,1,1,1,1,71030339,71030347,71030353,71030331,71030333,71030335,1,1,1,0,0,0,3.5,780,647,0.9997626844934906,1.0002373155065094
low,71030495,71030497,2,71030497,71030503,71030521,1,1,1,1,71030497,71030501,71030503,71030497,71030499,71030501,1,1,1,1,1,1,3.5,780,647,0.9997626844934906,1.0002373155065094
low,71031041,71031047,6,71031047,71031071,71031073,1,1,1,1,71031043,71031047,71031053,71031043,71031045,71031047,0,1,1,0,0,1,3.5,780,647,0.9997626844934906,1.0002373155065094
low,71031174,71031193,19,71031193,71031211,71031223,1,1,1,1,71031187,71031193,71031197,71031175,71031177,71031179,0,1,1,0,0,0,3.5,780,647,0.9997626844934906,1.0002373155065094
low,71031236,71031271,35,71031271,71031283,71031299,1,1,1,1,71031239,71031241,71031251,71031237,71031239,71031241,0,0,0,0,0,0,3.5,780,647,0.9997626844934906,1.0002373155065094
low,71031686,71031707,21,71031691,71031707,71031731,2,0,1,1,71031689,71031691,71031703,71031687,71031689,71031691,0,0,0,0,0,0,3.5,780,647,0.9997626844934906,1.0002373155065094
low,71031948,71031953,5,71031953,71031959,71032009,1,1,1,1,71031949,71031953,71031959,71031949,71031951,71031953,0,1,1,0,0,1,3.5,780,647,0.9997626844934906,1.0002373155065094
low,71032403,71032411,8,71032411,71032417,71032427,1,1,1,1,71032411,71032417,71032421,71032405,71032407,71032409,1,1,1,0,0,0,3.5,780,647,0.9997626844934906,1.0002373155065094
low,71032805,71032813,8,71032813,71032837,71032847,1,1,1,1,71032807,71032813,71032823,71032807,71032809,71032811,0,1,1,0,0,0,3.5,780,647,0.9997626844934906,1.0002373155065094
low,71032862,71032867,5,71032867,71032877,71032891,1,1,1,1,71032867,71032873,71032877,71032863,71032865,71032867,1,1,1,0,0,1,3.5,780,647,0.9997626844934906,1.0002373155065094
low,71033164,71033173,9,71033173,71033189,71033233,1,1,1,1,71033167,71033173,71033189,71033165,71033167,71033169,0,1,1,0,0,0,3.5,780,647,0.9997626844934906,1.0002373155065094
low,71033553,71033569,16,71033569,71033579,71033597,1,1,1,1,71033561,71033563,71033569,71033555,71033557,71033559,0,0,1,0,0,0,3.5,780,647,0.9997626844934906,1.0002373155065094
low,71034491,71034499,8,71034499,71034503,71034527,1,1,1,1,71034493,71034497,71034499,71034493,71034495,71034497,0,0,1,0,0,0,3.5,780,647,0.9997626844934906,1.0002373155065094
low,71034963,71034967,4,71034967,71034989,71035009,1,1,1,1,71034967,71034973,71034979,71034965,71034967,71034969,1,1,1,0,1,1,3.5,780,647,0.9997626844934906,1.0002373155065094
low,71035007,71035009,2,71035009,71035021,71035031,1,1,1,1,71035009,71035021,71035031,71035009,71035011,71035013,1,1,1,1,1,1,3.5,780,647,0.9997626844934906,1.0002373155065094
low,71036606,71036617,11,71036617,71036621,71036639,1,1,1,1,71036617,71036621,71036629,71036607,71036609,71036611,1,1,1,0,0,0,3.5,780,647,0.9997626844934906,1.0002373155065094
low,71036782,71036783,1,71036783,71036803,71036809,1,1,1,1,71036783,71036789,71036803,71036783,71036785,71036787,1,1,1,1,1,1,3.5,780,647,0.9997626844934906,1.0002373155065094
low,71037119,71037139,20,71037139,71037149,71037157,1,1,1,1,71037121,71037137,71037139,71037121,71037123,71037125,0,0,1,0,0,0,3.5,780,647,0.9997626844934906,1.0002373155065094
low,71037121,71037139,18,71037139,71037149,71037157,1,1,1,1,71037137,71037139,71037149,71037123,71037125,71037127,0,1,1,0,0,0,3.5,780,647,0.9997626844934906,1.0002373155065094
low,71037895,71037929,34,71037899,71037929,71037937,2,0,1,1,71037899,71037913,71037919,71037897,71037899,71037901,0,0,0,0,0,0,3.5,780,647,0.9997626844934906,1.0002373155065094
low,71037936,71037937,1,71037937,71037973,71037991,1,1,1,1,71037937,71037943,71037947,71037937,71037939,71037941,1,1,1,1,1,1,3.5,780,647,0.9997626844934906,1.0002373155065094
low,71038103,71038111,8,71038111,71038129,71038159,1,1,1,1,71038109,71038111,71038117,71038105,71038107,71038109,0,1,1,0,0,0,3.5,780,647,0.9997626844934906,1.0002373155065094
low,71038640,71038703,63,71038673,71038703,71038727,2,0,1,1,71038657,71038673,71038679,71038641,71038643,71038645,0,0,0,0,0,0,3.5,780,647,0.9997626844934906,1.0002373155065094
low,71038907,71038909,2,71038909,71038939,71038963,1,1,1,1,71038909,71038921,71038931,71038909,71038911,71038913,1,1,1,1,1,1,3.5,780,647,0.9997626844934906,1.0002373155065094
low,71039287,71039303,16,71039291,71039303,71039317,2,0,1,1,71039291,71039303,71039317,71039289,71039291,71039293,0,1,1,0,0,0,3.5,780,647,0.9997626844934906,1.0002373155065094
low,71039515,71039539,24,71039539,71039561,71039587,1,1,1,1,71039519,71039533,71039539,71039517,71039519,71039521,0,0,1,0,0,0,3.5,780,647,0.9997626844934906,1.0002373155065094
low,71039791,71039797,6,71039797,71039809,71039819,1,1,1,1,71039797,71039807,71039809,71039793,71039795,71039797,1,1,1,0,0,1,3.5,780,647,0.9997626844934906,1.0002373155065094
low,71040136,71040143,7,71040143,71040187,71040217,1,1,1,1,71040139,71040143,71040149,71040137,71040139,71040141,0,1,1,0,0,0,3.5,780,647,0.9997626844934906,1.0002373155065094
low,71040188,71040217,29,71040217,71040223,71040239,1,1,1,1,71040191,71040197,71040199,71040189,71040191,71040193,0,0,0,0,0,0,3.5,780,647,0.9997626844934906,1.0002373155065094
low,71041731,71041753,22,71041753,71041799,71041843,1,1,1,1,71041739,71041753,71041757,71041733,71041735,71041737,0,1,1,0,0,0,3.5,780,647,0.9997626844934906,1.0002373155065094
low,71041854,71041879,25,71041879,71041907,71041939,1,1,1,1,71041877,71041879,71041889,71041855,71041857,71041859,0,1,1,0,0,0,3.5,780,647,0.9997626844934906,1.0002373155065094
low,71041857,71041879,22,71041879,71041907,71041939,1,1,1,1,71041877,71041879,71041889,71041859,71041861,71041863,0,1,1,0,0,0,3.5,780,647,0.9997626844934906,1.0002373155065094
low,71042297,71042353,56,71042341,71042353,71042357,2,0,1,1,71042299,71042317,71042327,71042299,71042301,71042303,0,0,0,0,0,0,3.5,780,647,0.9997626844934906,1.0002373155065094
low,71042308,71042353,45,71042341,71042353,71042357,2,0,1,1,71042317,71042327,71042329,71042309,71042311,71042313,0,0,0,0,0,0,3.5,780,647,0.9997626844934906,1.0002373155065094
low,71042602,71042611,9,71042611,71042617,71042689,1,1,1,1,71042603,71042611,71042617,71042603,71042605,71042607,0,1,1,0,0,0,3.5,780,647,0.9997626844934906,1.0002373155065094
low,71042772,71042827,55,71042819,71042827,71042879,2,0,1,1,71042773,71042789,71042801,71042773,71042775,71042777,0,0,0,0,0,0,3.5,780,647,0.9997626844934906,1.0002373155065094
low,71042965,71042977,12,71042977,71043013,71043019,1,1,1,1,71042969,71042971,71042977,71042967,71042969,71042971,0,0,1,0,0,0,3.5,780,647,0.9997626844934906,1.0002373155065094
low,71043246,71043319,73,71043319,71043347,71043361,1,1,1,1,71043253,71043257,71043263,71043247,71043249,71043251,0,0,0,0,0,0,3.5,780,647,0.9997626844934906,1.0002373155065094
low,71043743,71043769,26,71043761,71043769,71043773,2,0,1,1,71043751,71043761,71043767,71043745,71043747,71043749,0,0,0,0,0,0,3.5,780,647,0.9997626844934906,1.0002373155065094
low,71043886,71043893,7,71043893,71043937,71043977,1,1,1,1,71043887,71043893,71043899,71043887,71043889,71043891,0,1,1,0,0,0,3.5,780,647,0.9997626844934906,1.0002373155065094
low,71044171,71044177,6,71044177,71044231,71044261,1,1,1,1,71044177,71044187,71044189,71044173,71044175,71044177,1,1,1,0,0,1,3.5,780,647,0.9997626844934906,1.0002373155065094
low,71045013,71045033,20,71045033,71045063,71045071,1,1,1,1,71045017,71045021,71045027,71045015,71045017,71045019,0,0,0,0,0,0,3.5,780,647,0.9997626844934906,1.0002373155065094
low,71045543,71045549,6,71045549,71045573,71045591,1,1,1,1,71045549,71045561,71045573,71045545,71045547,71045549,1,1,1,0,0,1,3.5,780,647,0.9997626844934906,1.0002373155065094
low,71045883,71045899,16,71045899,71045903,71045927,1,1,1,1,71045893,71045899,71045903,71045885,71045887,71045889,0,1,1,0,0,0,3.5,780,647,0.9997626844934906,1.0002373155065094
low,71046255,71046271,16,71046271,71046289,71046293,1,1,1,1,71046257,71046271,71046277,71046257,71046259,71046261,0,1,1,0,0,0,3.5,780,647,0.9997626844934906,1.0002373155065094
low,71046466,71046473,7,71046473,71046487,71046499,1,1,1,1,71046467,71046473,71046487,71046467,71046469,71046471,0,1,1,0,0,0,3.5,780,647,0.9997626844934906,1.0002373155065094
low,71046684,71046691,7,71046691,71046709,71046713,1,1,1,1,71046691,71046697,71046707,71046685,71046687,71046689,1,1,1,0,0,0,3.5,780,647,0.9997626844934906,1.0002373155065094
low,71046766,71046779,13,71046779,71046799,71046821,1,1,1,1,71046769,71046779,71046797,71046767,71046769,71046771,0,1,1,0,0,0,3.5,780,647,0.9997626844934906,1.0002373155065094
low,71046990,71047003,13,71047003,71047007,71047019,1,1,1,1,71046991,71047001,71047003,71046991,71046993,71046995,0,0,1,0,0,0,3.5,780,647,0.9997626844934906,1.0002373155065094
low,71047398,71047411,13,71047411,71047429,71047439,1,1,1,1,71047399,71047409,71047411,71047399,71047401,71047403,0,0,1,0,0,0,3.5,780,647,0.9997626844934906,1.0002373155065094
low,71047402,71047411,9,71047411,71047429,71047439,1,1,1,1,71047409,71047411,71047421,71047403,71047405,71047407,0,1,1,0,0,0,3.5,780,647,0.9997626844934906,1.0002373155065094
low,71047457,71047489,32,71047489,71047513,71047531,1,1,1,1,71047463,71047469,71047481,71047459,71047461,71047463,0,0,0,0,0,0,3.5,780,647,0.9997626844934906,1.0002373155065094
low,71048032,71048051,19,71048041,71048051,71048069,2,0,1,1,71048039,71048041,71048051,71048033,71048035,71048037,0,0,1,0,0,0,3.5,780,647,0.9997626844934906,1.0002373155065094
low,71048229,71048233,4,71048233,71048269,71048273,1,1,1,1,71048233,71048249,71048251,71048231,71048233,71048235,1,1,1,0,1,1,3.5,780,647,0.9997626844934906,1.0002373155065094
low,71048512,71048533,21,71048533,71048557,71048563,1,1,1,1,71048513,71048519,71048531,71048513,71048515,71048517,0,0,0,0,0,0,3.5,780,647,0.9997626844934906,1.0002373155065094
low,71048716,71048723,7,71048723,71048737,71048741,1,1,1,1,71048717,71048723,71048737,71048717,71048719,71048721,0,1,1,0,0,0,3.5,780,647,0.9997626844934906,1.0002373155065094
low,71048874,71048881,7,71048881,71048891,71048951,1,1,1,1,71048881,71048891,71048893,71048875,71048877,71048879,1,1,1,0,0,0,3.5,780,647,0.9997626844934906,1.0002373155065094
low,71049117,71049127,10,71049127,71049133,71049149,1,1,1,1,71049119,71049127,71049131,71049119,71049121,71049123,0,1,1,0,0,0,3.5,780,647,0.9997626844934906,1.0002373155065094
low,71049213,71049229,16,71049229,71049257,71049259,1,1,1,1,71049221,71049229,71049233,71049215,71049217,71049219,0,1,1,0,0,0,3.5,780,647,0.9997626844934906,1.0002373155065094
low,71049312,71049313,1,71049313,71049337,71049353,1,1,1,1,71049313,71049317,71049331,71049313,71049315,71049317,1,1,1,1,1,1,3.5,780,647,0.9997626844934906,1.0002373155065094
low,71049631,71049637,6,71049637,71049653,71049661,1,1,1,1,71049637,71049653,71049659,71049633,71049635,71049637,1,1,1,0,0,1,3.5,780,647,0.9997626844934906,1.0002373155065094
low,71049902,71049917,15,71049917,71049929,71049941,1,1,1,1,71049907,71049917,71049929,71049903,71049905,71049907,0,1,1,0,0,0,3.5,780,647,0.9997626844934906,1.0002373155065094
low,71050230,71050237,7,71050237,71050271,71050279,1,1,1,1,71050237,71050241,71050247,71050231,71050233,71050235,1,1,1,0,0,0,3.5,780,647,0.9997626844934906,1.0002373155065094
low,71050403,71050409,6,71050409,71050411,71050433,1,1,1,1,71050409,71050411,71050417,71050405,71050407,71050409,1,1,1,0,0,1,3.5,780,647,0.9997626844934906,1.0002373155065094
low,71051127,71051129,2,71051129,71051173,71051207,1,1,1,1,71051129,71051137,71051147,71051129,71051131,71051133,1,1,1,1,1,1,3.5,780,647,0.9997626844934906,1.0002373155065094
low,71051818,71051833,15,71051833,71051843,71051873,1,1,1,1,71051819,71051821,71051831,71051819,71051821,71051823,0,0,0,0,0,0,3.5,780,647,0.9997626844934906,1.0002373155065094
low,71051921,71051927,6,71051923,71051927,71051933,2,0,1,1,71051923,71051927,71051933,71051923,71051925,71051927,0,1,1,0,0,1,3.5,780,647,0.9997626844934906,1.0002373155065094
low,71052286,71052307,21,71052307,71052329,71052337,1,1,1,1,71052287,71052301,71052307,71052287,71052289,71052291,0,0,1,0,0,0,3.5,780,647,0.9997626844934906,1.0002373155065094
low,71052656,71052671,15,71052671,71052703,71052719,1,1,1,1,71052659,71052661,71052671,71052657,71052659,71052661,0,0,1,0,0,0,3.5,780,647,0.9997626844934906,1.0002373155065094
low,71052712,71052719,7,71052719,71052733,71052749,1,1,1,1,71052713,71052719,71052721,71052713,71052715,71052717,0,1,1,0,0,0,3.5,780,647,0.9997626844934906,1.0002373155065094
low,71052944,71052973,29,71052973,71052991,71052997,1,1,1,1,71052953,71052959,71052967,71052945,71052947,71052949,0,0,0,0,0,0,3.5,780,647,0.9997626844934906,1.0002373155065094
low,71053413,71053439,26,71053439,71053447,71053537,1,1,1,1,71053427,71053429,71053439,71053415,71053417,71053419,0,0,1,0,0,0,3.5,780,647,0.9997626844934906,1.0002373155065094
low,71053576,71053589,13,71053589,71053621,71053637,1,1,1,1,71053579,71053583,71053589,71053577,71053579,71053581,0,0,1,0,0,0,3.5,780,647,0.9997626844934906,1.0002373155065094
low,71054150,71054161,11,71054161,71054219,71054227,1,1,1,1,71054161,71054171,71054173,71054151,71054153,71054155,1,1,1,0,0,0,3.5,780,647,0.9997626844934906,1.0002373155065094
low,71054189,71054219,30,71054219,71054227,71054233,1,1,1,1,71054197,71054201,71054209,71054191,71054193,71054195,0,0,0,0,0,0,3.5,780,647,0.9997626844934906,1.0002373155065094
low,71054277,71054297,20,71054297,71054299,71054309,1,1,1,1,71054279,71054287,71054293,71054279,71054281,71054283,0,0,0,0,0,0,3.5,780,647,0.9997626844934906,1.0002373155065094
low,71054342,71054359,17,71054359,71054369,71054377,1,1,1,1,71054351,71054353,71054359,71054343,71054345,71054347,0,0,1,0,0,0,3.5,780,647,0.9997626844934906,1.0002373155065094
low,71055097,71055113,16,71055107,71055113,71055143,2,0,1,1,71055107,71055109,71055113,71055099,71055101,71055103,0,0,1,0,0,0,3.5,780,647,0.9997626844934906,1.0002373155065094
low,71055117,71055143,26,71055143,71055151,71055157,1,1,1,1,71055137,71055139,71055143,71055119,71055121,71055123,0,0,1,0,0,0,3.5,780,647,0.9997626844934906,1.0002373155065094
low,71055305,71055311,6,71055311,71055323,71055329,1,1,1,1,71055311,71055317,71055319,71055307,71055309,71055311,1,1,1,0,0,1,3.5,780,647,0.9997626844934906,1.0002373155065094
low,71055534,71055541,7,71055541,71055547,71055557,1,1,1,1,71055541,71055547,71055553,71055535,71055537,71055539,1,1,1,0,0,0,3.5,780,647,0.9997626844934906,1.0002373155065094
low,71055781,71055797,16,71055797,71055821,71055833,1,1,1,1,71055791,71055793,71055797,71055783,71055785,71055787,0,0,1,0,0,0,3.5,780,647,0.9997626844934906,1.0002373155065094
low,71056048,71056049,1,71056049,71056079,71056091,1,1,1,1,71056049,71056057,71056079,71056049,71056051,71056053,1,1,1,1,1,1,3.5,780,647,0.9997626844934906,1.0002373155065094
low,71056689,71056691,2,71056691,71056697,71056703,1,1,1,1,71056691,71056693,71056697,71056691,71056693,71056695,1,1,1,1,1,1,3.5,780,647,0.9997626844934906,1.0002373155065094
low,71056884,71056891,7,71056891,71056901,71056907,1,1,1,1,71056891,71056897,71056901,71056885,71056887,71056889,1,1,1,0,0,0,3.5,780,647,0.9997626844934906,1.0002373155065094
low,71056945,71056949,4,71056949,71056961,71056963,1,1,1,1,71056949,71056961,71056963,71056947,71056949,71056951,1,1,1,0,1,1,3.5,780,647,0.9997626844934906,1.0002373155065094
low,71057205,71057219,14,71057219,71057249,71057257,1,1,1,1,71057209,71057213,71057219,71057207,71057209,71057211,0,0,1,0,0,0,3.5,780,647,0.9997626844934906,1.0002373155065094
low,71057358,71057369,11,71057369,71057377,71057401,1,1,1,1,71057369,71057377,71057381,71057359,71057361,71057363,1,1,1,0,0,0,3.5,780,647,0.9997626844934906,1.0002373155065094
low,71057362,71057369,7,71057369,71057377,71057401,1,1,1,1,71057369,71057377,71057381,71057363,71057365,71057367,1,1,1,0,0,0,3.5,780,647,0.9997626844934906,1.0002373155065094
low,71057426,71057449,23,71057431,71057449,71057477,2,0,1,1,71057429,71057431,71057443,71057427,71057429,71057431,0,0,0,0,0,0,3.5,780,647,0.9997626844934906,1.0002373155065094
low,71057470,71057477,7,71057477,71057491,71057507,1,1,1,1,71057471,71057477,71057479,71057471,71057473,71057475,0,1,1,0,0,0,3.5,780,647,0.9997626844934906,1.0002373155065094
low,71057555,71057563,8,71057563,71057579,71057593,1,1,1,1,71057561,71057563,71057573,71057557,71057559,71057561,0,1,1,0,0,0,3.5,780,647,0.9997626844934906,1.0002373155065094
low,71057637,71057639,2,71057639,71057647,71057681,1,1,1,1,71057639,71057641,71057647,71057639,71057641,71057643,1,1,1,1,1,1,3.5,780,647,0.9997626844934906,1.0002373155065094
low,71057707,71057713,6,71057713,71057717,71057719,1,1,1,1,71057711,71057713,71057717,71057709,71057711,71057713,0,1,1,0,0,1,3.5,780,647,0.9997626844934906,1.0002373155065094
low,71057979,71058023,44,71058023,71058041,71058047,1,1,1,1,71057981,71057983,71057989,71057981,71057983,71057985,0,0,0,0,0,0,3.5,780,647,0.9997626844934906,1.0002373155065094
low,71058255,71058263,8,71058263,71058269,71058287,1,1,1,1,71058257,71058259,71058263,71058257,71058259,71058261,0,0,1,0,0,0,3.5,780,647,0.9997626844934906,1.0002373155065094
low,71058315,71058343,28,71058341,71058343,71058349,2,0,1,1,71058319,71058329,71058331,71058317,71058319,71058321,0,0,0,0,0,0,3.5,780,647,0.9997626844934906,1.0002373155065094
low,71058575,71058577,2,71058577,71058583,71058587,1,1,1,1,71058577,71058583,71058587,71058577,71058579,71058581,1,1,1,1,1,1,3.5,780,647,0.9997626844934906,1.0002373155065094
low,71058776,71058791,15,71058791,71058797,71058811,1,1,1,1,71058781,71058791,71058797,71058777,71058779,71058781,0,1,1,0,0,0,3.5,780,647,0.9997626844934906,1.0002373155065094
low,71059073,71059081,8,71059081,71059117,71059123,1,1,1,1,71059081,71059091,71059097,71059075,71059077,71059079,1,1,1,0,0,0,3.5,780,647,0.9997626844934906,1.0002373155065094
low,71059079,71059081,2,71059081,71059117,71059123,1,1,1,1,71059081,71059091,71059097,71059081,71059083,71059085,1,1,1,1,1,1,3.5,780,647,0.9997626844934906,1.0002373155065094
low,71059161,71059169,8,71059169,71059199,71059207,1,1,1,1,71059169,71059171,71059181,71059163,71059165,71059167,1,1,1,0,0,0,3.5,780,647,0.9997626844934906,1.0002373155065094
low,71059172,71059199,27,71059199,71059207,71059211,1,1,1,1,71059181,71059187,71059189,71059173,71059175,71059177,0,0,0,0,0,0,3.5,780,647,0.9997626844934906,1.0002373155065094
low,71059567,71059579,12,71059579,71059603,71059621,1,1,1,1,71059577,71059579,71059589,71059569,71059571,71059573,0,1,1,0,0,0,3.5,780,647,0.9997626844934906,1.0002373155065094
low,71059854,71059871,17,71059871,71059873,71059913,1,1,1,1,71059861,71059871,71059873,71059855,71059857,71059859,0,1,1,0,0,0,3.5,780,647,0.9997626844934906,1.0002373155065094
low,71060255,71060273,18,71060273,71060281,71060291,1,1,1,1,71060257,71060261,71060263,71060257,71060259,71060261,0,0,0,0,0,0,3.5,780,647,0.9997626844934906,1.0002373155065094
low,71060475,71060497,22,71060497,71060531,71060567,1,1,1,1,71060477,71060489,71060491,71060477,71060479,71060481,0,0,0,0,0,0,3.5,780,647,0.9997626844934906,1.0002373155065094
low,71061069,71061079,10,71061073,71061079,71061091,2,0,1,1,71061073,71061077,71061079,71061071,71061073,71061075,0,0,1,0,0,0,3.5,780,647,0.9997626844934906,1.0002373155065094
low,71061731,71061769,38,71061769,71061773,71061779,1,1,1,1,71061733,71061737,71061761,71061733,71061735,71061737,0,0,0,0,0,0,3.5,780,647,0.9997626844934906,1.0002373155065094
low,71061995,71062039,44,71062039,71062051,71062063,1,1,1,1,71061997,71062001,71062003,71061997,71061999,71062001,0,0,0,0,0,0,3.5,780,647,0.9997626844934906,1.0002373155065094
low,71062061,71062063,2,71062063,71062067,71062087,1,1,1,1,71062063,71062067,71062073,71062063,71062065,71062067,1,1,1,1,1,1,3.5,780,647,0.9997626844934906,1.0002373155065094
low,71062104,71062141,37,71062141,71062153,71062181,1,1,1,1,71062127,71062129,71062133,71062105,71062107,71062109,0,0,0,0,0,0,3.5,780,647,0.9997626844934906,1.0002373155065094
low,71062271,71062279,8,71062279,71062283,71062309,1,1,1,1,71062273,71062279,71062283,71062273,71062275,71062277,0,1,1,0,0,0,3.5,780,647,0.9997626844934906,1.0002373155065094
low,71062278,71062279,1,71062279,71062283,71062309,1,1,1,1,71062279,71062283,71062289,71062279,71062281,71062283,1,1,1,1,1,1,3.5,780,647,0.9997626844934906,1.0002373155065094
low,71062359,71062379,20,71062379,71062393,71062399,1,1,1,1,71062361,71062367,71062373,71062361,71062363,71062365,0,0,0,0,0,0,3.5,780,647,0.9997626844934906,1.0002373155065094
low,71062379,71062393,14,71062393,71062399,71062403,1,1,1,1,71062391,71062393,71062399,71062381,71062383,71062385,0,1,1,0,0,0,3.5,780,647,0.9997626844934906,1.0002373155065094
low,71062590,71062619,29,71062619,71062627,71062631,1,1,1,1,71062591,71062597,71062609,71062591,71062593,71062595,0,0,0,0,0,0,3.5,780,647,0.9997626844934906,1.0002373155065094
low,71063962,71063969,7,71063969,71063977,71063983,1,1,1,1,71063963,71063969,71063977,71063963,71063965,71063967,0,1,1,0,0,0,3.5,780,647,0.9997626844934906,1.0002373155065094
low,71064088,71064107,19,71064107,71064127,71064173,1,1,1,1,71064101,71064107,71064109,71064089,71064091,71064093,0,1,1,0,0,0,3.5,780,647,0.9997626844934906,1.0002373155065094
low,71064496,71064547,51,71064547,71064557,71064569,1,1,1,1,71064509,71064517,71064523,71064497,71064499,71064501,0,0,0,0,0,0,3.5,780,647,0.9997626844934906,1.0002373155065094
low,71064577,71064613,36,71064613,71064647,71064649,1,1,1,1,71064583,71064589,71064593,71064579,71064581,71064583,0,0,0,0,0,0,3.5,780,647,0.9997626844934906,1.0002373155065094
low,71064585,71064613,28,71064613,71064647,71064649,1,1,1,1,71064589,71064593,71064599,71064587,71064589,71064591,0,0,0,0,0,0,3.5,780,647,0.9997626844934906,1.0002373155065094
low,71065231,71065289,58,71065289,71065297,71065373,1,1,1,1,71065237,71065243,71065249,71065233,71065235,71065237,0,0,0,0,0,0,3.5,780,647,0.9997626844934906,1.0002373155065094
low,71066025,71066041,16,71066041,71066077,71066081,1,1,1,1,71066027,71066029,71066033,71066027,71066029,71066031,0,0,0,0,0,0,3.5,780,647,0.9997626844934906,1.0002373155065094
low,71066073,71066077,4,71066077,71066081,71066087,1,1,1,1,71066077,71066081,71066087,71066075,71066077,71066079,1,1,1,0,1,1,3.5,780,647,0.9997626844934906,1.0002373155065094
low,71066124,71066129,5,71066129,71066141,71066173,1,1,1,1,71066129,71066131,71066141,71066125,71066127,71066129,1,1,1,0,0,1,3.5,780,647,0.9997626844934906,1.0002373155065094
low,71066545,71066557,12,71066557,71066599,71066609,1,1,1,1,71066549,71066551,71066557,71066547,71066549,71066551,0,0,1,0,0,0,3.5,780,647,0.9997626844934906,1.0002373155065094
low,71066969,71066993,24,71066993,71066999,71067001,1,1,1,1,71066971,71066977,71066981,71066971,71066973,71066975,0,0,0,0,0,0,3.5,780,647,0.9997626844934906,1.0002373155065094
low,71067656,71067709,53,71067709,71067727,71067739,1,1,1,1,71067671,71067673,71067679,71067657,71067659,71067661,0,0,0,0,0,0,3.5,780,647,0.9997626844934906,1.0002373155065094
low,71067750,71067751,1,71067751,71067757,71067761,1,1,1,1,71067751,71067757,71067761,71067751,71067753,71067755,1,1,1,1,1,1,3.5,780,647,0.9997626844934906,1.0002373155065094
low,71067839,71067851,12,71067851,71067877,71067929,1,1,1,1,71067851,71067853,71067859,71067841,71067843,71067845,1,1,1,0,0,0,3.5,780,647,0.9997626844934906,1.0002373155065094
low,71067951,71067967,16,71067967,71067979,71068001,1,1,1,1,71067959,71067967,71067977,71067953,71067955,71067957,0,1,1,0,0,0,3.5,780,647,0.9997626844934906,1.0002373155065094
low,71068197,71068237,40,71068219,71068237,71068243,2,0,1,1,71068199,71068201,71068213,71068199,71068201,71068203,0,0,0,0,0,0,3.5,780,647,0.9997626844934906,1.0002373155065094
low,71068307,71068363,56,71068363,71068411,71068427,1,1,1,1,71068331,71068337,71068339,71068309,71068311,71068313,0,0,0,0,0,0,3.5,780,647,0.9997626844934906,1.0002373155065094
low,71068484,71068499,15,71068499,71068507,71068511,1,1,1,1,71068489,71068499,71068507,71068485,71068487,71068489,0,1,1,0,0,0,3.5,780,647,0.9997626844934906,1.0002373155065094
low,71068686,71068691,5,71068691,71068727,71068729,1,1,1,1,71068691,71068693,71068703,71068687,71068689,71068691,1,1,1,0,0,1,3.5,780,647,0.9997626844934906,1.0002373155065094
low,71069113,71069189,76,71069189,71069191,71069233,1,1,1,1,71069123,71069137,71069143,71069115,71069117,71069119,0,0,0,0,0,0,3.5,780,647,0.9997626844934906,1.0002373155065094
low,71069183,71069189,6,71069189,71069191,71069233,1,1,1,1,71069189,71069191,71069203,71069185,71069187,71069189,1,1,1,0,0,1,3.5,780,647,0.9997626844934906,1.0002373155065094
low,71069340,71069351,11,71069351,71069353,71069363,1,1,1,1,71069347,71069351,71069353,71069341,71069343,71069345,0,1,1,0,0,0,3.5,780,647,0.9997626844934906,1.0002373155065094
low,71069342,71069351,9,71069351,71069353,71069363,1,1,1,1,71069347,71069351,71069353,71069343,71069345,71069347,0,1,1,0,0,0,3.5,780,647,0.9997626844934906,1.0002373155065094
low,71069486,71069491,5,71069491,71069501,71069521,1,1,1,1,71069489,71069491,71069497,71069487,71069489,71069491,0,1,1,0,0,1,3.5,780,647,0.9997626844934906,1.0002373155065094
low,71069535,71069539,4,71069539,71069543,71069549,1,1,1,1,71069539,71069543,71069549,71069537,71069539,71069541,1,1,1,0,1,1,3.5,780,647,0.9997626844934906,1.0002373155065094
low,71069570,71069587,17,71069587,71069591,71069597,1,1,1,1,71069573,71069587,71069591,71069571,71069573,71069575,0,1,1,0,0,0,3.5,780,647,0.9997626844934906,1.0002373155065094
low,71069733,71069759,26,71069759,71069771,71069797,1,1,1,1,71069737,71069743,71069753,71069735,71069737,71069739,0,0,0,0,0,0,3.5,780,647,0.9997626844934906,1.0002373155065094
low,71069807,71069813,6,71069813,71069821,71069827,1,1,1,1,71069813,71069819,71069821,71069809,71069811,71069813,1,1,1,0,0,1,3.5,780,647,0.9997626844934906,1.0002373155065094
low,71070229,71070247,18,71070247,71070269,71070277,1,1,1,1,71070239,71070247,71070257,71070231,71070233,71070235,0,1,1,0,0,0,3.5,780,647,0.9997626844934906,1.0002373155065094
low,71070265,71070269,4,71070269,71070277,71070281,1,1,1,1,71070269,71070277,71070281,71070267,71070269,71070271,1,1,1,0,1,1,3.5,780,647,0.9997626844934906,1.0002373155065094
low,71070622,71070641,19,71070641,71070679,71070707,1,1,1,1,71070631,71070641,71070647,71070623,71070625,71070627,0,1,1,0,0,0,3.5,780,647,0.9997626844934906,1.0002373155065094
low,71070773,71070781,8,71070781,71070803,71070809,1,1,1,1,71070781,71070787,71070799,71070775,71070777,71070779,1,1,1,0,0,0,3.5,780,647,0.9997626844934906,1.0002373155065094
low,71070861,71070877,16,71070877,71070889,71070893,1,1,1,1,71070869,71070871,71070877,71070863,71070865,71070867,0,0,1,0,0,0,3.5,780,647,0.9997626844934906,1.0002373155065094
low,71070932,71070949,17,71070949,71070953,71070971,1,1,1,1,71070941,71070947,71070949,71070933,71070935,71070937,0,0,1,0,0,0,3.5,780,647,0.9997626844934906,1.0002373155065094
low,71071113,71071123,10,71071123,71071129,71071159,1,1,1,1,71071123,71071129,71071139,71071115,71071117,71071119,1,1,1,0,0,0,3.5,780,647,0.9997626844934906,1.0002373155065094
low,71071395,71071397,2,71071397,71071439,71071447,1,1,1,1,71071397,71071409,71071411,71071397,71071399,71071401,1,1,1,1,1,1,3.5,780,647,0.9997626844934906,1.0002373155065094
low,71071398,71071439,41,71071439,71071447,71071453,1,1,1,1,71071409,71071411,71071417,71071399,71071401,71071403,0,0,0,0,0,0,3.5,780,647,0.9997626844934906,1.0002373155065094
low,71071469,71071501,32,71071501,71071513,71071531,1,1,1,1,71071471,71071477,71071487,71071471,71071473,71071475,0,0,0,0,0,0,3.5,780,647,0.9997626844934906,1.0002373155065094
low,71071922,71071927,5,71071927,71071937,71071963,1,1,1,1,71071927,71071933,71071937,71071923,71071925,71071927,1,1,1,0,0,1,3.5,780,647,0.9997626844934906,1.0002373155065094
low,71071931,71071937,6,71071937,71071963,71071967,1,1,1,1,71071933,71071937,71071939,71071933,71071935,71071937,0,1,1,0,0,1,3.5,780,647,0.9997626844934906,1.0002373155065094
low,71072031,71072041,10,71072041,71072051,71072081,1,1,1,1,71072033,71072039,71072041,71072033,71072035,71072037,0,0,1,0,0,0,3.5,780,647,0.9997626844934906,1.0002373155065094
low,71072275,71072279,4,71072279,71072317,71072321,1,1,1,1,71072279,71072297,71072299,71072277,71072279,71072281,1,1,1,0,1,1,3.5,780,647,0.9997626844934906,1.0002373155065094
low,71072277,71072279,2,71072279,71072317,71072321,1,1,1,1,71072279,71072297,71072299,71072279,71072281,71072283,1,1,1,1,1,1,3.5,780,647,0.9997626844934906,1.0002373155065094
low,71072458,71072467,9,71072467,71072471,71072473,1,1,1,1,71072459,71072467,71072471,71072459,71072461,71072463,0,1,1,0,0,0,3.5,780,647,0.9997626844934906,1.0002373155065094
low,71072531,71072537,6,71072537,71072543,71072549,1,1,1,1,71072537,71072539,71072543,71072533,71072535,71072537,1,1,1,0,0,1,3.5,780,647,0.9997626844934906,1.0002373155065094
low,71072972,71073001,29,71073001,71073007,71073017,1,1,1,1,71072983,71072987,71072993,71072973,71072975,71072977,0,0,0,0,0,0,3.5,780,647,0.9997626844934906,1.0002373155065094
low,71073370,71073389,19,71073389,71073407,71073419,1,1,1,1,71073371,71073377,71073383,71073371,71073373,71073375,0,0,0,0,0,0,3.5,780,647,0.9997626844934906,1.0002373155065094
low,71073533,71073631,98,71073631,71073643,71073671,1,1,1,1,71073539,71073551,71073553,71073535,71073537,71073539,0,0,0,0,0,0,3.5,780,647,0.9997626844934906,1.0002373155065094
low,71073574,71073631,57,71073631,71073643,71073671,1,1,1,1,71073581,71073589,71073593,71073575,71073577,71073579,0,0,0,0,0,0,3.5,780,647,0.9997626844934906,1.0002373155065094
low,71073876,71073881,5,71073881,71073907,71073931,1,1,1,1,71073881,71073883,71073901,71073877,71073879,71073881,1,1,1,0,0,1,3.5,780,647,0.9997626844934906,1.0002373155065094
low,71074047,71074051,4,71074049,71074051,71074061,2,0,1,1,71074049,71074051,71074057,71074049,71074051,71074053,0,1,1,0,1,1,3.5,780,647,0.9997626844934906,1.0002373155065094
low,71074197,71074259,62,71074259,71074271,71074319,1,1,1,1,71074207,71074217,71074219,71074199,71074201,71074203,0,0,0,0,0,0,3.5,780,647,0.9997626844934906,1.0002373155065094
low,71074302,71074319,17,71074319,71074343,71074349,1,1,1,1,71074303,71074309,71074313,71074303,71074305,71074307,0,0,0,0,0,0,3.5,780,647,0.9997626844934906,1.0002373155065094
low,71074522,71074529,7,71074529,71074543,71074559,1,1,1,1,71074529,71074537,71074541,71074523,71074525,71074527,1,1,1,0,0,0,3.5,780,647,0.9997626844934906,1.0002373155065094
low,71075520,71075573,53,71075573,71075581,71075617,1,1,1,1,71075527,71075531,71075533,71075521,71075523,71075525,0,0,0,0,0,0,3.5,780,647,0.9997626844934906,1.0002373155065094
low,71075648,71075699,51,71075699,71075717,71075731,1,1,1,1,71075651,71075659,71075663,71075649,71075651,71075653,0,0,0,0,0,0,3.5,780,647,0.9997626844934906,1.0002373155065094
low,71076027,71076029,2,71076029,71076037,71076053,1,1,1,1,71076029,71076037,71076041,71076029,71076031,71076033,1,1,1,1,1,1,3.5,780,647,0.9997626844934906,1.0002373155065094
low,71076187,71076191,4,71076191,71076193,71076241,1,1,1,1,71076191,71076193,71076197,71076189,71076191,71076193,1,1,1,0,1,1,3.5,780,647,0.9997626844934906,1.0002373155065094
low,71076429,71076431,2,71076431,71076461,71076479,1,1,1,1,71076431,71076433,71076437,71076431,71076433,71076435,1,1,1,1,1,1,3.5,780,647,0.9997626844934906,1.0002373155065094
low,71076612,71076617,5,71076617,71076619,71076637,1,1,1,1,71076613,71076617,71076619,71076613,71076615,71076617,0,1,1,0,0,1,3.5,780,647,0.9997626844934906,1.0002373155065094
low,71077395,71077397,2,71077397,71077417,71077439,1,1,1,1,71077397,71077399,71077403,71077397,71077399,71077401,1,1,1,1,1,1,3.5,780,647,0.9997626844934906,1.0002373155065094
low,71077576,71077577,1,71077577,71077597,71077607,1,1,1,1,71077577,71077583,71077597,71077577,71077579,71077581,1,1,1,1,1,1,3.5,780,647,0.9997626844934906,1.0002373155065094
low,71077649,71077661,12,71077661,71077693,71077711,1,1,1,1,71077661,71077667,71077673,71077651,71077653,71077655,1,1,1,0,0,0,3.5,780,647,0.9997626844934906,1.0002373155065094
low,71078694,71078701,7,71078701,71078729,71078731,1,1,1,1,71078699,71078701,71078713,71078695,71078697,71078699,0,1,1,0,0,0,3.5,780,647,0.9997626844934906,1.0002373155065094
low,71079832,71079851,19,71079851,71079857,71079859,1,1,1,1,71079847,71079851,71079857,71079833,71079835,71079837,0,1,1,0,0,0,3.5,780,647,0.9997626844934906,1.0002373155065094
low,71080114,71080123,9,71080123,71080127,71080129,1,1,1,1,71080117,71080123,71080127,71080115,71080117,71080119,0,1,1,0,0,0,3.5,780,647,0.9997626844934906,1.0002373155065094
low,71080129,71080147,18,71080147,71080151,71080153,1,1,1,1,71080133,71080147,71080151,71080131,71080133,71080135,0,1,1,0,0,0,3.5,780,647,0.9997626844934906,1.0002373155065094
low,71080212,71080253,41,71080253,71080259,71080267,1,1,1,1,71080223,71080231,71080237,71080213,71080215,71080217,0,0,0,0,0,0,3.5,780,647,0.9997626844934906,1.0002373155065094
low,71080266,71080267,1,71080267,71080271,71080279,1,1,1,1,71080267,71080271,71080277,71080267,71080269,71080271,1,1,1,1,1,1,3.5,780,647,0.9997626844934906,1.0002373155065094
low,71080553,71080561,8,71080561,71080567,71080571,1,1,1,1,71080561,71080567,71080571,71080555,71080557,71080559,1,1,1,0,0,0,3.5,780,647,0.9997626844934906,1.0002373155065094
low,71080775,71080777,2,71080777,71080813,71080817,1,1,1,1,71080777,71080781,71080783,71080777,71080779,71080781,1,1,1,1,1,1,3.5,780,647,0.9997626844934906,1.0002373155065094
low,71081524,71081557,33,71081557,71081561,71081567,1,1,1,1,71081531,71081533,71081537,71081525,71081527,71081529,0,0,0,0,0,0,3.5,780,647,0.9997626844934906,1.0002373155065094
low,71081790,71081797,7,71081797,71081807,71081809,1,1,1,1,71081797,71081807,71081809,71081791,71081793,71081795,1,1,1,0,0,0,3.5,780,647,0.9997626844934906,1.0002373155065094
low,71081797,71081807,10,71081807,71081809,71081819,1,1,1,1,71081807,71081809,71081819,71081799,71081801,71081803,1,1,1,0,0,0,3.5,780,647,0.9997626844934906,1.0002373155065094
low,71081909,71081911,2,71081911,71081917,71081939,1,1,1,1,71081911,71081917,71081921,71081911,71081913,71081915,1,1,1,1,1,1,3.5,780,647,0.9997626844934906,1.0002373155065094
low,71082037,71082091,54,71082091,71082107,71082127,1,1,1,1,71082041,71082043,71082047,71082039,71082041,71082043,0,0,0,0,0,0,3.5,780,647,0.9997626844934906,1.0002373155065094
low,71082054,71082091,37,71082091,71082107,71082127,1,1,1,1,71082061,71082071,71082073,71082055,71082057,71082059,0,0,0,0,0,0,3.5,780,647,0.9997626844934906,1.0002373155065094
low,71082074,71082091,17,71082091,71082107,71082127,1,1,1,1,71082079,71082091,71082101,71082075,71082077,71082079,0,1,1,0,0,0,3.5,780,647,0.9997626844934906,1.0002373155065094
low,71082112,71082127,15,71082127,71082149,71082157,1,1,1,1,71082113,71082119,71082127,71082113,71082115,71082117,0,0,1,0,0,0,3.5,780,647,0.9997626844934906,1.0002373155065094
low,71082113,71082127,14,71082127,71082149,71082157,1,1,1,1,71082119,71082127,71082131,71082115,71082117,71082119,0,1,1,0,0,0,3.5,780,647,0.9997626844934906,1.0002373155065094
low,71082130,71082149,19,71082149,71082157,71082299,1,1,1,1,71082131,71082133,71082139,71082131,71082133,71082135,0,0,0,0,0,0,3.5,780,647,0.9997626844934906,1.0002373155065094
low,71082155,71082299,144,71082157,71082299,71082301,2,0,1,1,71082157,71082163,71082169,71082157,71082159,71082161,0,0,0,0,0,0,3.5,780,647,0.9997626844934906,1.0002373155065094
low,71082336,71082343,7,71082343,71082367,71082371,1,1,1,1,71082337,71082343,71082353,71082337,71082339,71082341,0,1,1,0,0,0,3.5,780,647,0.9997626844934906,1.0002373155065094
low,71083308,71083357,49,71083357,71083367,71083391,1,1,1,1,71083319,71083333,71083339,71083309,71083311,71083313,0,0,0,0,0,0,3.5,780,647,0.9997626844934906,1.0002373155065094
low,71083600,71083609,9,71083609,71083711,71083721,1,1,1,1,71083601,71083603,71083609,71083601,71083603,71083605,0,0,1,0,0,0,3.5,780,647,0.9997626844934906,1.0002373155065094
low,71083926,71083931,5,71083931,71083933,71083937,1,1,1,1,71083927,71083931,71083933,71083927,71083929,71083931,0,1,1,0,0,1,3.5,780,647,0.9997626844934906,1.0002373155065094
low,71084156,71084159,3,71084159,71084161,71084171,1,1,1,1,71084159,71084161,71084171,71084157,71084159,71084161,1,1,1,0,1,1,3.5,780,647,0.9997626844934906,1.0002373155065094
low,71084624,71084627,3,71084627,71084641,71084653,1,1,1,1,71084627,71084639,71084641,71084625,71084627,71084629,1,1,1,0,1,1,3.5,780,647,0.9997626844934906,1.0002373155065094
low,71084651,71084653,2,71084653,71084683,71084707,1,1,1,1,71084653,71084659,71084669,71084653,71084655,71084657,1,1,1,1,1,1,3.5,780,647,0.9997626844934906,1.0002373155065094
low,71085287,71085299,12,71085299,71085317,71085323,1,1,1,1,71085299,71085307,71085317,71085289,71085291,71085293,1,1,1,0,0,0,3.5,780,647,0.9997626844934906,1.0002373155065094
low,71085641,71085643,2,71085643,71085647,71085649,1,1,1,1,71085643,71085647,71085649,71085643,71085645,71085647,1,1,1,1,1,1,3.5,780,647,0.9997626844934906,1.0002373155065094
low,71085883,71085887,4,71085887,71085901,71085913,1,1,1,1,71085887,71085899,71085901,71085885,71085887,71085889,1,1,1,0,1,1,3.5,780,647,0.9997626844934906,1.0002373155065094
low,71085990,71085997,7,71085997,71086003,71086019,1,1,1,1,71085991,71085997,71086003,71085991,71085993,71085995,0,1,1,0,0,0,3.5,780,647,0.9997626844934906,1.0002373155065094
low,71086004,71086019,15,71086019,71086033,71086051,1,1,1,1,71086007,71086009,71086013,71086005,71086007,71086009,0,0,0,0,0,0,3.5,780,647,0.9997626844934906,1.0002373155065094
low,71086174,71086177,3,71086177,71086207,71086217,1,1,1,1,71086177,71086181,71086187,71086175,71086177,71086179,1,1,1,0,1,1,3.5,780,647,0.9997626844934906,1.0002373155065094
low,71086617,71086633,16,71086633,71086637,71086643,1,1,1,1,71086621,71086633,71086637,71086619,71086621,71086623,0,1,1,0,0,0,3.5,780,647,0.9997626844934906,1.0002373155065094
low,71086694,71086711,17,71086711,71086739,71086753,1,1,1,1,71086699,71086703,71086709,71086695,71086697,71086699,0,0,0,0,0,0,3.5,780,647,0.9997626844934906,1.0002373155065094
low,71086744,71086753,9,71086753,71086793,71086817,1,1,1,1,71086747,71086751,71086753,71086745,71086747,71086749,0,0,1,0,0,0,3.5,780,647,0.9997626844934906,1.0002373155065094
low,71086757,71086793,36,71086793,71086817,71086819,1,1,1,1,71086759,71086777,71086781,71086759,71086761,71086763,0,0,0,0,0,0,3.5,780,647,0.9997626844934906,1.0002373155065094
low,71087344,71087347,3,71087347,71087351,71087369,1,1,1,1,71087347,71087351,71087363,71087345,71087347,71087349,1,1,1,0,1,1,3.5,780,647,0.9997626844934906,1.0002373155065094
low,71087440,71087477,37,71087477,71087491,71087501,1,1,1,1,71087441,71087447,71087449,71087441,71087443,71087445,0,0,0,0,0,0,3.5,780,647,0.9997626844934906,1.0002373155065094
low,71087947,71087957,10,71087957,71087971,71087977,1,1,1,1,71087953,71087957,71087959,71087949,71087951,71087953,0,1,1,0,0,0,3.5,780,647,0.9997626844934906,1.0002373155065094
low,71088117,71088133,16,71088133,71088161,71088179,1,1,1,1,71088119,71088131,71088133,71088119,71088121,71088123,0,0,1,0,0,0,3.5,780,647,0.9997626844934906,1.0002373155065094
low,71088405,71088427,22,71088419,71088427,71088431,2,0,1,1,71088419,71088421,71088427,71088407,71088409,71088411,0,0,1,0,0,0,3.5,780,647,0.9997626844934906,1.0002373155065094
low,71088655,71088659,4,71088659,71088697,71088707,1,1,1,1,71088659,71088673,71088683,71088657,71088659,71088661,1,1,1,0,1,1,3.5,780,647,0.9997626844934906,1.0002373155065094
low,71088759,71088763,4,71088763,71088779,71088799,1,1,1,1,71088761,71088763,71088767,71088761,71088763,71088765,0,1,1,0,1,1,3.5,780,647,0.9997626844934906,1.0002373155065094
low,71088768,71088779,11,71088779,71088799,71088817,1,1,1,1,71088769,71088779,71088793,71088769,71088771,71088773,0,1,1,0,0,0,3.5,780,647,0.9997626844934906,1.0002373155065094
low,71088786,71088799,13,71088799,71088817,71088827,1,1,1,1,71088793,71088799,71088803,71088787,71088789,71088791,0,1,1,0,0,0,3.5,780,647,0.9997626844934906,1.0002373155065094
low,71089215,71089219,4,71089219,71089229,71089259,1,1,1,1,71089217,71089219,71089229,71089217,71089219,71089221,0,1,1,0,1,1,3.5,780,647,0.9997626844934906,1.0002373155065094
low,71090049,71090053,4,71090053,71090057,71090059,1,1,1,1,71090051,71090053,71090057,71090051,71090053,71090055,0,1,1,0,1,1,3.5,780,647,0.9997626844934906,1.0002373155065094
low,71090232,71090249,17,71090249,71090287,71090321,1,1,1,1,71090233,71090237,71090249,71090233,71090235,71090237,0,0,1,0,0,0,3.5,780,647,0.9997626844934906,1.0002373155065094
low,71090357,71090359,2,71090359,71090399,71090407,1,1,1,1,71090359,71090363,71090377,71090359,71090361,71090363,1,1,1,1,1,1,3.5,780,647,0.9997626844934906,1.0002373155065094
low,71090388,71090399,11,71090399,71090407,71090423,1,1,1,1,71090389,71090399,71090407,71090389,71090391,71090393,0,1,1,0,0,0,3.5,780,647,0.9997626844934906,1.0002373155065094
low,71090888,71090891,3,71090891,71090893,71090927,1,1,1,1,71090891,71090893,71090897,71090889,71090891,71090893,1,1,1,0,1,1,3.5,780,647,0.9997626844934906,1.0002373155065094
low,71092032,71092033,1,71092033,71092051,71092069,1,1,1,1,71092033,71092037,71092039,71092033,71092035,71092037,1,1,1,1,1,1,3.5,780,647,0.9997626844934906,1.0002373155065094
low,71092232,71092277,45,71092277,71092279,71092309,1,1,1,1,71092237,71092247,71092261,71092233,71092235,71092237,0,0,0,0,0,0,3.5,780,647,0.9997626844934906,1.0002373155065094
low,71092946,71092993,47,71092993,71093017,71093039,1,1,1,1,71092951,71092961,71092969,71092947,71092949,71092951,0,0,0,0,0,0,3.5,780,647,0.9997626844934906,1.0002373155065094
low,71093061,71093101,40,71093101,71093107,71093119,1,1,1,1,71093063,71093081,71093083,71093063,71093065,71093067,0,0,0,0,0,0,3.5,780,647,0.9997626844934906,1.0002373155065094
low,71093196,71093213,17,71093213,71093219,71093237,1,1,1,1,71093203,71093213,71093219,71093197,71093199,71093201,0,1,1,0,0,0,3.5,780,647,0.9997626844934906,1.0002373155065094
low,71093347,71093369,22,71093369,71093377,71093387,1,1,1,1,71093353,71093357,71093359,71093349,71093351,71093353,0,0,0,0,0,0,3.5,780,647,0.9997626844934906,1.0002373155065094
low,71093806,71093861,55,71093861,71093863,71093873,1,1,1,1,71093807,71093809,71093821,71093807,71093809,71093811,0,0,0,0,0,0,3.5,780,647,0.9997626844934906,1.0002373155065094
low,71093996,71094011,15,71094011,71094013,71094019,1,1,1,1,71093999,71094007,71094011,71093997,71093999,71094001,0,0,1,0,0,0,3.5,780,647,0.9997626844934906,1.0002373155065094
low,71094185,71094193,8,71094193,71094197,71094209,1,1,1,1,71094193,71094197,71094203,71094187,71094189,71094191,1,1,1,0,0,0,3.5,780,647,0.9997626844934906,1.0002373155065094
low,71094621,71094623,2,71094623,71094641,71094659,1,1,1,1,71094623,71094641,71094643,71094623,71094625,71094627,1,1,1,1,1,1,3.5,780,647,0.9997626844934906,1.0002373155065094
low,71094679,71094757,78,71094757,71094763,71094767,1,1,1,1,71094691,71094701,71094703,71094681,71094683,71094685,0,0,0,0,0,0,3.5,780,647,0.9997626844934906,1.0002373155065094
low,71094889,71094893,4,71094893,71094931,71094983,1,1,1,1,71094893,71094899,71094911,71094891,71094893,71094895,1,1,1,0,1,1,3.5,780,647,0.9997626844934906,1.0002373155065094
low,71095762,71095771,9,71095771,71095793,71095799,1,1,1,1,71095763,71095769,71095771,71095763,71095765,71095767,0,0,1,0,0,0,3.5,780,647,0.9997626844934906,1.0002373155065094
low,71095834,71095841,7,71095841,71095847,71095861,1,1,1,1,71095837,71095841,71095847,71095835,71095837,71095839,0,1,1,0,0,0,3.5,780,647,0.9997626844934906,1.0002373155065094
low,71096363,71096401,38,71096401,71096413,71096437,1,1,1,1,71096369,71096383,71096387,71096365,71096367,71096369,0,0,0,0,0,0,3.5,780,647,0.9997626844934906,1.0002373155065094
low,71096449,71096453,4,71096453,71096491,71096507,1,1,1,1,71096453,71096471,71096477,71096451,71096453,71096455,1,1,1,0,1,1,3.5,780,647,0.9997626844934906,1.0002373155065094
low,71096503,71096507,4,71096507,71096513,71096521,1,1,1,1,71096507,71096513,71096521,71096505,71096507,71096509,1,1,1,0,1,1,3.5,780,647,0.9997626844934906,1.0002373155065094
low,71096571,71096617,46,71096617,71096621,71096633,1,1,1,1,71096573,71096579,71096581,71096573,71096575,71096577,0,0,0,0,0,0,3.5,780,647,0.9997626844934906,1.0002373155065094
low,71096645,71096699,54,71096699,71096723,71096783,1,1,1,1,71096647,71096653,71096659,71096647,71096649,71096651,0,0,0,0,0,0,3.5,780,647,0.9997626844934906,1.0002373155065094
low,71097071,71097073,2,71097073,71097079,71097097,1,1,1,1,71097073,71097079,71097083,71097073,71097075,71097077,1,1,1,1,1,1,3.5,780,647,0.9997626844934906,1.0002373155065094
low,71097295,71097307,12,71097307,71097317,71097319,1,1,1,1,71097307,71097311,71097317,71097297,71097299,71097301,1,1,1,0,0,0,3.5,780,647,0.9997626844934906,1.0002373155065094
low,71097316,71097319,3,71097317,71097319,71097337,2,0,1,1,71097317,71097319,71097329,71097317,71097319,71097321,0,1,1,0,1,1,3.5,780,647,0.9997626844934906,1.0002373155065094
low,71097413,71097431,18,71097431,71097457,71097463,1,1,1,1,71097419,71097421,71097427,71097415,71097417,71097419,0,0,0,0,0,0,3.5,780,647,0.9997626844934906,1.0002373155065094
low,71097729,71097743,14,71097743,71097749,71097833,1,1,1,1,71097731,71097737,71097739,71097731,71097733,71097735,0,0,0,0,0,0,3.5,780,647,0.9997626844934906,1.0002373155065094
low,71097759,71097833,74,71097833,71097841,71097869,1,1,1,1,71097769,71097773,71097779,71097761,71097763,71097765,0,0,0,0,0,0,3.5,780,647,0.9997626844934906,1.0002373155065094
low,71097869,71097881,12,71097881,71097889,71097907,1,1,1,1,71097877,71097881,71097883,71097871,71097873,71097875,0,1,1,0,0,0,3.5,780,647,0.9997626844934906,1.0002373155065094
low,71097933,71097941,8,71097941,71097953,71097967,1,1,1,1,71097941,71097947,71097953,71097935,71097937,71097939,1,1,1,0,0,0,3.5,780,647,0.9997626844934906,1.0002373155065094
low,71098078,71098081,3,71098081,71098087,71098091,1,1,1,1,71098081,71098087,71098091,71098079,71098081,71098083,1,1,1,0,1,1,3.5,780,647,0.9997626844934906,1.0002373155065094
low,71098247,71098249,2,71098249,71098271,71098289,1,1,1,1,71098249,71098253,71098259,71098249,71098251,71098253,1,1,1,1,1,1,3.5,780,647,0.9997626844934906,1.0002373155065094
low,71098314,71098327,13,71098327,71098337,71098351,1,1,1,1,71098319,71098327,71098331,71098315,71098317,71098319,0,1,1,0,0,0,3.5,780,647,0.9997626844934906,1.0002373155065094
low,71098761,71098787,26,71098787,71098813,71098829,1,1,1,1,71098763,71098771,71098787,71098763,71098765,71098767,0,0,1,0,0,0,3.5,780,647,0.9997626844934906,1.0002373155065094
low,71098842,71098843,1,71098843,71098871,71098877,1,1,1,1,71098843,71098847,71098849,71098843,71098845,71098847,1,1,1,1,1,1,3.5,780,647,0.9997626844934906,1.0002373155065094
low,71098910,71098927,17,71098927,71098933,71098949,1,1,1,1,71098919,71098921,71098927,71098911,71098913,71098915,0,0,1,0,0,0,3.5,780,647,0.9997626844934906,1.0002373155065094
low,71099074,71099107,33,71099107,71099111,71099113,1,1,1,1,71099081,71099087,71099089,71099075,71099077,71099079,0,0,0,0,0,0,3.5,780,647,0.9997626844934906,1.0002373155065094
low,71099189,71099227,38,71099227,71099239,71099269,1,1,1,1,71099191,71099201,71099207,71099191,71099193,71099195,0,0,0,0,0,0,3.5,780,647,0.9997626844934906,1.0002373155065094
low,71099509,71099521,12,71099521,71099537,71099557,1,1,1,1,71099513,71099519,71099521,71099511,71099513,71099515,0,0,1,0,0,0,3.5,780,647,0.9997626844934906,1.0002373155065094
low,71099707,71099723,16,71099723,71099741,71099747,1,1,1,1,71099711,71099713,71099719,71099709,71099711,71099713,0,0,0,0,0,0,3.5,780,647,0.9997626844934906,1.0002373155065094
low,71099756,71099761,5,71099761,71099773,71099783,1,1,1,1,71099759,71099761,71099771,71099757,71099759,71099761,0,1,1,0,0,1,3.5,780,647,0.9997626844934906,1.0002373155065094
low,71099918,71099947,29,71099947,71099971,71099983,1,1,1,1,71099921,71099927,71099929,71099919,71099921,71099923,0,0,0,0,0,0,3.5,780,647,0.9997626844934906,1.0002373155065094
low,71100175,71100187,12,71100187,71100193,71100203,1,1,1,1,71100179,71100181,71100187,71100177,71100179,71100181,0,0,1,0,0,0,3.5,780,647,0.9997626844934906,1.0002373155065094
low,71100522,71100551,29,71100551,71100581,71100593,1,1,1,1,71100529,71100539,71100541,71100523,71100525,71100527,0,0,0,0,0,0,3.5,780,647,0.9997626844934906,1.0002373155065094
low,71101001,71101039,38,71101039,71101081,71101091,1,1,1,1,71101003,71101007,71101013,71101003,71101005,71101007,0,0,0,0,0,0,3.5,780,647,0.9997626844934906,1.0002373155065094
low,71101342,71101357,15,71101357,71101379,71101399,1,1,1,1,71101343,71101351,71101357,71101343,71101345,71101347,0,0,1,0,0,0,3.5,780,647,0.9997626844934906,1.0002373155065094
low,71101497,71101517,20,71101517,71101519,71101529,1,1,1,1,71101501,71101507,71101517,71101499,71101501,71101503,0,0,1,0,0,0,3.5,780,647,0.9997626844934906,1.0002373155065094
low,71101612,71101619,7,71101619,71101627,71101637,1,1,1,1,71101619,71101621,71101627,71101613,71101615,71101617,1,1,1,0,0,0,3.5,780,647,0.9997626844934906,1.0002373155065094
low,71101923,71101931,8,71101931,71101937,71101951,1,1,1,1,71101931,71101937,71101949,71101925,71101927,71101929,1,1,1,0,0,0,3.5,780,647,0.9997626844934906,1.0002373155065094
low,71102176,71102179,3,71102179,71102191,71102221,1,1,1,1,71102179,71102183,71102189,71102177,71102179,71102181,1,1,1,0,1,1,3.5,780,647,0.9997626844934906,1.0002373155065094
low,71102427,71102443,16,71102443,71102467,71102489,1,1,1,1,71102429,71102431,71102441,71102429,71102431,71102433,0,0,0,0,0,0,3.5,780,647,0.9997626844934906,1.0002373155065094
low,71102708,71102711,3,71102711,71102741,71102743,1,1,1,1,71102711,71102719,71102723,71102709,71102711,71102713,1,1,1,0,1,1,3.5,780,647,0.9997626844934906,1.0002373155065094
low,71102742,71102743,1,71102743,71102767,71102777,1,1,1,1,71102743,71102747,71102749,71102743,71102745,71102747,1,1,1,1,1,1,3.5,780,647,0.9997626844934906,1.0002373155065094
low,71102839,71102849,10,71102849,71102861,71102893,1,1,1,1,71102849,71102851,71102861,71102841,71102843,71102845,1,1,1,0,0,0,3.5,780,647,0.9997626844934906,1.0002373155065094
low,71102854,71102861,7,71102861,71102893,71102903,1,1,1,1,71102861,71102869,71102873,71102855,71102857,71102859,1,1,1,0,0,0,3.5,780,647,0.9997626844934906,1.0002373155065094
low,71103058,71103059,1,71103059,71103107,71103121,1,1,1,1,71103059,71103077,71103079,71103059,71103061,71103063,1,1,1,1,1,1,3.5,780,647,0.9997626844934906,1.0002373155065094
low,71103061,71103107,46,71103107,71103121,71103139,1,1,1,1,71103077,71103079,71103083,71103063,71103065,71103067,0,0,0,0,0,0,3.5,780,647,0.9997626844934906,1.0002373155065094
low,71103186,71103203,17,71103203,71103251,71103283,1,1,1,1,71103191,71103199,71103203,71103187,71103189,71103191,0,0,1,0,0,0,3.5,780,647,0.9997626844934906,1.0002373155065094
low,71103430,71103443,13,71103443,71103449,71103451,1,1,1,1,71103433,71103437,71103443,71103431,71103433,71103435,0,0,1,0,0,0,3.5,780,647,0.9997626844934906,1.0002373155065094
low,71103627,71103629,2,71103629,71103631,71103647,1,1,1,1,71103629,71103631,71103647,71103629,71103631,71103633,1,1,1,1,1,1,3.5,780,647,0.9997626844934906,1.0002373155065094
low,71103634,71103647,13,71103647,71103661,71103667,1,1,1,1,71103647,71103653,71103661,71103635,71103637,71103639,1,1,1,0,0,0,3.5,780,647,0.9997626844934906,1.0002373155065094
low,71103644,71103647,3,71103647,71103661,71103667,1,1,1,1,71103647,71103653,71103661,71103645,71103647,71103649,1,1,1,0,1,1,3.5,780,647,0.9997626844934906,1.0002373155065094
low,71104014,71104021,7,71104021,71104031,71104037,1,1,1,1,71104021,71104031,71104037,71104015,71104017,71104019,1,1,1,0,0,0,3.5,780,647,0.9997626844934906,1.0002373155065094
low,71104059,71104073,14,71104073,71104087,71104097,1,1,1,1,71104067,71104069,71104073,71104061,71104063,71104065,0,0,1,0,0,0,3.5,780,647,0.9997626844934906,1.0002373155065094
low,71104153,71104169,16,71104169,71104177,71104193,1,1,1,1,71104157,71104169,71104171,71104155,71104157,71104159,0,1,1,0,0,0,3.5,780,647,0.9997626844934906,1.0002373155065094
low,71104229,71104237,8,71104237,71104273,71104277,1,1,1,1,71104237,71104249,71104261,71104231,71104233,71104235,1,1,1,0,0,0,3.5,780,647,0.9997626844934906,1.0002373155065094
low,71104421,71104457,36,71104457,71104463,71104471,1,1,1,1,71104427,71104447,71104457,71104423,71104425,71104427,0,0,1,0,0,0,3.5,780,647,0.9997626844934906,1.0002373155065094
low,71104788,71104837,49,71104807,71104837,71104841,2,0,1,1,71104793,71104801,71104807,71104789,71104791,71104793,0,0,0,0,0,0,3.5,780,647,0.9997626844934906,1.0002373155065094
low,71105260,71105263,3,71105263,71105267,71105297,1,1,1,1,71105261,71105263,71105267,71105261,71105263,71105265,0,1,1,0,1,1,3.5,780,647,0.9997626844934906,1.0002373155065094
low,71105267,71105297,30,71105297,71105299,71105317,1,1,1,1,71105269,71105273,71105291,71105269,71105271,71105273,0,0,0,0,0,0,3.5,780,647,0.9997626844934906,1.0002373155065094
low,71105325,71105369,44,71105369,71105371,71105381,1,1,1,1,71105327,71105329,71105341,71105327,71105329,71105331,0,0,0,0,0,0,3.5,780,647,0.9997626844934906,1.0002373155065094
low,71105425,71105449,24,71105449,71105471,71105473,1,1,1,1,71105431,71105449,71105453,71105427,71105429,71105431,0,1,1,0,0,0,3.5,780,647,0.9997626844934906,1.0002373155065094
low,71105905,71105911,6,71105911,71105921,71105933,1,1,1,1,71105911,71105921,71105927,71105907,71105909,71105911,1,1,1,0,0,1,3.5,780,647,0.9997626844934906,1.0002373155065094
low,71105923,71105933,10,71105933,71105959,71105963,1,1,1,1,71105927,71105929,71105933,71105925,71105927,71105929,0,0,1,0,0,0,3.5,780,647,0.9997626844934906,1.0002373155065094
low,71106305,71106311,6,71106311,71106313,71106331,1,1,1,1,71106307,71106311,71106313,71106307,71106309,71106311,0,1,1,0,0,1,3.5,780,647,0.9997626844934906,1.0002373155065094
low,71106933,71106941,8,71106941,71106947,71106967,1,1,1,1,71106941,71106943,71106947,71106935,71106937,71106939,1,1,1,0,0,0,3.5,780,647,0.9997626844934906,1.0002373155065094
low,71107123,71107133,10,71107133,71107147,71107163,1,1,1,1,71107129,71107133,71107147,71107125,71107127,71107129,0,1,1,0,0,0,3.5,780,647,0.9997626844934906,1.0002373155065094
low,71107398,71107409,11,71107409,71107411,71107469,1,1,1,1,71107403,71107409,71107411,71107399,71107401,71107403,0,1,1,0,0,0,3.5,780,647,0.9997626844934906,1.0002373155065094
low,71107419,71107469,50,71107469,71107483,71107493,1,1,1,1,71107423,71107427,71107429,71107421,71107423,71107425,0,0,0,0,0,0,3.5,780,647,0.9997626844934906,1.0002373155065094
low,71107577,71107579,2,71107579,71107591,71107637,1,1,1,1,71107579,71107591,71107601,71107579,71107581,71107583,1,1,1,1,1,1,3.5,780,647,0.9997626844934906,1.0002373155065094
low,71108044,71108047,3,71108047,71108101,71108113,1,1,1,1,71108047,71108053,71108057,71108045,71108047,71108049,1,1,1,0,1,1,3.5,780,647,0.9997626844934906,1.0002373155065094
low,71108057,71108113,56,71108101,71108113,71108119,2,0,1,1,71108069,71108071,71108077,71108059,71108061,71108063,0,0,0,0,0,0,3.5,780,647,0.9997626844934906,1.0002373155065094
low,71108137,71108159,22,71108159,71108171,71108183,1,1,1,1,71108143,71108153,71108159,71108139,71108141,71108143,0,0,1,0,0,0,3.5,780,647,0.9997626844934906,1.0002373155065094
low,71108652,71108683,31,71108683,71108693,71108707,1,1,1,1,71108657,71108669,71108677,71108653,71108655,71108657,0,0,0,0,0,0,3.5,780,647,0.9997626844934906,1.0002373155065094
low,71108663,71108683,20,71108683,71108693,71108707,1,1,1,1,71108669,71108677,71108683,71108665,71108667,71108669,0,0,1,0,0,0,3.5,780,647,0.9997626844934906,1.0002373155065094
low,71108683,71108693,10,71108693,71108707,71108717,1,1,1,1,71108689,71108693,71108699,71108685,71108687,71108689,0,1,1,0,0,0,3.5,780,647,0.9997626844934906,1.0002373155065094
low,71108982,71108993,11,71108993,71109007,71109013,1,1,1,1,71108987,71108993,71109007,71108983,71108985,71108987,0,1,1,0,0,0,3.5,780,647,0.9997626844934906,1.0002373155065094
low,71109198,71109209,11,71109209,71109221,71109251,1,1,1,1,71109209,71109211,71109217,71109199,71109201,71109203,1,1,1,0,0,0,3.5,780,647,0.9997626844934906,1.0002373155065094
low,71109204,71109209,5,71109209,71109221,71109251,1,1,1,1,71109209,71109211,71109217,71109205,71109207,71109209,1,1,1,0,0,1,3.5,780,647,0.9997626844934906,1.0002373155065094
low,71109232,71109251,19,71109251,71109253,71109263,1,1,1,1,71109239,71109251,71109253,71109233,71109235,71109237,0,1,1,0,0,0,3.5,780,647,0.9997626844934906,1.0002373155065094
low,71109590,71109593,3,71109593,71109601,71109607,1,1,1,1,71109593,71109601,71109607,71109591,71109593,71109595,1,1,1,0,1,1,3.5,780,647,0.9997626844934906,1.0002373155065094
low,71109717,71109733,16,71109733,71109737,71109749,1,1,1,1,71109719,71109733,71109737,71109719,71109721,71109723,0,1,1,0,0,0,3.5,780,647,0.9997626844934906,1.0002373155065094
low,71109931,71109947,16,71109947,71109971,71109991,1,1,1,1,71109937,71109947,71109949,71109933,71109935,71109937,0,1,1,0,0,0,3.5,780,647,0.9997626844934906,1.0002373155065094
low,71109979,71109991,12,71109991,71110019,71110069,1,1,1,1,71109991,71110003,71110007,71109981,71109983,71109985,1,1,1,0,0,0,3.5,780,647,0.9997626844934906,1.0002373155065094
low,71110049,71110073,24,71110069,71110073,71110087,2,0,1,1,71110051,71110057,71110063,71110051,71110053,71110055,0,0,0,0,0,0,3.5,780,647,0.9997626844934906,1.0002373155065094
low,71110542,71110579,37,71110579,71110583,71110591,1,1,1,1,71110547,71110553,71110561,71110543,71110545,71110547,0,0,0,0,0,0,3.5,780,647,0.9997626844934906,1.0002373155065094
low,71110725,71110727,2,71110727,71110747,71110757,1,1,1,1,71110727,71110729,71110747,71110727,71110729,71110731,1,1,1,1,1,1,3.5,780,647,0.9997626844934906,1.0002373155065094
low,71110915,71110927,12,71110927,71110937,71110943,1,1,1,1,71110927,71110931,71110933,71110917,71110919,71110921,1,1,1,0,0,0,3.5,780,647,0.9997626844934906,1.0002373155065094
low,71111348,71111351,3,71111351,71111353,71111363,1,1,1,1,71111351,71111353,71111363,71111349,71111351,71111353,1,1,1,0,1,1,3.5,780,647,0.9997626844934906,1.0002373155065094
low,71111533,71111539,6,71111539,71111549,71111581,1,1,1,1,71111539,71111543,71111549,71111535,71111537,71111539,1,1,1,0,0,1,3.5,780,647,0.9997626844934906,1.0002373155065094
low,71112353,71112359,6,71112359,71112361,71112367,1,1,1,1,71112359,71112361,71112367,71112355,71112357,71112359,1,1,1,0,0,1,3.5,780,647,0.9997626844934906,1.0002373155065094
low,71112505,71112511,6,71112511,71112529,71112541,1,1,1,1,71112511,71112521,71112523,71112507,71112509,71112511,1,1,1,0,0,1,3.5,780,647,0.9997626844934906,1.0002373155065094
low,71112794,71112829,35,71112829,71112851,71112857,1,1,1,1,71112799,71112809,71112817,71112795,71112797,71112799,0,0,0,0,0,0,3.5,780,647,0.9997626844934906,1.0002373155065094
low,71113025,71113027,2,71113027,71113037,71113043,1,1,1,1,71113027,71113037,71113039,71113027,71113029,71113031,1,1,1,1,1,1,3.5,780,647,0.9997626844934906,1.0002373155065094
low,71113037,71113043,6,71113043,71113061,71113073,1,1,1,1,71113039,71113043,71113051,71113039,71113041,71113043,0,1,1,0,0,1,3.5,780,647,0.9997626844934906,1.0002373155065094
low,71113317,71113391,74,71113391,71113417,71113433,1,1,1,1,71113319,71113321,71113327,71113319,71113321,71113323,0,0,0,0,0,0,3.5,780,647,0.9997626844934906,1.0002373155065094
low,71113611,71113619,8,71113619,71113643,71113661,1,1,1,1,71113613,71113619,71113621,71113613,71113615,71113617,0,1,1,0,0,0,3.5,780,647,0.9997626844934906,1.0002373155065094
low,71113641,71113643,2,71113643,71113661,71113663,1,1,1,1,71113643,71113649,71113657,71113643,71113645,71113647,1,1,1,1,1,1,3.5,780,647,0.9997626844934906,1.0002373155065094
low,71114001,71114011,10,71114011,71114023,71114027,1,1,1,1,71114011,71114023,71114027,71114003,71114005,71114007,1,1,1,0,0,0,3.5,780,647,0.9997626844934906,1.0002373155065094
low,71114103,71114117,14,71114117,71114123,71114143,1,1,1,1,71114107,71114117,71114123,71114105,71114107,71114109,0,1,1,0,0,0,3.5,780,647,0.9997626844934906,1.0002373155065094
low,71114404,71114419,15,71114419,71114429,71114437,1,1,1,1,71114411,71114419,71114423,71114405,71114407,71114409,0,1,1,0,0,0,3.5,780,647,0.9997626844934906,1.0002373155065094
low,71114582,71114609,27,71114609,71114633,71114657,1,1,1,1,71114591,71114599,71114609,71114583,71114585,71114587,0,0,1,0,0,0,3.5,780,647,0.9997626844934906,1.0002373155065094
low,71114722,71114749,27,71114749,71114753,71114767,1,1,1,1,71114731,71114737,71114741,71114723,71114725,71114727,0,0,0,0,0,0,3.5,780,647,0.9997626844934906,1.0002373155065094
low,71114760,71114767,7,71114767,71114783,71114789,1,1,1,1,71114761,71114767,71114773,71114761,71114763,71114765,0,1,1,0,0,0,3.5,780,647,0.9997626844934906,1.0002373155065094
low,71114994,71115049,55,71115017,71115049,71115059,2,0,1,1,71114999,71115001,71115007,71114995,71114997,71114999,0,0,0,0,0,0,3.5,780,647,0.9997626844934906,1.0002373155065094
low,71115366,71115377,11,71115377,71115383,71115389,1,1,1,1,71115367,71115371,71115377,71115367,71115369,71115371,0,0,1,0,0,0,3.5,780,647,0.9997626844934906,1.0002373155065094
low,71115390,71115397,7,71115397,71115409,71115427,1,1,1,1,71115391,71115397,71115409,71115391,71115393,71115395,0,1,1,0,0,0,3.5,780,647,0.9997626844934906,1.0002373155065094
low,71115599,71115601,2,71115601,71115617,71115619,1,1,1,1,71115601,71115617,71115619,71115601,71115603,71115605,1,1,1,1,1,1,3.5,780,647,0.9997626844934906,1.0002373155065094
low,71115648,71115661,13,71115661,71115673,71115677,1,1,1,1,71115659,71115661,71115673,71115649,71115651,71115653,0,1,1,0,0,0,3.5,780,647,0.9997626844934906,1.0002373155065094
low,71115986,71115991,5,71115991,71115997,71116013,1,1,1,1,71115991,71115997,71116007,71115987,71115989,71115991,1,1,1,0,0,1,3.5,780,647,0.9997626844934906,1.0002373155065094
low,71116201,71116223,22,71116223,71116231,71116267,1,1,1,1,71116211,71116217,71116223,71116203,71116205,71116207,0,0,1,0,0,0,3.5,780,647,0.9997626844934906,1.0002373155065094
low,71116564,71116579,15,71116567,71116579,71116597,2,0,1,1,71116567,71116571,71116579,71116565,71116567,71116569,0,0,1,0,0,0,3.5,780,647,0.9997626844934906,1.0002373155065094
low,71116825,71116841,16,71116841,71116847,71116853,1,1,1,1,71116841,71116847,71116849,71116827,71116829,71116831,1,1,1,0,0,0,3.5,780,647,0.9997626844934906,1.0002373155065094
low,71116842,71116847,5,71116847,71116853,71116861,1,1,1,1,71116847,71116849,71116853,71116843,71116845,71116847,1,1,1,0,0,1,3.5,780,647,0.9997626844934906,1.0002373155065094
low,71117180,71117183,3,71117183,71117191,71117201,1,1,1,1,71117183,71117191,71117197,71117181,71117183,71117185,1,1,1,0,1,1,3.5,780,647,0.9997626844934906,1.0002373155065094
low,71117412,71117419,7,71117419,71117489,71117507,1,1,1,1,71117413,71117419,71117429,71117413,71117415,71117417,0,1,1,0,0,0,3.5,780,647,0.9997626844934906,1.0002373155065094
low,71117452,71117489,37,71117489,71117507,71117509,1,1,1,1,71117461,71117467,71117471,71117453,71117455,71117457,0,0,0,0,0,0,3.5,780,647,0.9997626844934906,1.0002373155065094
low,71117808,71117819,11,71117819,71117843,71117857,1,1,1,1,71117819,71117821,71117833,71117809,71117811,71117813,1,1,1,0,0,0,3.5,780,647,0.9997626844934906,1.0002373155065094
low,71117848,71117857,9,71117857,71117861,71117867,1,1,1,1,71117857,71117861,71117867,71117849,71117851,71117853,1,1,1,0,0,0,3.5,780,647,0.9997626844934906,1.0002373155065094
low,71118106,71118137,31,71118137,71118161,71118163,1,1,1,1,71118107,71118109,71118119,71118107,71118109,71118111,0,0,0,0,0,0,3.5,780,647,0.9997626844934906,1.0002373155065094
low,71118393,71118409,16,71118409,71118449,71118451,1,1,1,1,71118401,71118403,71118407,71118395,71118397,71118399,0,0,0,0,0,0,3.5,780,647,0.9997626844934906,1.0002373155065094
low,71118654,71118703,49,71118679,71118703,71118709,2,0,1,1,71118659,71118661,71118673,71118655,71118657,71118659,0,0,0,0,0,0,3.5,780,647,0.9997626844934906,1.0002373155065094
low,71118714,71118779,65,71118779,71118781,71118793,1,1,1,1,71118721,71118727,71118731,71118715,71118717,71118719,0,0,0,0,0,0,3.5,780,647,0.9997626844934906,1.0002373155065094
low,71118717,71118779,62,71118779,71118781,71118793,1,1,1,1,71118721,71118727,71118731,71118719,71118721,71118723,0,0,0,0,0,0,3.5,780,647,0.9997626844934906,1.0002373155065094
low,71119447,71119457,10,71119457,71119459,71119471,1,1,1,1,71119453,71119457,71119459,71119449,71119451,71119453,0,1,1,0,0,0,3.5,780,647,0.9997626844934906,1.0002373155065094
low,71119512,71119523,11,71119523,71119541,71119553,1,1,1,1,71119523,71119537,71119541,71119513,71119515,71119517,1,1,1,0,0,0,3.5,780,647,0.9997626844934906,1.0002373155065094
low,71119725,71119733,8,71119733,71119747,71119751,1,1,1,1,71119729,71119733,71119739,71119727,71119729,71119731,0,1,1,0,0,0,3.5,780,647,0.9997626844934906,1.0002373155065094
low,71119933,71119967,34,71119967,71119973,71119981,1,1,1,1,71119943,71119949,71119957,71119935,71119937,71119939,0,0,0,0,0,0,3.5,780,647,0.9997626844934906,1.0002373155065094
low,71120547,71120561,14,71120561,71120579,71120593,1,1,1,1,71120549,71120551,71120561,71120549,71120551,71120553,0,0,1,0,0,0,3.5,780,647,0.9997626844934906,1.0002373155065094
low,71120891,71120893,2,71120893,71120921,71120923,1,1,1,1,71120893,71120897,71120909,71120893,71120895,71120897,1,1,1,1,1,1,3.5,780,647,0.9997626844934906,1.0002373155065094
low,71122021,71122027,6,71122027,71122039,71122109,1,1,1,1,71122027,71122031,71122039,71122023,71122025,71122027,1,1,1,0,0,1,3.5,780,647,0.9997626844934906,1.0002373155065094
low,71122060,71122147,87,71122109,71122147,71122171,2,0,1,1,71122061,71122063,71122069,71122061,71122063,71122065,0,0,0,0,0,0,3.5,780,647,0.9997626844934906,1.0002373155065094
low,71122112,71122147,35,71122147,71122171,71122193,1,1,1,1,71122127,71122133,71122147,71122113,71122115,71122117,0,0,1,0,0,0,3.5,780,647,0.9997626844934906,1.0002373155065094
low,71122156,71122171,15,71122171,71122193,71122201,1,1,1,1,71122157,71122159,71122171,71122157,71122159,71122161,0,0,1,0,0,0,3.5,780,647,0.9997626844934906,1.0002373155065094
low,71122306,71122307,1,71122307,71122349,71122351,1,1,1,1,71122307,71122309,71122313,71122307,71122309,71122311,1,1,1,1,1,1,3.5,780,647,0.9997626844934906,1.0002373155065094
low,71122352,71122369,17,71122369,71122379,71122393,1,1,1,1,71122357,71122361,71122367,71122353,71122355,71122357,0,0,0,0,0,0,3.5,780,647,0.9997626844934906,1.0002373155065094
low,71122489,71122501,12,71122501,71122507,71122511,1,1,1,1,71122501,71122507,71122511,71122491,71122493,71122495,1,1,1,0,0,0,3.5,780,647,0.9997626844934906,1.0002373155065094
low,71123015,71123029,14,71123029,71123033,71123047,1,1,1,1,71123021,71123027,71123029,71123017,71123019,71123021,0,0,1,0,0,0,3.5,780,647,0.9997626844934906,1.0002373155065094
low,71123207,71123209,2,71123209,71123231,71123237,1,1,1,1,71123209,71123219,71123231,71123209,71123211,71123213,1,1,1,1,1,1,3.5,780,647,0.9997626844934906,1.0002373155065094
low,71123225,71123237,12,71123231,71123237,71123279,2,0,1,1,71123231,71123233,71123237,71123227,71123229,71123231,0,0,1,0,0,0,3.5,780,647,0.9997626844934906,1.0002373155065094
low,71123450,71123467,17,71123467,71123471,71123473,1,1,1,1,71123453,71123467,71123471,71123451,71123453,71123455,0,1,1,0,0,0,3.5,780,647,0.9997626844934906,1.0002373155065094
low,71124183,71124197,14,71124197,71124203,71124227,1,1,1,1,71124187,71124191,71124197,71124185,71124187,71124189,0,0,1,0,0,0,3.5,780,647,0.9997626844934906,1.0002373155065094
low,71124883,71124917,34,71124917,71124919,71124929,1,1,1,1,71124887,71124899,71124913,71124885,71124887,71124889,0,0,0,0,0,0,3.5,780,647,0.9997626844934906,1.0002373155065094
low,71124910,71124917,7,71124917,71124919,71124929,1,1,1,1,71124913,71124917,71124919,71124911,71124913,71124915,0,1,1,0,0,0,3.5,780,647,0.9997626844934906,1.0002373155065094
low,71125492,71125543,51,71125543,71125547,71125601,1,1,1,1,71125507,71125511,71125513,71125493,71125495,71125497,0,0,0,0,0,0,3.5,780,647,0.9997626844934906,1.0002373155065094
low,71126197,71126207,10,71126207,71126233,71126239,1,1,1,1,71126201,71126203,71126207,71126199,71126201,71126203,0,0,1,0,0,0,3.5,780,647,0.9997626844934906,1.0002373155065094
low,71126212,71126233,21,71126233,71126239,71126243,1,1,1,1,71126213,71126219,71126221,71126213,71126215,71126217,0,0,0,0,0,0,3.5,780,647,0.9997626844934906,1.0002373155065094
low,71126312,71126333,21,71126333,71126339,71126347,1,1,1,1,71126323,71126333,71126339,71126313,71126315,71126317,0,1,1,0,0,0,3.5,780,647,0.9997626844934906,1.0002373155065094
low,71126382,71126383,1,71126383,71126401,71126413,1,1,1,1,71126383,71126387,71126389,71126383,71126385,71126387,1,1,1,1,1,1,3.5,780,647,0.9997626844934906,1.0002373155065094
low,71126394,71126401,7,71126401,71126413,71126417,1,1,1,1,71126399,71126401,71126411,71126395,71126397,71126399,0,1,1,0,0,0,3.5,780,647,0.9997626844934906,1.0002373155065094
low,71126409,71126413,4,71126413,71126417,71126423,1,1,1,1,71126411,71126413,71126417,71126411,71126413,71126415,0,1,1,0,1,1,3.5,780,647,0.9997626844934906,1.0002373155065094
low,71126518,71126527,9,71126527,71126537,71126563,1,1,1,1,71126527,71126533,71126537,71126519,71126521,71126523,1,1,1,0,0,0,3.5,780,647,0.9997626844934906,1.0002373155065094
low,71127263,71127271,8,71127271,71127307,71127311,1,1,1,1,71127271,71127281,71127283,71127265,71127267,71127269,1,1,1,0,0,0,3.5,780,647,0.9997626844934906,1.0002373155065094
low,71128090,71128093,3,71128093,71128103,71128111,1,1,1,1,71128091,71128093,71128103,71128091,71128093,71128095,0,1,1,0,1,1,3.5,780,647,0.9997626844934906,1.0002373155065094
low,71128352,71128373,21,71128373,71128403,71128417,1,1,1,1,71128361,71128363,71128367,71128353,71128355,71128357,0,0,0,0,0,0,3.5,780,647,0.9997626844934906,1.0002373155065094
low,71128745,71128747,2,71128747,71128753,71128789,1,1,1,1,71128747,71128751,71128753,71128747,71128749,71128751,1,1,1,1,1,1,3.5,780,647,0.9997626844934906,1.0002373155065094
low,71128769,71128789,20,71128789,71128801,71128817,1,1,1,1,71128777,71128781,71128787,71128771,71128773,71128775,0,0,0,0,0,0,3.5,780,647,0.9997626844934906,1.0002373155065094
low,71129345,71129347,2,71129347,71129389,71129413,1,1,1,1,71129347,71129351,71129353,71129347,71129349,71129351,1,1,1,1,1,1,3.5,780,647,0.9997626844934906,1.0002373155065094
low,71129832,71129833,1,71129833,71129857,71129867,1,1,1,1,71129833,71129843,71129857,71129833,71129835,71129837,1,1,1,1,1,1,3.5,780,647,0.9997626844934906,1.0002373155065094
low,71129987,71130013,26,71130013,71130029,71130047,1,1,1,1,71129999,71130001,71130013,71129989,71129991,71129993,0,0,1,0,0,0,3.5,780,647,0.9997626844934906,1.0002373155065094
low,71130317,71130347,30,71130347,71130379,71130383,1,1,1,1,71130331,71130337,71130341,71130319,71130321,71130323,0,0,0,0,0,0,3.5,780,647,0.9997626844934906,1.0002373155065094
low,71130649,71130671,22,71130671,71130673,71130691,1,1,1,1,71130659,71130667,71130671,71130651,71130653,71130655,0,0,1,0,0,0,3.5,780,647,0.9997626844934906,1.0002373155065094
low,71130899,71130911,12,71130911,71130919,71130923,1,1,1,1,71130901,71130911,71130919,71130901,71130903,71130905,0,1,1,0,0,0,3.5,780,647,0.9997626844934906,1.0002373155065094
low,71131239,71131241,2,71131241,71131253,71131261,1,1,1,1,71131241,71131243,71131253,71131241,71131243,71131245,1,1,1,1,1,1,3.5,780,647,0.9997626844934906,1.0002373155065094
low,71131338,71131343,5,71131343,71131369,71131397,1,1,1,1,71131339,71131343,71131351,71131339,71131341,71131343,0,1,1,0,0,1,3.5,780,647,0.9997626844934906,1.0002373155065094
low,71131341,71131343,2,71131343,71131369,71131397,1,1,1,1,71131343,71131351,71131363,71131343,71131345,71131347,1,1,1,1,1,1,3.5,780,647,0.9997626844934906,1.0002373155065094
low,71131752,71131771,19,71131771,71131787,71131789,1,1,1,1,71131759,71131769,71131771,71131753,71131755,71131757,0,0,1,0,0,0,3.5,780,647,0.9997626844934906,1.0002373155065094
low,71132112,71132119,7,71132119,71132141,71132177,1,1,1,1,71132119,71132129,71132137,71132113,71132115,71132117,1,1,1,0,0,0,3.5,780,647,0.9997626844934906,1.0002373155065094
low,71132167,71132177,10,71132177,71132183,71132189,1,1,1,1,71132177,71132179,71132183,71132169,71132171,71132173,1,1,1,0,0,0,3.5,780,647,0.9997626844934906,1.0002373155065094
low,71132218,71132221,3,71132221,71132227,71132239,1,1,1,1,71132221,71132227,71132231,71132219,71132221,71132223,1,1,1,0,1,1,3.5,780,647,0.9997626844934906,1.0002373155065094
low,71132255,71132263,8,71132263,71132279,71132287,1,1,1,1,71132263,71132279,71132287,71132257,71132259,71132261,1,1,1,0,0,0,3.5,780,647,0.9997626844934906,1.0002373155065094
low,71133076,71133077,1,71133077,71133079,71133091,1,1,1,1,71133077,71133079,71133091,71133077,71133079,71133081,1,1,1,1,1,1,3.5,780,647,0.9997626844934906,1.0002373155065094
low,71133291,71133311,20,71133311,71133329,71133341,1,1,1,1,71133299,71133301,71133311,71133293,71133295,71133297,0,0,1,0,0,0,3.5,780,647,0.9997626844934906,1.0002373155065094
low,71133778,71133787,9,71133787,71133793,71133823,1,1,1,1,71133787,71133791,71133793,71133779,71133781,71133783,1,1,1,0,0,0,3.5,780,647,0.9997626844934906,1.0002373155065094
low,71133935,71133949,14,71133949,71133961,71133971,1,1,1,1,71133941,71133943,71133947,71133937,71133939,71133941,0,0,0,0,0,0,3.5,780,647,0.9997626844934906,1.0002373155065094
low,71134343,71134411,68,71134411,71134417,71134433,1,1,1,1,71134351,71134363,71134367,71134345,71134347,71134349,0,0,0,0,0,0,3.5,780,647,0.9997626844934906,1.0002373155065094
low,71134647,71134669,22,71134669,71134691,71134697,1,1,1,1,71134649,71134663,71134667,71134649,71134651,71134653,0,0,0,0,0,0,3.5,780,647,0.9997626844934906,1.0002373155065094
low,71134671,71134691,20,71134691,71134697,71134717,1,1,1,1,71134673,71134691,71134697,71134673,71134675,71134677,0,1,1,0,0,0,3.5,780,647,0.9997626844934906,1.0002373155065094
low,71134811,71134813,2,71134813,71134871,71134873,1,1,1,1,71134813,71134823,71134829,71134813,71134815,71134817,1,1,1,1,1,1,3.5,780,647,0.9997626844934906,1.0002373155065094
low,71135022,71135023,1,71135023,71135059,71135081,1,1,1,1,71135023,71135027,71135033,71135023,71135025,71135027,1,1,1,1,1,1,3.5,780,647,0.9997626844934906,1.0002373155065094
low,71135549,71135551,2,71135551,71135567,71135569,1,1,1,1,71135551,71135557,71135567,71135551,71135553,71135555,1,1,1,1,1,1,3.5,780,647,0.9997626844934906,1.0002373155065094
low,71135897,71135903,6,71135903,71135923,71135929,1,1,1,1,71135899,71135903,71135917,71135899,71135901,71135903,0,1,1,0,0,1,3.5,780,647,0.9997626844934906,1.0002373155065094
low,71136089,71136113,24,71136113,71136139,71136157,1,1,1,1,71136097,71136103,71136113,71136091,71136093,71136095,0,0,1,0,0,0,3.5,780,647,0.9997626844934906,1.0002373155065094
low,71136139,71136157,18,71136157,71136167,71136173,1,1,1,1,71136151,71136157,71136161,71136141,71136143,71136145,0,1,1,0,0,0,3.5,780,647,0.9997626844934906,1.0002373155065094
low,71136663,71136671,8,71136671,71136673,71136679,1,1,1,1,71136671,71136673,71136679,71136665,71136667,71136669,1,1,1,0,0,0,3.5,780,647,0.9997626844934906,1.0002373155065094
low,71136675,71136679,4,71136679,71136707,71136733,1,1,1,1,71136679,71136683,71136691,71136677,71136679,71136681,1,1,1,0,1,1,3.5,780,647,0.9997626844934906,1.0002373155065094
low,71136877,71136883,6,71136883,71136889,71136911,1,1,1,1,71136881,71136883,71136887,71136879,71136881,71136883,0,1,1,0,0,1,3.5,780,647,0.9997626844934906,1.0002373155065094
low,71136982,71136983,1,71136983,71137013,71137021,1,1,1,1,71136983,71136991,71136997,71136983,71136985,71136987,1,1,1,1,1,1,3.5,780,647,0.9997626844934906,1.0002373155065094
low,71136991,71137013,22,71137013,71137021,71137037,1,1,1,1,71136997,71137009,71137013,71136993,71136995,71136997,0,0,1,0,0,0,3.5,780,647,0.9997626844934906,1.0002373155065094
low,71137206,71137217,11,71137217,71137237,71137267,1,1,1,1,71137207,71137211,71137217,71137207,71137209,71137211,0,0,1,0,0,0,3.5,780,647,0.9997626844934906,1.0002373155065094
low,71137233,71137237,4,71137237,71137267,71137279,1,1,1,1,71137237,71137243,71137247,71137235,71137237,71137239,1,1,1,0,1,1,3.5,780,647,0.9997626844934906,1.0002373155065094
low,71137235,71137237,2,71137237,71137267,71137279,1,1,1,1,71137237,71137243,71137247,71137237,71137239,71137241,1,1,1,1,1,1,3.5,780,647,0.9997626844934906,1.0002373155065094
low,71137324,71137327,3,71137327,71137357,71137361,1,1,1,1,71137327,71137331,71137337,71137325,71137327,71137329,1,1,1,0,1,1,3.5,780,647,0.9997626844934906,1.0002373155065094
low,71137495,71137499,4,71137499,71137511,71137513,1,1,1,1,71137499,71137511,71137513,71137497,71137499,71137501,1,1,1,0,1,1,3.5,780,647,0.9997626844934906,1.0002373155065094
low,71137580,71137603,23,71137589,71137603,71137613,2,0,1,1,71137589,71137601,71137603,71137581,71137583,71137585,0,0,1,0,0,0,3.5,780,647,0.9997626844934906,1.0002373155065094
low,71137623,71137631,8,71137631,71137637,71137687,1,1,1,1,71137631,71137637,71137657,71137625,71137627,71137629,1,1,1,0,0,0,3.5,780,647,0.9997626844934906,1.0002373155065094
low,71137700,71137709,9,71137709,71137711,71137721,1,1,1,1,71137709,71137711,71137721,71137701,71137703,71137705,1,1,1,0,0,0,3.5,780,647,0.9997626844934906,1.0002373155065094
low,71137823,71137831,8,71137831,71137849,71137879,1,1,1,1,71137831,71137837,71137849,71137825,71137827,71137829,1,1,1,0,0,0,3.5,780,647,0.9997626844934906,1.0002373155065094
low,71137959,71137961,2,71137961,71138009,71138021,1,1,1,1,71137961,71137967,71137973,71137961,71137963,71137965,1,1,1,1,1,1,3.5,780,647,0.9997626844934906,1.0002373155065094
low,71138679,71138689,10,71138689,71138699,71138723,1,1,1,1,71138681,71138687,71138689,71138681,71138683,71138685,0,0,1,0,0,0,3.5,780,647,0.9997626844934906,1.0002373155065094
low,71138774,71138779,5,71138779,71138797,71138801,1,1,1,1,71138777,71138779,71138783,71138775,71138777,71138779,0,1,1,0,0,1,3.5,780,647,0.9997626844934906,1.0002373155065094
low,71139091,71139119,28,71139119,71139127,71139137,1,1,1,1,71139109,71139113,71139119,71139093,71139095,71139097,0,0,1,0,0,0,3.5,780,647,0.9997626844934906,1.0002373155065094
low,71139390,71139403,13,71139403,71139443,71139457,1,1,1,1,71139403,71139413,71139421,71139391,71139393,71139395,1,1,1,0,0,0,3.5,780,647,0.9997626844934906,1.0002373155065094
low,71139465,71139473,8,71139473,71139479,71139491,1,1,1,1,71139469,71139473,71139479,71139467,71139469,71139471,0,1,1,0,0,0,3.5,780,647,0.9997626844934906,1.0002373155065094
low,71139860,71139889,29,71139889,71139911,71139919,1,1,1,1,71139863,71139869,71139877,71139861,71139863,71139865,0,0,0,0,0,0,3.5,780,647,0.9997626844934906,1.0002373155065094
low,71140348,71140373,25,71140373,71140397,71140411,1,1,1,1,71140361,71140367,71140369,71140349,71140351,71140353,0,0,0,0,0,0,3.5,780,647,0.9997626844934906,1.0002373155065094
low,71140518,71140519,1,71140519,71140571,71140577,1,1,1,1,71140519,71140523,71140543,71140519,71140521,71140523,1,1,1,1,1,1,3.5,780,647,0.9997626844934906,1.0002373155065094
low,71140710,71140739,29,71140739,71140747,71140757,1,1,1,1,71140711,71140717,71140721,71140711,71140713,71140715,0,0,0,0,0,0,3.5,780,647,0.9997626844934906,1.0002373155065094
low,71141535,71141569,34,71141569,71141627,71141641,1,1,1,1,71141537,71141557,71141561,71141537,71141539,71141541,0,0,0,0,0,0,3.5,780,647,0.9997626844934906,1.0002373155065094
low,71141922,71141933,11,71141933,71142037,71142073,1,1,1,1,71141927,71141929,71141933,71141923,71141925,71141927,0,0,1,0,0,0,3.5,780,647,0.9997626844934906,1.0002373155065094
low,71141941,71142037,96,71142037,71142073,71142079,1,1,1,1,71141951,71141953,71141963,71141943,71141945,71141947,0,0,0,0,0,0,3.5,780,647,0.9997626844934906,1.0002373155065094
low,71141961,71142037,76,71142037,71142073,71142079,1,1,1,1,71141963,71141969,71141971,71141963,71141965,71141967,0,0,0,0,0,0,3.5,780,647,0.9997626844934906,1.0002373155065094
low,71142382,71142389,7,71142389,71142431,71142437,1,1,1,1,71142389,71142391,71142397,71142383,71142385,71142387,1,1,1,0,0,0,3.5,780,647,0.9997626844934906,1.0002373155065094
low,71142409,71142431,22,71142431,71142437,71142493,1,1,1,1,71142413,71142419,71142431,71142411,71142413,71142415,0,0,1,0,0,0,3.5,780,647,0.9997626844934906,1.0002373155065094
low,71142899,71142901,2,71142901,71142917,71142919,1,1,1,1,71142901,71142913,71142917,71142901,71142903,71142905,1,1,1,1,1,1,3.5,780,647,0.9997626844934906,1.0002373155065094
low,71143025,71143031,6,71143031,71143057,71143067,1,1,1,1,71143027,71143031,71143043,71143027,71143029,71143031,0,1,1,0,0,1,3.5,780,647,0.9997626844934906,1.0002373155065094
low,71143773,71143781,8,71143781,71143799,71143811,1,1,1,1,71143777,71143781,71143783,71143775,71143777,71143779,0,1,1,0,0,0,3.5,780,647,0.9997626844934906,1.0002373155065094
low,71144156,71144159,3,71144159,71144207,71144233,1,1,1,1,71144159,71144173,71144179,71144157,71144159,71144161,1,1,1,0,1,1,3.5,780,647,0.9997626844934906,1.0002373155065094
low,71144580,71144581,1,71144581,71144617,71144629,1,1,1,1,71144581,71144587,71144597,71144581,71144583,71144585,1,1,1,1,1,1,3.5,780,647,0.9997626844934906,1.0002373155065094
low,71145135,71145163,28,71145163,71145181,71145203,1,1,1,1,71145143,71145157,71145161,71145137,71145139,71145141,0,0,0,0,0,0,3.5,780,647,0.9997626844934906,1.0002373155065094
low,71145270,71145317,47,71145299,71145313,71145317,3,0,0,1,71145271,71145281,71145287,71145271,71145273,71145275,0,0,0,0,0,0,3.5,780,647,0.9997626844934906,1.0002373155065094
low,71145410,71145427,17,71145427,71145433,71145449,1,1,1,1,71145413,71145419,71145421,71145411,71145413,71145415,0,0,0,0,0,0,3.5,780,647,0.9997626844934906,1.0002373155065094
low,71145539,71145551,12,71145551,71145553,71145559,1,1,1,1,71145541,71145551,71145553,71145541,71145543,71145545,0,1,1,0,0,0,3.5,780,647,0.9997626844934906,1.0002373155065094
low,71145738,71145743,5,71145743,71145761,71145773,1,1,1,1,71145743,71145749,71145751,71145739,71145741,71145743,1,1,1,0,0,1,3.5,780,647,0.9997626844934906,1.0002373155065094
low,71145842,71145847,5,71145847,71145853,71145859,1,1,1,1,71145847,71145853,71145857,71145843,71145845,71145847,1,1,1,0,0,1,3.5,780,647,0.9997626844934906,1.0002373155065094
low,71145936,71145941,5,71145941,71145953,71145979,1,1,1,1,71145941,71145947,71145953,71145937,71145939,71145941,1,1,1,0,0,1,3.5,780,647,0.9997626844934906,1.0002373155065094
low,71146285,71146303,18,71146303,71146321,71146351,1,1,1,1,71146289,71146297,71146301,71146287,71146289,71146291,0,0,0,0,0,0,3.5,780,647,0.9997626844934906,1.0002373155065094
low,71146436,71146441,5,71146441,71146459,71146487,1,1,1,1,71146441,71146447,71146451,71146437,71146439,71146441,1,1,1,0,0,1,3.5,780,647,0.9997626844934906,1.0002373155065094
low,71146563,71146573,10,71146573,71146577,71146601,1,1,1,1,71146571,71146573,71146577,71146565,71146567,71146569,0,1,1,0,0,0,3.5,780,647,0.9997626844934906,1.0002373155065094
low,71146593,71146601,8,71146601,71146627,71146631,1,1,1,1,71146597,71146601,71146609,71146595,71146597,71146599,0,1,1,0,0,0,3.5,780,647,0.9997626844934906,1.0002373155065094
low,71146981,71146991,10,71146991,71146993,71146997,1,1,1,1,71146987,71146991,71146993,71146983,71146985,71146987,0,1,1,0,0,0,3.5,780,647,0.9997626844934906,1.0002373155065094
low,71147003,71147009,6,71147009,71147047,71147071,1,1,1,1,71147009,71147017,71147029,71147005,71147007,71147009,1,1,1,0,0,1,3.5,780,647,0.9997626844934906,1.0002373155065094
low,71147992,71148001,9,71148001,71148017,71148019,1,1,1,1,71148001,71148013,71148017,71147993,71147995,71147997,1,1,1,0,0,0,3.5,780,647,0.9997626844934906,1.0002373155065094
low,71148469,71148487,18,71148487,71148491,71148523,1,1,1,1,71148479,71148481,71148487,71148471,71148473,71148475,0,0,1,0,0,0,3.5,780,647,0.9997626844934906,1.0002373155065094
low,71148710,71148719,9,71148719,71148731,71148739,1,1,1,1,71148713,71148719,71148731,71148711,71148713,71148715,0,1,1,0,0,0,3.5,780,647,0.9997626844934906,1.0002373155065094
low,71148970,71148983,13,71148971,71148983,71148991,2,0,1,1,71148971,71148983,71148989,71148971,71148973,71148975,0,1,1,0,0,0,3.5,780,647,0.9997626844934906,1.0002373155065094
low,71149187,71149193,6,71149193,71149201,71149249,1,1,1,1,71149193,71149201,71149207,71149189,71149191,71149193,1,1,1,0,0,1,3.5,780,647,0.9997626844934906,1.0002373155065094
low,71149542,71149553,11,71149553,71149567,71149571,1,1,1,1,71149543,71149549,71149553,71149543,71149545,71149547,0,0,1,0,0,0,3.5,780,647,0.9997626844934906,1.0002373155065094
low,71150214,71150243,29,71150243,71150257,71150267,1,1,1,1,71150221,71150227,71150237,71150215,71150217,71150219,0,0,0,0,0,0,3.5,780,647,0.9997626844934906,1.0002373155065094
low,71150302,71150357,55,71150329,71150357,71150393,2,0,1,1,71150309,71150323,71150327,71150303,71150305,71150307,0,0,0,0,0,0,3.5,780,647,0.9997626844934906,1.0002373155065094
low,71150303,71150357,54,71150329,71150357,71150393,2,0,1,1,71150309,71150323,71150327,71150305,71150307,71150309,0,0,0,0,0,0,3.5,780,647,0.9997626844934906,1.0002373155065094
low,71150534,71150537,3,71150537,71150551,71150617,1,1,1,1,71150537,71150539,71150549,71150535,71150537,71150539,1,1,1,0,1,1,3.5,780,647,0.9997626844934906,1.0002373155065094
low,71150879,71150881,2,71150881,71150897,71150917,1,1,1,1,71150881,71150887,71150897,71150881,71150883,71150885,1,1,1,1,1,1,3.5,780,647,0.9997626844934906,1.0002373155065094
low,71151314,71151323,9,71151323,71151329,71151337,1,1,1,1,71151317,71151319,71151323,71151315,71151317,71151319,0,0,1,0,0,0,3.5,780,647,0.9997626844934906,1.0002373155065094
low,71151498,71151503,5,71151499,71151503,71151517,2,0,1,1,71151499,71151503,71151517,71151499,71151501,71151503,0,1,1,0,0,1,3.5,780,647,0.9997626844934906,1.0002373155065094
low,71151726,71151763,37,71151763,71151767,71151791,1,1,1,1,71151727,71151733,71151737,71151727,71151729,71151731,0,0,0,0,0,0,3.5,780,647,0.9997626844934906,1.0002373155065094
low,71151815,71151841,26,71151841,71151881,71151889,1,1,1,1,71151823,71151833,71151841,71151817,71151819,71151821,0,0,1,0,0,0,3.5,780,647,0.9997626844934906,1.0002373155065094
low,71151877,71151881,4,71151881,71151889,71151931,1,1,1,1,71151881,71151887,71151889,71151879,71151881,71151883,1,1,1,0,1,1,3.5,780,647,0.9997626844934906,1.0002373155065094
low,71152009,71152013,4,71152013,71152019,71152027,1,1,1,1,71152013,71152019,71152027,71152011,71152013,71152015,1,1,1,0,1,1,3.5,780,647,0.9997626844934906,1.0002373155065094
low,71152267,71152273,6,71152273,71152303,71152307,1,1,1,1,71152273,71152297,71152303,71152269,71152271,71152273,1,1,1,0,0,1,3.5,780,647,0.9997626844934906,1.0002373155065094
low,71152273,71152303,30,71152303,71152307,71152309,1,1,1,1,71152297,71152303,71152307,71152275,71152277,71152279,0,1,1,0,0,0,3.5,780,647,0.9997626844934906,1.0002373155065094
low,71152575,71152583,8,71152577,71152583,71152603,2,0,1,1,71152577,71152579,71152583,71152577,71152579,71152581,0,0,1,0,0,0,3.5,780,647,0.9997626844934906,1.0002373155065094
low,71152635,71152637,2,71152637,71152661,71152673,1,1,1,1,71152637,71152643,71152649,71152637,71152639,71152641,1,1,1,1,1,1,3.5,780,647,0.9997626844934906,1.0002373155065094
low,71152773,71152793,20,71152793,71152799,71152811,1,1,1,1,71152787,71152789,71152793,71152775,71152777,71152779,0,0,1,0,0,0,3.5,780,647,0.9997626844934906,1.0002373155065094
low,71152902,71152903,1,71152903,71152927,71152931,1,1,1,1,71152903,71152909,71152919,71152903,71152905,71152907,1,1,1,1,1,1,3.5,780,647,0.9997626844934906,1.0002373155065094
low,71153755,71153759,4,71153759,71153779,71153807,1,1,1,1,71153759,71153767,71153773,71153757,71153759,71153761,1,1,1,0,1,1,3.5,780,647,0.9997626844934906,1.0002373155065094
low,71153903,71153921,18,71153921,71153939,71153947,1,1,1,1,71153909,71153911,71153921,71153905,71153907,71153909,0,0,1,0,0,0,3.5,780,647,0.9997626844934906,1.0002373155065094
low,71154073,71154079,6,71154079,71154103,71154113,1,1,1,1,71154077,71154079,71154089,71154075,71154077,71154079,0,1,1,0,0,1,3.5,780,647,0.9997626844934906,1.0002373155065094
low,71154203,71154211,8,71154211,71154263,71154277,1,1,1,1,71154211,71154217,71154227,71154205,71154207,71154209,1,1,1,0,0,0,3.5,780,647,0.9997626844934906,1.0002373155065094
low,71154737,71154749,12,71154749,71154793,71154799,1,1,1,1,71154739,71154749,71154751,71154739,71154741,71154743,0,1,1,0,0,0,3.5,780,647,0.9997626844934906,1.0002373155065094
low,71154930,71154931,1,71154931,71154947,71154953,1,1,1,1,71154931,71154947,71154949,71154931,71154933,71154935,1,1,1,1,1,1,3.5,780,647,0.9997626844934906,1.0002373155065094
low,71155142,71155163,21,71155163,71155177,71155187,1,1,1,1,71155151,71155153,71155157,71155143,71155145,71155147,0,0,0,0,0,0,3.5,780,647,0.9997626844934906,1.0002373155065094
low,71155469,71155481,12,71155481,71155499,71155507,1,1,1,1,71155471,71155477,71155481,71155471,71155473,71155475,0,0,1,0,0,0,3.5,780,647,0.9997626844934906,1.0002373155065094
low,71155474,71155481,7,71155481,71155499,71155507,1,1,1,1,71155477,71155481,71155493,71155475,71155477,71155479,0,1,1,0,0,0,3.5,780,647,0.9997626844934906,1.0002373155065094
low,71155636,71155639,3,71155639,71155661,71155673,1,1,1,1,71155639,71155649,71155657,71155637,71155639,71155641,1,1,1,0,1,1,3.5,780,647,0.9997626844934906,1.0002373155065094
low,71155909,71155913,4,71155913,71155919,71155933,1,1,1,1,71155913,71155919,71155921,71155911,71155913,71155915,1,1,1,0,1,1,3.5,780,647,0.9997626844934906,1.0002373155065094
low,71155914,71155919,5,71155919,71155933,71155939,1,1,1,1,71155919,71155921,71155927,71155915,71155917,71155919,1,1,1,0,0,1,3.5,780,647,0.9997626844934906,1.0002373155065094
low,71155971,71155991,20,71155991,71156009,71156017,1,1,1,1,71155979,71155991,71155993,71155973,71155975,71155977,0,1,1,0,0,0,3.5,780,647,0.9997626844934906,1.0002373155065094
low,71156442,71156473,31,71156473,71156497,71156507,1,1,1,1,71156443,71156447,71156453,71156443,71156445,71156447,0,0,0,0,0,0,3.5,780,647,0.9997626844934906,1.0002373155065094
low,71156709,71156737,28,71156737,71156777,71156783,1,1,1,1,71156711,71156717,71156719,71156711,71156713,71156715,0,0,0,0,0,0,3.5,780,647,0.9997626844934906,1.0002373155065094
low,71156862,71156867,5,71156867,71156879,71156893,1,1,1,1,71156863,71156867,71156873,71156863,71156865,71156867,0,1,1,0,0,1,3.5,780,647,0.9997626844934906,1.0002373155065094
low,71156887,71156893,6,71156893,71156903,71156929,1,1,1,1,71156893,71156903,71156909,71156889,71156891,71156893,1,1,1,0,0,1,3.5,780,647,0.9997626844934906,1.0002373155065094
low,71157426,71157491,65,71157491,71157511,71157517,1,1,1,1,71157431,71157433,71157439,71157427,71157429,71157431,0,0,0,0,0,0,3.5,780,647,0.9997626844934906,1.0002373155065094
low,71157742,71157773,31,71157773,71157817,71157829,1,1,1,1,71157743,71157761,71157763,71157743,71157745,71157747,0,0,0,0,0,0,3.5,780,647,0.9997626844934906,1.0002373155065094
low,71158108,71158123,15,71158121,71158123,71158127,2,0,1,1,71158111,71158117,71158121,71158109,71158111,71158113,0,0,0,0,0,0,3.5,780,647,0.9997626844934906,1.0002373155065094
low,71158246,71158261,15,71158261,71158267,71158279,1,1,1,1,71158247,71158253,71158259,71158247,71158249,71158251,0,0,0,0,0,0,3.5,780,647,0.9997626844934906,1.0002373155065094
low,71158351,71158357,6,71158357,71158393,71158453,1,1,1,1,71158357,71158361,71158369,71158353,71158355,71158357,1,1,1,0,0,1,3.5,780,647,0.9997626844934906,1.0002373155065094
low,71158510,71158519,9,71158519,71158537,71158559,1,1,1,1,71158511,71158513,71158517,71158511,71158513,71158515,0,0,0,0,0,0,3.5,780,647,0.9997626844934906,1.0002373155065094
low,71158577,71158597,20,71158597,71158601,71158621,1,1,1,1,71158579,71158589,71158597,71158579,71158581,71158583,0,0,1,0,0,0,3.5,780,647,0.9997626844934906,1.0002373155065094
low,71158722,71158729,7,71158729,71158741,71158771,1,1,1,1,71158723,71158727,71158729,71158723,71158725,71158727,0,0,1,0,0,0,3.5,780,647,0.9997626844934906,1.0002373155065094
low,71158863,71158877,14,71158877,71158921,71158951,1,1,1,1,71158873,71158877,71158883,71158865,71158867,71158869,0,1,1,0,0,0,3.5,780,647,0.9997626844934906,1.0002373155065094
low,71159131,71159141,10,71159141,71159147,71159183,1,1,1,1,71159141,71159147,71159149,71159133,71159135,71159137,1,1,1,0,0,0,3.5,780,647,0.9997626844934906,1.0002373155065094
low,71159521,71159527,6,71159527,71159531,71159563,1,1,1,1,71159527,71159531,71159537,71159523,71159525,71159527,1,1,1,0,0,1,3.5,780,647,0.9997626844934906,1.0002373155065094
low,71159656,71159659,3,71159659,71159681,71159687,1,1,1,1,71159657,71159659,71159663,71159657,71159659,71159661,0,1,1,0,1,1,3.5,780,647,0.9997626844934906,1.0002373155065094
low,71159730,71159747,17,71159747,71159783,71159789,1,1,1,1,71159741,71159743,71159747,71159731,71159733,71159735,0,0,1,0,0,0,3.5,780,647,0.9997626844934906,1.0002373155065094
low,71159859,71159863,4,71159863,71159873,71159897,1,1,1,1,71159863,71159867,71159873,71159861,71159863,71159865,1,1,1,0,1,1,3.5,780,647,0.9997626844934906,1.0002373155065094
low,71159953,71159971,18,71159971,71159981,71159983,1,1,1,1,71159969,71159971,71159981,71159955,71159957,71159959,0,1,1,0,0,0,3.5,780,647,0.9997626844934906,1.0002373155065094
low,71160034,71160041,7,71160041,71160043,71160049,1,1,1,1,71160041,71160043,71160049,71160035,71160037,71160039,1,1,1,0,0,0,3.5,780,647,0.9997626844934906,1.0002373155065094
low,71160079,71160083,4,71160083,71160101,71160107,1,1,1,1,71160083,71160097,71160101,71160081,71160083,71160085,1,1,1,0,1,1,3.5,780,647,0.9997626844934906,1.0002373155065094
low,71160505,71160517,12,71160511,71160517,71160533,2,0,1,1,71160511,71160517,71160527,71160507,71160509,71160511,0,1,1,0,0,0,3.5,780,647,0.9997626844934906,1.0002373155065094
low,71160900,71160907,7,71160907,71160923,71160967,1,1,1,1,71160907,71160911,71160913,71160901,71160903,71160905,1,1,1,0,0,0,3.5,780,647,0.9997626844934906,1.0002373155065094
low,71161332,71161367,35,71161367,71161373,71161381,1,1,1,1,71161339,71161351,71161357,71161333,71161335,71161337,0,0,0,0,0,0,3.5,780,647,0.9997626844934906,1.0002373155065094
low,71161538,71161543,5,71161543,71161547,71161579,1,1,1,1,71161543,71161547,71161549,71161539,71161541,71161543,1,1,1,0,0,1,3.5,780,647,0.9997626844934906,1.0002373155065094
low,71161552,71161579,27,71161579,71161583,71161591,1,1,1,1,71161553,71161561,71161567,71161553,71161555,71161557,0,0,0,0,0,0,3.5,780,647,0.9997626844934906,1.0002373155065094
low,71162084,71162099,15,71162099,71162111,71162123,1,1,1,1,71162089,71162093,71162099,71162085,71162087,71162089,0,0,1,0,0,0,3.5,780,647,0.9997626844934906,1.0002373155065094
low,71162698,71162699,1,71162699,71162711,71162717,1,1,1,1,71162699,71162701,71162711,71162699,71162701,71162703,1,1,1,1,1,1,3.5,780,647,0.9997626844934906,1.0002373155065094
low,71163235,71163251,16,71163251,71163277,71163283,1,1,1,1,71163247,71163251,71163259,71163237,71163239,71163241,0,1,1,0,0,0,3.5,780,647,0.9997626844934906,1.0002373155065094
low,71163791,71163803,12,71163803,71163821,71163871,1,1,1,1,71163793,71163803,71163809,71163793,71163795,71163797,0,1,1,0,0,0,3.5,780,647,0.9997626844934906,1.0002373155065094
low,71164063,71164099,36,71164099,71164103,71164111,1,1,1,1,71164069,71164073,71164081,71164065,71164067,71164069,0,0,0,0,0,0,3.5,780,647,0.9997626844934906,1.0002373155065094
low,71164463,71164487,24,71164487,71164501,71164517,1,1,1,1,71164469,71164477,71164487,71164465,71164467,71164469,0,0,1,0,0,0,3.5,780,647,0.9997626844934906,1.0002373155065094
low,71164473,71164487,14,71164487,71164501,71164517,1,1,1,1,71164477,71164487,71164493,71164475,71164477,71164479,0,1,1,0,0,0,3.5,780,647,0.9997626844934906,1.0002373155065094
low,71165094,71165123,29,71165123,71165137,71165141,1,1,1,1,71165099,71165113,71165117,71165095,71165097,71165099,0,0,0,0,0,0,3.5,780,647,0.9997626844934906,1.0002373155065094
low,71165280,71165293,13,71165293,71165327,71165351,1,1,1,1,71165287,71165291,71165293,71165281,71165283,71165285,0,0,1,0,0,0,3.5,780,647,0.9997626844934906,1.0002373155065094
low,71165426,71165441,15,71165441,71165459,71165483,1,1,1,1,71165429,71165441,71165443,71165427,71165429,71165431,0,1,1,0,0,0,3.5,780,647,0.9997626844934906,1.0002373155065094
low,71165745,71165747,2,71165747,71165753,71165771,1,1,1,1,71165747,71165753,71165761,71165747,71165749,71165751,1,1,1,1,1,1,3.5,780,647,0.9997626844934906,1.0002373155065094
low,71166201,71166217,16,71166217,71166239,71166253,1,1,1,1,71166211,71166217,71166223,71166203,71166205,71166207,0,1,1,0,0,0,3.5,780,647,0.9997626844934906,1.0002373155065094
low,71166445,71166463,18,71166463,71166479,71166481,1,1,1,1,71166449,71166451,71166461,71166447,71166449,71166451,0,0,0,0,0,0,3.5,780,647,0.9997626844934906,1.0002373155065094
low,71166624,71166629,5,71166629,71166653,71166661,1,1,1,1,71166629,71166631,71166637,71166625,71166627,71166629,1,1,1,0,0,1,3.5,780,647,0.9997626844934906,1.0002373155065094
low,71166833,71166839,6,71166839,71166869,71166911,1,1,1,1,71166839,71166847,71166857,71166835,71166837,71166839,1,1,1,0,0,1,3.5,780,647,0.9997626844934906,1.0002373155065094
low,71166886,71166911,25,71166911,71166919,71166937,1,1,1,1,71166889,71166911,71166917,71166887,71166889,71166891,0,1,1,0,0,0,3.5,780,647,0.9997626844934906,1.0002373155065094
low,71166935,71166937,2,71166937,71166943,71166959,1,1,1,1,71166937,71166941,71166943,71166937,71166939,71166941,1,1,1,1,1,1,3.5,780,647,0.9997626844934906,1.0002373155065094
low,71167737,71167741,4,71167741,71167751,71167771,1,1,1,1,71167739,71167741,71167751,71167739,71167741,71167743,0,1,1,0,1,1,3.5,780,647,0.9997626844934906,1.0002373155065094
low,71168546,71168549,3,71168549,71168551,71168563,1,1,1,1,71168549,71168551,71168557,71168547,71168549,71168551,1,1,1,0,1,1,3.5,780,647,0.9997626844934906,1.0002373155065094
low,71168586,71168611,25,71168611,71168621,71168627,1,1,1,1,71168593,71168597,71168599,71168587,71168589,71168591,0,0,0,0,0,0,3.5,780,647,0.9997626844934906,1.0002373155065094
low,71169958,71169971,13,71169971,71169977,71169979,1,1,1,1,71169961,71169971,71169977,71169959,71169961,71169963,0,1,1,0,0,0,3.5,780,647,0.9997626844934906,1.0002373155065094
low,71170041,71170049,8,71170049,71170051,71170063,1,1,1,1,71170049,71170051,71170061,71170043,71170045,71170047,1,1,1,0,0,0,3.5,780,647,0.9997626844934906,1.0002373155065094
low,71170761,71170783,22,71170783,71170807,71170811,1,1,1,1,71170769,71170777,71170783,71170763,71170765,71170767,0,0,1,0,0,0,3.5,780,647,0.9997626844934906,1.0002373155065094
low,71171106,71171117,11,71171117,71171137,71171141,1,1,1,1,71171117,71171119,71171123,71171107,71171109,71171111,1,1,1,0,0,0,3.5,780,647,0.9997626844934906,1.0002373155065094
low,71171405,71171413,8,71171413,71171447,71171459,1,1,1,1,71171411,71171413,71171417,71171407,71171409,71171411,0,1,1,0,0,0,3.5,780,647,0.9997626844934906,1.0002373155065094
low,71171525,71171533,8,71171533,71171543,71171557,1,1,1,1,71171531,71171533,71171543,71171527,71171529,71171531,0,1,1,0,0,0,3.5,780,647,0.9997626844934906,1.0002373155065094
low,71171537,71171543,6,71171543,71171557,71171561,1,1,1,1,71171543,71171557,71171561,71171539,71171541,71171543,1,1,1,0,0,1,3.5,780,647,0.9997626844934906,1.0002373155065094
low,71171646,71171647,1,71171647,71171651,71171657,1,1,1,1,71171647,71171651,71171657,71171647,71171649,71171651,1,1,1,1,1,1,3.5,780,647,0.9997626844934906,1.0002373155065094
low,71172048,71172067,19,71172067,71172071,71172077,1,1,1,1,71172053,71172067,71172071,71172049,71172051,71172053,0,1,1,0,0,0,3.5,780,647,0.9997626844934906,1.0002373155065094
low,71172212,71172221,9,71172221,71172229,71172253,1,1,1,1,71172221,71172223,71172229,71172213,71172215,71172217,1,1,1,0,0,0,3.5,780,647,0.9997626844934906,1.0002373155065094
low,71172609,71172631,22,71172631,71172637,71172671,1,1,1,1,71172611,71172617,71172623,71172611,71172613,71172615,0,0,0,0,0,0,3.5,780,647,0.9997626844934906,1.0002373155065094
low,71172668,71172671,3,71172671,71172701,71172707,1,1,1,1,71172671,71172677,71172679,71172669,71172671,71172673,1,1,1,0,1,1,3.5,780,647,0.9997626844934906,1.0002373155065094
low,71172699,71172701,2,71172701,71172707,71172709,1,1,1,1,71172701,71172707,71172709,71172701,71172703,71172705,1,1,1,1,1,1,3.5,780,647,0.9997626844934906,1.0002373155065094
low,71172877,71172887,10,71172887,71172901,71172911,1,1,1,1,71172883,71172887,71172889,71172879,71172881,71172883,0,1,1,0,0,0,3.5,780,647,0.9997626844934906,1.0002373155065094
low,71173121,71173129,8,71173129,71173133,71173139,1,1,1,1,71173127,71173129,71173133,71173123,71173125,71173127,0,1,1,0,0,0,3.5,780,647,0.9997626844934906,1.0002373155065094
low,71173405,71173409,4,71173409,71173433,71173439,1,1,1,1,71173409,71173423,71173429,71173407,71173409,71173411,1,1,1,0,1,1,3.5,780,647,0.9997626844934906,1.0002373155065094
low,71173537,71173559,22,71173559,71173561,71173573,1,1,1,1,71173541,71173547,71173549,71173539,71173541,71173543,0,0,0,0,0,0,3.5,780,647,0.9997626844934906,1.0002373155065094
low,71173847,71173853,6,71173853,71173871,71173889,1,1,1,1,71173853,71173871,71173873,71173849,71173851,71173853,1,1,1,0,0,1,3.5,780,647,0.9997626844934906,1.0002373155065094
low,71174060,71174083,23,71174083,71174099,71174107,1,1,1,1,71174063,71174069,71174071,71174061,71174063,71174065,0,0,0,0,0,0,3.5,780,647,0.9997626844934906,1.0002373155065094
low,71174310,71174317,7,71174317,71174321,71174333,1,1,1,1,71174317,71174321,71174329,71174311,71174313,71174315,1,1,1,0,0,0,3.5,780,647,0.9997626844934906,1.0002373155065094
low,71174564,71174567,3,71174567,71174603,71174639,1,1,1,1,71174567,71174569,71174573,71174565,71174567,71174569,1,1,1,0,1,1,3.5,780,647,0.9997626844934906,1.0002373155065094
low,71174672,71174683,11,71174683,71174749,71174759,1,1,1,1,71174681,71174683,71174687,71174673,71174675,71174677,0,1,1,0,0,0,3.5,780,647,0.9997626844934906,1.0002373155065094
low,71174734,71174749,15,71174749,71174759,71174773,1,1,1,1,71174737,71174743,71174749,71174735,71174737,71174739,0,0,1,0,0,0,3.5,780,647,0.9997626844934906,1.0002373155065094
low,71175072,71175113,41,71175103,71175113,71175127,2,0,1,1,71175079,71175089,71175101,71175073,71175075,71175077,0,0,0,0,0,0,3.5,780,647,0.9997626844934906,1.0002373155065094
low,71175435,71175439,4,71175439,71175443,71175491,1,1,1,1,71175437,71175439,71175443,71175437,71175439,71175441,0,1,1,0,1,1,3.5,780,647,0.9997626844934906,1.0002373155065094
low,71175712,71175739,27,71175739,71175751,71175757,1,1,1,1,71175721,71175733,71175737,71175713,71175715,71175717,0,0,0,0,0,0,3.5,780,647,0.9997626844934906,1.0002373155065094
low,71176333,71176349,16,71176349,71176363,71176373,1,1,1,1,71176349,71176351,71176361,71176335,71176337,71176339,1,1,1,0,0,0,3.5,780,647,0.9997626844934906,1.0002373155065094
low,71176404,71176423,19,71176423,71176453,71176459,1,1,1,1,71176409,71176423,71176429,71176405,71176407,71176409,0,1,1,0,0,0,3.5,780,647,0.9997626844934906,1.0002373155065094
low,71177181,71177191,10,71177191,71177201,71177261,1,1,1,1,71177189,71177191,71177201,71177183,71177185,71177187,0,1,1,0,0,0,3.5,780,647,0.9997626844934906,1.0002373155065094
low,71177479,71177489,10,71177489,71177501,71177507,1,1,1,1,71177489,71177497,71177501,71177481,71177483,71177485,1,1,1,0,0,0,3.5,780,647,0.9997626844934906,1.0002373155065094
low,71178222,71178223,1,71178223,71178241,71178271,1,1,1,1,71178223,71178227,71178229,71178223,71178225,71178227,1,1,1,1,1,1,3.5,780,647,0.9997626844934906,1.0002373155065094
low,71179146,71179151,5,71179151,71179169,71179183,1,1,1,1,71179151,71179159,71179169,71179147,71179149,71179151,1,1,1,0,0,1,3.5,780,647,0.9997626844934906,1.0002373155065094
low,71179224,71179271,47,71179271,71179331,71179337,1,1,1,1,71179231,71179237,71179243,71179225,71179227,71179229,0,0,0,0,0,0,3.5,780,647,0.9997626844934906,1.0002373155065094
low,71179477,71179481,4,71179481,71179483,71179487,1,1,1,1,71179481,71179483,71179487,71179479,71179481,71179483,1,1,1,0,1,1,3.5,780,647,0.9997626844934906,1.0002373155065094
low,71179512,71179519,7,71179519,71179523,71179531,1,1,1,1,71179513,71179517,71179519,71179513,71179515,71179517,0,0,1,0,0,0,3.5,780,647,0.9997626844934906,1.0002373155065094
low,71179834,71179837,3,71179837,71179847,71179853,1,1,1,1,71179837,71179841,71179847,71179835,71179837,71179839,1,1,1,0,1,1,3.5,780,647,0.9997626844934906,1.0002373155065094
low,71179884,71179939,55,71179939,71179957,71179961,1,1,1,1,71179897,71179903,71179907,71179885,71179887,71179889,0,0,0,0,0,0,3.5,780,647,0.9997626844934906,1.0002373155065094
low,71180022,71180069,47,71180069,71180089,71180117,1,1,1,1,71180027,71180029,71180033,71180023,71180025,71180027,0,0,0,0,0,0,3.5,780,647,0.9997626844934906,1.0002373155065094
low,71180278,71180279,1,71180279,71180293,71180303,1,1,1,1,71180279,71180281,71180287,71180279,71180281,71180283,1,1,1,1,1,1,3.5,780,647,0.9997626844934906,1.0002373155065094
low,71180834,71180849,15,71180849,71180869,71180873,1,1,1,1,71180839,71180843,71180849,71180835,71180837,71180839,0,0,1,0,0,0,3.5,780,647,0.9997626844934906,1.0002373155065094
low,71180896,71180899,3,71180899,71180903,71180939,1,1,1,1,71180899,71180903,71180909,71180897,71180899,71180901,1,1,1,0,1,1,3.5,780,647,0.9997626844934906,1.0002373155065094
low,71180923,71180939,16,71180939,71180951,71180957,1,1,1,1,71180927,71180933,71180939,71180925,71180927,71180929,0,0,1,0,0,0,3.5,780,647,0.9997626844934906,1.0002373155065094
low,71180957,71180969,12,71180969,71180971,71180987,1,1,1,1,71180959,71180969,71180971,71180959,71180961,71180963,0,1,1,0,0,0,3.5,780,647,0.9997626844934906,1.0002373155065094
low,71181172,71181223,51,71181223,71181233,71181241,1,1,1,1,71181179,71181181,71181191,71181173,71181175,71181177,0,0,0,0,0,0,3.5,780,647,0.9997626844934906,1.0002373155065094
low,71181452,71181463,11,71181463,71181479,71181493,1,1,1,1,71181463,71181469,71181479,71181453,71181455,71181457,1,1,1,0,0,0,3.5,780,647,0.9997626844934906,1.0002373155065094
low,71181492,71181493,1,71181493,71181511,71181529,1,1,1,1,71181493,71181497,71181503,71181493,71181495,71181497,1,1,1,1,1,1,3.5,780,647,0.9997626844934906,1.0002373155065094
low,71181827,71181841,14,71181841,71181883,71181889,1,1,1,1,71181829,71181833,71181841,71181829,71181831,71181833,0,0,1,0,0,0,3.5,780,647,0.9997626844934906,1.0002373155065094
low,71181917,71181931,14,71181931,71181949,71181953,1,1,1,1,71181919,71181931,71181937,71181919,71181921,71181923,0,1,1,0,0,0,3.5,780,647,0.9997626844934906,1.0002373155065094
low,71182044,71182057,13,71182057,71182063,71182091,1,1,1,1,71182049,71182051,71182057,71182045,71182047,71182049,0,0,1,0,0,0,3.5,780,647,0.9997626844934906,1.0002373155065094
low,71182080,71182091,11,71182091,71182099,71182121,1,1,1,1,71182081,71182087,71182091,71182081,71182083,71182085,0,0,1,0,0,0,3.5,780,647,0.9997626844934906,1.0002373155065094
low,71182642,71182663,21,71182663,71182691,71182693,1,1,1,1,71182649,71182651,71182663,71182643,71182645,71182647,0,0,1,0,0,0,3.5,780,647,0.9997626844934906,1.0002373155065094
low,71182678,71182691,13,71182691,71182693,71182703,1,1,1,1,71182679,71182681,71182687,71182679,71182681,71182683,0,0,0,0,0,0,3.5,780,647,0.9997626844934906,1.0002373155065094
low,71182904,71182919,15,71182919,71182921,71182933,1,1,1,1,71182913,71182919,71182921,71182905,71182907,71182909,0,1,1,0,0,0,3.5,780,647,0.9997626844934906,1.0002373155065094
low,71183105,71183191,86,71183117,71183191,71183209,2,0,1,1,71183107,71183111,71183113,71183107,71183109,71183111,0,0,0,0,0,0,3.5,780,647,0.9997626844934906,1.0002373155065094
low,71183297,71183311,14,71183311,71183351,71183377,1,1,1,1,71183303,71183309,71183311,71183299,71183301,71183303,0,0,1,0,0,0,3.5,780,647,0.9997626844934906,1.0002373155065094
low,71183385,71183417,32,71183417,71183423,71183473,1,1,1,1,71183389,71183393,71183401,71183387,71183389,71183391,0,0,0,0,0,0,3.5,780,647,0.9997626844934906,1.0002373155065094
low,71183497,71183507,10,71183507,71183513,71183531,1,1,1,1,71183501,71183503,71183507,71183499,71183501,71183503,0,0,1,0,0,0,3.5,780,647,0.9997626844934906,1.0002373155065094
low,71183619,71183621,2,71183621,71183639,71183653,1,1,1,1,71183621,71183627,71183639,71183621,71183623,71183625,1,1,1,1,1,1,3.5,780,647,0.9997626844934906,1.0002373155065094
low,71183860,71183863,3,71183863,71183869,71183887,1,1,1,1,71183863,71183867,71183869,71183861,71183863,71183865,1,1,1,0,1,1,3.5,780,647,0.9997626844934906,1.0002373155065094
low,71184007,71184017,10,71184017,71184073,71184079,1,1,1,1,71184017,71184019,71184023,71184009,71184011,71184013,1,1,1,0,0,0,3.5,780,647,0.9997626844934906,1.0002373155065094
low,71185538,71185547,9,71185547,71185549,71185559,1,1,1,1,71185547,71185549,71185553,71185539,71185541,71185543,1,1,1,0,0,0,3.5,780,647,0.9997626844934906,1.0002373155065094
low,71185590,71185603,13,71185603,71185643,71185651,1,1,1,1,71185591,71185601,71185603,71185591,71185593,71185595,0,0,1,0,0,0,3.5,780,647,0.9997626844934906,1.0002373155065094
low,71185777,71185781,4,71185781,71185813,71185823,1,1,1,1,71185781,71185787,71185789,71185779,71185781,71185783,1,1,1,0,1,1,3.5,780,647,0.9997626844934906,1.0002373155065094
low,71186213,71186231,18,71186231,71186243,71186249,1,1,1,1,71186221,71186231,71186233,71186215,71186217,71186219,0,1,1,0,0,0,3.5,780,647,0.9997626844934906,1.0002373155065094
low,71186793,71186807,14,71186807,71186809,71186813,1,1,1,1,71186807,71186809,71186813,71186795,71186797,71186799,1,1,1,0,0,0,3.5,780,647,0.9997626844934906,1.0002373155065094
low,71187118,71187121,3,71187121,71187133,71187163,1,1,1,1,71187119,71187121,71187131,71187119,71187121,71187123,0,1,1,0,1,1,3.5,780,647,0.9997626844934906,1.0002373155065094
low,71187366,71187379,13,71187379,71187407,71187463,1,1,1,1,71187367,71187371,71187377,71187367,71187369,71187371,0,0,0,0,0,0,3.5,780,647,0.9997626844934906,1.0002373155065094
low,71187631,71187643,12,71187643,71187647,71187659,1,1,1,1,71187637,71187643,71187647,71187633,71187635,71187637,0,1,1,0,0,0,3.5,780,647,0.9997626844934906,1.0002373155065094
low,71187657,71187659,2,71187659,71187679,71187703,1,1,1,1,71187659,71187667,71187671,71187659,71187661,71187663,1,1,1,1,1,1,3.5,780,647,0.9997626844934906,1.0002373155065094
low,71187844,71187847,3,71187847,71187859,71187887,1,1,1,1,71187847,71187859,71187863,71187845,71187847,71187849,1,1,1,0,1,1,3.5,780,647,0.9997626844934906,1.0002373155065094
low,71187866,71187887,21,71187887,71187899,71187913,1,1,1,1,71187869,71187871,71187877,71187867,71187869,71187871,0,0,0,0,0,0,3.5,780,647,0.9997626844934906,1.0002373155065094
low,71187970,71187979,9,71187979,71187983,71187989,1,1,1,1,71187971,71187973,71187979,71187971,71187973,71187975,0,0,1,0,0,0,3.5,780,647,0.9997626844934906,1.0002373155065094
low,71188151,71188171,20,71188171,71188181,71188189,1,1,1,1,71188153,71188157,71188171,71188153,71188155,71188157,0,0,1,0,0,0,3.5,780,647,0.9997626844934906,1.0002373155065094
low,71188428,71188463,35,71188463,71188477,71188483,1,1,1,1,71188433,71188441,71188451,71188429,71188431,71188433,0,0,0,0,0,0,3.5,780,647,0.9997626844934906,1.0002373155065094
low,71188523,71188541,18,71188541,71188549,71188561,1,1,1,1,71188529,71188531,71188541,71188525,71188527,71188529,0,0,1,0,0,0,3.5,780,647,0.9997626844934906,1.0002373155065094
low,71188814,71188829,15,71188829,71188853,71188861,1,1,1,1,71188829,71188837,71188847,71188815,71188817,71188819,1,1,1,0,0,0,3.5,780,647,0.9997626844934906,1.0002373155065094
low,71188940,71188969,29,71188963,71188969,71189011,2,0,1,1,71188951,71188961,71188963,71188941,71188943,71188945,0,0,0,0,0,0,3.5,780,647,0.9997626844934906,1.0002373155065094
low,71189324,71189351,27,71189351,71189389,71189411,1,1,1,1,71189329,71189341,71189351,71189325,71189327,71189329,0,0,1,0,0,0,3.5,780,647,0.9997626844934906,1.0002373155065094
low,71189650,71189687,37,71189687,71189689,71189707,1,1,1,1,71189653,71189663,71189681,71189651,71189653,71189655,0,0,0,0,0,0,3.5,780,647,0.9997626844934906,1.0002373155065094
low,71189751,71189777,26,71189777,71189791,71189801,1,1,1,1,71189753,71189759,71189771,71189753,71189755,71189757,0,0,0,0,0,0,3.5,780,647,0.9997626844934906,1.0002373155065094
low,71189825,71189849,24,71189849,71189861,71189869,1,1,1,1,71189831,71189837,71189843,71189827,71189829,71189831,0,0,0,0,0,0,3.5,780,647,0.9997626844934906,1.0002373155065094
low,71189924,71189927,3,71189927,71189939,71189957,1,1,1,1,71189927,71189929,71189933,71189925,71189927,71189929,1,1,1,0,1,1,3.5,780,647,0.9997626844934906,1.0002373155065094
low,71190107,71190127,20,71190127,71190149,71190191,1,1,1,1,71190109,71190113,71190121,71190109,71190111,71190113,0,0,0,0,0,0,3.5,780,647,0.9997626844934906,1.0002373155065094
low,71190151,71190191,40,71190191,71190193,71190211,1,1,1,1,71190167,71190173,71190179,71190153,71190155,71190157,0,0,0,0,0,0,3.5,780,647,0.9997626844934906,1.0002373155065094
low,71190347,71190349,2,71190349,71190367,71190401,1,1,1,1,71190349,71190367,71190377,71190349,71190351,71190353,1,1,1,1,1,1,3.5,780,647,0.9997626844934906,1.0002373155065094
low,71190386,71190401,15,71190401,71190421,71190439,1,1,1,1,71190391,71190401,71190403,71190387,71190389,71190391,0,1,1,0,0,0,3.5,780,647,0.9997626844934906,1.0002373155065094
low,71190388,71190401,13,71190401,71190421,71190439,1,1,1,1,71190391,71190401,71190403,71190389,71190391,71190393,0,1,1,0,0,0,3.5,780,647,0.9997626844934906,1.0002373155065094
low,71190931,71190937,6,71190937,71190943,71190971,1,1,1,1,71190937,71190941,71190943,71190933,71190935,71190937,1,1,1,0,0,1,3.5,780,647,0.9997626844934906,1.0002373155065094
low,71190973,71190989,16,71190989,71190991,71191007,1,1,1,1,71190979,71190983,71190989,71190975,71190977,71190979,0,0,1,0,0,0,3.5,780,647,0.9997626844934906,1.0002373155065094
low,71191295,71191297,2,71191297,71191301,71191303,1,1,1,1,71191297,71191301,71191303,71191297,71191299,71191301,1,1,1,1,1,1,3.5,780,647,0.9997626844934906,1.0002373155065094
low,71191428,71191451,23,71191447,71191451,71191481,2,0,1,1,71191429,71191441,71191447,71191429,71191431,71191433,0,0,0,0,0,0,3.5,780,647,0.9997626844934906,1.0002373155065094
low,71191563,71191579,16,71191579,71191591,71191609,1,1,1,1,71191567,71191573,71191577,71191565,71191567,71191569,0,0,0,0,0,0,3.5,780,647,0.9997626844934906,1.0002373155065094
low,71191813,71191817,4,71191817,71191823,71191829,1,1,1,1,71191817,71191819,71191823,71191815,71191817,71191819,1,1,1,0,1,1,3.5,780,647,0.9997626844934906,1.0002373155065094
low,71191876,71191891,15,71191891,71191907,71191909,1,1,1,1,71191889,71191891,71191907,71191877,71191879,71191881,0,1,1,0,0,0,3.5,780,647,0.9997626844934906,1.0002373155065094
low,71191906,71191907,1,71191907,71191909,71191919,1,1,1,1,71191907,71191909,71191919,71191907,71191909,71191911,1,1,1,1,1,1,3.5,780,647,0.9997626844934906,1.0002373155065094
low,71192198,71192201,3,71192201,71192203,71192227,1,1,1,1,71192201,71192203,71192207,71192199,71192201,71192203,1,1,1,0,1,1,3.5,780,647,0.9997626844934906,1.0002373155065094
low,71192313,71192327,14,71192327,71192347,71192353,1,1,1,1,71192321,71192323,71192327,71192315,71192317,71192319,0,0,1,0,0,0,3.5,780,647,0.9997626844934906,1.0002373155065094
low,71192664,71192683,19,71192683,71192689,71192701,1,1,1,1,71192669,71192683,71192687,71192665,71192667,71192669,0,1,1,0,0,0,3.5,780,647,0.9997626844934906,1.0002373155065094
low,71192873,71192893,20,71192893,71192897,71192899,1,1,1,1,71192879,71192881,71192887,71192875,71192877,71192879,0,0,0,0,0,0,3.5,780,647,0.9997626844934906,1.0002373155065094
low,71192915,71192951,36,71192951,71192959,71192963,1,1,1,1,71192917,71192921,71192929,71192917,71192919,71192921,0,0,0,0,0,0,3.5,780,647,0.9997626844934906,1.0002373155065094
low,71193301,71193307,6,71193307,71193313,71193341,1,1,1,1,71193307,71193313,71193319,71193303,71193305,71193307,1,1,1,0,0,1,3.5,780,647,0.9997626844934906,1.0002373155065094
low,71193342,71193359,17,71193359,71193371,71193379,1,1,1,1,71193359,71193371,71193373,71193343,71193345,71193347,1,1,1,0,0,0,3.5,780,647,0.9997626844934906,1.0002373155065094
low,71193381,71193401,20,71193401,71193443,71193449,1,1,1,1,71193383,71193389,71193391,71193383,71193385,71193387,0,0,0,0,0,0,3.5,780,647,0.9997626844934906,1.0002373155065094
low,71193477,71193481,4,71193481,71193523,71193539,1,1,1,1,71193481,71193491,71193497,71193479,71193481,71193483,1,1,1,0,1,1,3.5,780,647,0.9997626844934906,1.0002373155065094
low,71194458,71194471,13,71194471,71194477,71194489,1,1,1,1,71194469,71194471,71194477,71194459,71194461,71194463,0,1,1,0,0,0,3.5,780,647,0.9997626844934906,1.0002373155065094
low,71194565,71194567,2,71194567,71194583,71194619,1,1,1,1,71194567,71194573,71194579,71194567,71194569,71194571,1,1,1,1,1,1,3.5,780,647,0.9997626844934906,1.0002373155065094
low,71194566,71194567,1,71194567,71194583,71194619,1,1,1,1,71194567,71194573,71194579,71194567,71194569,71194571,1,1,1,1,1,1,3.5,780,647,0.9997626844934906,1.0002373155065094
low,71194691,71194699,8,71194699,71194703,71194709,1,1,1,1,71194693,71194699,71194703,71194693,71194695,71194697,0,1,1,0,0,0,3.5,780,647,0.9997626844934906,1.0002373155065094
low,71195463,71195503,40,71195503,71195519,71195521,1,1,1,1,71195471,71195477,71195479,71195465,71195467,71195469,0,0,0,0,0,0,3.5,780,647,0.9997626844934906,1.0002373155065094
low,71195660,71195671,11,71195671,71195687,71195693,1,1,1,1,71195669,71195671,71195681,71195661,71195663,71195665,0,1,1,0,0,0,3.5,780,647,0.9997626844934906,1.0002373155065094
low,71195752,71195753,1,71195753,71195759,71195797,1,1,1,1,71195753,71195759,71195767,71195753,71195755,71195757,1,1,1,1,1,1,3.5,780,647,0.9997626844934906,1.0002373155065094
low,71195876,71195897,21,71195897,71195909,71195911,1,1,1,1,71195893,71195897,71195903,71195877,71195879,71195881,0,1,1,0,0,0,3.5,780,647,0.9997626844934906,1.0002373155065094
low,71195998,71196007,9,71196007,71196019,71196043,1,1,1,1,71196001,71196007,71196011,71195999,71196001,71196003,0,1,1,0,0,0,3.5,780,647,0.9997626844934906,1.0002373155065094
low,71196077,71196091,14,71196091,71196101,71196107,1,1,1,1,71196079,71196089,71196091,71196079,71196081,71196083,0,0,1,0,0,0,3.5,780,647,0.9997626844934906,1.0002373155065094
low,71196256,71196259,3,71196259,71196269,71196271,1,1,1,1,71196259,71196263,71196269,71196257,71196259,71196261,1,1,1,0,1,1,3.5,780,647,0.9997626844934906,1.0002373155065094
low,71196521,71196533,12,71196533,71196557,71196563,1,1,1,1,71196529,71196533,71196539,71196523,71196525,71196527,0,1,1,0,0,0,3.5,780,647,0.9997626844934906,1.0002373155065094
low,71196817,71196823,6,71196823,71196841,71196847,1,1,1,1,71196821,71196823,71196841,71196819,71196821,71196823,0,1,1,0,0,1,3.5,780,647,0.9997626844934906,1.0002373155065094
low,71196952,71196997,45,71196997,71197013,71197039,1,1,1,1,71196953,71196959,71196967,71196953,71196955,71196957,0,0,0,0,0,0,3.5,780,647,0.9997626844934906,1.0002373155065094
low,71197654,71197661,7,71197661,71197681,71197691,1,1,1,1,71197657,71197661,71197663,71197655,71197657,71197659,0,1,1,0,0,0,3.5,780,647,0.9997626844934906,1.0002373155065094
low,71198506,71198521,15,71198521,71198531,71198539,1,1,1,1,71198507,71198513,71198521,71198507,71198509,71198511,0,0,1,0,0,0,3.5,780,647,0.9997626844934906,1.0002373155065094
low,71199236,71199239,3,71199239,71199257,71199301,1,1,1,1,71199239,71199241,71199253,71199237,71199239,71199241,1,1,1,0,1,1,3.5,780,647,0.9997626844934906,1.0002373155065094
low,71199384,71199389,5,71199389,71199397,71199409,1,1,1,1,71199389,71199391,71199397,71199385,71199387,71199389,1,1,1,0,0,1,3.5,780,647,0.9997626844934906,1.0002373155065094
low,71199658,71199659,1,71199659,71199691,71199719,1,1,1,1,71199659,71199671,71199673,71199659,71199661,71199663,1,1,1,1,1,1,3.5,780,647,0.9997626844934906,1.0002373155065094
low,71199852,71199853,1,71199853,71199899,71199913,1,1,1,1,71199853,71199857,71199871,71199853,71199855,71199857,1,1,1,1,1,1,3.5,780,647,0.9997626844934906,1.0002373155065094
low,71200107,71200117,10,71200117,71200121,71200127,1,1,1,1,71200109,71200117,71200121,71200109,71200111,71200113,0,1,1,0,0,0,3.5,780,647,0.9997626844934906,1.0002373155065094
low,71200297,71200309,12,71200309,71200333,71200351,1,1,1,1,71200303,71200309,71200313,71200299,71200301,71200303,0,1,1,0,0,0,3.5,780,647,0.9997626844934906,1.0002373155065094
low,71200341,71200351,10,71200351,71200379,71200421,1,1,1,1,71200343,71200351,71200357,71200343,71200345,71200347,0,1,1,0,0,0,3.5,780,647,0.9997626844934906,1.0002373155065094
low,71200507,71200511,4,71200511,71200531,71200541,1,1,1,1,71200511,71200513,71200517,71200509,71200511,71200513,1,1,1,0,1,1,3.5,780,647,0.9997626844934906,1.0002373155065094
low,71201287,71201311,24,71201311,71201323,71201329,1,1,1,1,71201297,71201309,71201311,71201289,71201291,71201293,0,0,1,0,0,0,3.5,780,647,0.9997626844934906,1.0002373155065094
low,71201298,71201311,13,71201311,71201323,71201329,1,1,1,1,71201309,71201311,71201323,71201299,71201301,71201303,0,1,1,0,0,0,3.5,780,647,0.9997626844934906,1.0002373155065094
low,71201319,71201323,4,71201323,71201329,71201371,1,1,1,1,71201323,71201327,71201329,71201321,71201323,71201325,1,1,1,0,1,1,3.5,780,647,0.9997626844934906,1.0002373155065094
low,71201575,71201617,42,71201609,71201617,71201621,2,0,1,1,71201579,71201587,71201591,71201577,71201579,71201581,0,0,0,0,0,0,3.5,780,647,0.9997626844934906,1.0002373155065094
low,71201726,71201749,23,71201749,71201807,71201827,1,1,1,1,71201731,71201737,71201743,71201727,71201729,71201731,0,0,0,0,0,0,3.5,780,647,0.9997626844934906,1.0002373155065094
low,71201797,71201807,10,71201807,71201827,71201833,1,1,1,1,71201803,71201807,71201821,71201799,71201801,71201803,0,1,1,0,0,0,3.5,780,647,0.9997626844934906,1.0002373155065094
low,71202152,71202167,15,71202167,71202191,71202193,1,1,1,1,71202161,71202167,71202169,71202153,71202155,71202157,0,1,1,0,0,0,3.5,780,647,0.9997626844934906,1.0002373155065094
low,71202430,71202431,1,71202431,71202437,71202449,1,1,1,1,71202431,71202433,71202437,71202431,71202433,71202435,1,1,1,1,1,1,3.5,780,647,0.9997626844934906,1.0002373155065094
low,71202604,71202619,15,71202617,71202619,71202623,2,0,1,1,71202611,71202617,71202619,71202605,71202607,71202609,0,0,1,0,0,0,3.5,780,647,0.9997626844934906,1.0002373155065094
low,71202806,71202881,75,71202827,71202881,71202907,2,0,1,1,71202809,71202811,71202821,71202807,71202809,71202811,0,0,0,0,0,0,3.5,780,647,0.9997626844934906,1.0002373155065094
low,71203175,71203177,2,71203177,71203213,71203243,1,1,1,1,71203177,71203183,71203189,71203177,71203179,71203181,1,1,1,1,1,1,3.5,780,647,0.9997626844934906,1.0002373155065094
low,71203251,71203267,16,71203267,71203291,71203303,1,1,1,1,71203261,71203267,71203271,71203253,71203255,71203257,0,1,1,0,0,0,3.5,780,647,0.9997626844934906,1.0002373155065094
low,71203383,71203387,4,71203387,71203403,71203417,1,1,1,1,71203387,71203397,71203399,71203385,71203387,71203389,1,1,1,0,1,1,3.5,780,647,0.9997626844934906,1.0002373155065094
low,71203390,71203403,13,71203403,71203417,71203441,1,1,1,1,71203397,71203399,71203403,71203391,71203393,71203395,0,0,1,0,0,0,3.5,780,647,0.9997626844934906,1.0002373155065094
low,71204203,71204213,10,71204213,71204233,71204257,1,1,1,1,71204207,71204209,71204213,71204205,71204207,71204209,0,0,1,0,0,0,3.5,780,647,0.9997626844934906,1.0002373155065094
low,71204306,71204321,15,71204321,71204323,71204333,1,1,1,1,71204311,71204317,71204321,71204307,71204309,71204311,0,0,1,0,0,0,3.5,780,647,0.9997626844934906,1.0002373155065094
low,71204399,71204411,12,71204411,71204417,71204429,1,1,1,1,71204401,71204407,71204411,71204401,71204403,71204405,0,0,1,0,0,0,3.5,780,647,0.9997626844934906,1.0002373155065094
low,71204489,71204491,2,71204491,71204513,71204531,1,1,1,1,71204491,71204501,71204503,71204491,71204493,71204495,1,1,1,1,1,1,3.5,780,647,0.9997626844934906,1.0002373155065094
low,71204754,71204767,13,71204759,71204767,71204801,2,0,1,1,71204759,71204767,71204779,71204755,71204757,71204759,0,1,1,0,0,0,3.5,780,647,0.9997626844934906,1.0002373155065094
low,71204857,71204863,6,71204863,71204869,71204879,1,1,1,1,71204863,71204867,71204869,71204859,71204861,71204863,1,1,1,0,0,1,3.5,780,647,0.9997626844934906,1.0002373155065094
low,71205270,71205287,17,71205287,71205313,71205317,1,1,1,1,71205271,71205283,71205287,71205271,71205273,71205275,0,0,1,0,0,0,3.5,780,647,0.9997626844934906,1.0002373155065094
low,71205441,71205457,16,71205457,71205487,71205529,1,1,1,1,71205443,71205451,71205457,71205443,71205445,71205447,0,0,1,0,0,0,3.5,780,647,0.9997626844934906,1.0002373155065094
low,71205639,71205653,14,71205653,71205679,71205683,1,1,1,1,71205647,71205649,71205653,71205641,71205643,71205645,0,0,1,0,0,0,3.5,780,647,0.9997626844934906,1.0002373155065094
low,71205836,71205851,15,71205851,71205859,71205899,1,1,1,1,71205839,71205847,71205851,71205837,71205839,71205841,0,0,1,0,0,0,3.5,780,647,0.9997626844934906,1.0002373155065094
low,71206041,71206043,2,71206043,71206067,71206087,1,1,1,1,71206043,71206061,71206063,71206043,71206045,71206047,1,1,1,1,1,1,3.5,780,647,0.9997626844934906,1.0002373155065094
low,71206119,71206123,4,71206123,71206127,71206133,1,1,1,1,71206123,71206127,71206133,71206121,71206123,71206125,1,1,1,0,1,1,3.5,780,647,0.9997626844934906,1.0002373155065094
low,71206161,71206181,20,71206181,71206199,71206207,1,1,1,1,71206169,71206171,71206181,71206163,71206165,71206167,0,0,1,0,0,0,3.5,780,647,0.9997626844934906,1.0002373155065094
low,71206309,71206361,52,71206361,71206391,71206393,1,1,1,1,71206313,71206327,71206337,71206311,71206313,71206315,0,0,0,0,0,0,3.5,780,647,0.9997626844934906,1.0002373155065094
low,71206445,71206453,8,71206453,71206469,71206481,1,1,1,1,71206451,71206453,71206463,71206447,71206449,71206451,0,1,1,0,0,0,3.5,780,647,0.9997626844934906,1.0002373155065094
low,71206479,71206481,2,71206481,71206511,71206517,1,1,1,1,71206481,71206483,71206493,71206481,71206483,71206485,1,1,1,1,1,1,3.5,780,647,0.9997626844934906,1.0002373155065094
low,71206648,71206649,1,71206649,71206651,71206657,1,1,1,1,71206649,71206651,71206657,71206649,71206651,71206653,1,1,1,1,1,1,3.5,780,647,0.9997626844934906,1.0002373155065094
low,71206710,71206711,1,71206711,71206747,71206831,1,1,1,1,71206711,71206717,71206721,71206711,71206713,71206715,1,1,1,1,1,1,3.5,780,647,0.9997626844934906,1.0002373155065094
low,71206864,71206867,3,71206867,71206903,71206909,1,1,1,1,71206867,71206871,71206879,71206865,71206867,71206869,1,1,1,0,1,1,3.5,780,647,0.9997626844934906,1.0002373155065094
low,71206939,71206957,18,71206957,71206991,71207009,1,1,1,1,71206943,71206951,71206957,71206941,71206943,71206945,0,0,1,0,0,0,3.5,780,647,0.9997626844934906,1.0002373155065094
low,71207321,71207369,48,71207369,71207401,71207413,1,1,1,1,71207327,71207329,71207341,71207323,71207325,71207327,0,0,0,0,0,0,3.5,780,647,0.9997626844934906,1.0002373155065094
low,71207745,71207767,22,71207767,71207803,71207809,1,1,1,1,71207749,71207753,71207761,71207747,71207749,71207751,0,0,0,0,0,0,3.5,780,647,0.9997626844934906,1.0002373155065094
low,71208390,71208407,17,71208407,71208413,71208421,1,1,1,1,71208407,71208413,71208419,71208391,71208393,71208395,1,1,1,0,0,0,3.5,780,647,0.9997626844934906,1.0002373155065094
low,71208408,71208413,5,71208413,71208421,71208433,1,1,1,1,71208413,71208419,71208421,71208409,71208411,71208413,1,1,1,0,0,1,3.5,780,647,0.9997626844934906,1.0002373155065094
low,71208751,71208791,40,71208791,71208793,71208857,1,1,1,1,71208757,71208763,71208769,71208753,71208755,71208757,0,0,0,0,0,0,3.5,780,647,0.9997626844934906,1.0002373155065094
low,71209039,71209043,4,71209043,71209063,71209067,1,1,1,1,71209043,71209049,71209051,71209041,71209043,71209045,1,1,1,0,1,1,3.5,780,647,0.9997626844934906,1.0002373155065094
low,71209253,71209261,8,71209261,71209279,71209289,1,1,1,1,71209261,71209267,71209273,71209255,71209257,71209259,1,1,1,0,0,0,3.5,780,647,0.9997626844934906,1.0002373155065094
low,71209330,71209337,7,71209337,71209339,71209361,1,1,1,1,71209331,71209337,71209339,71209331,71209333,71209335,0,1,1,0,0,0,3.5,780,647,0.9997626844934906,1.0002373155065094
low,71210548,71210561,13,71210561,71210609,71210617,1,1,1,1,71210549,71210551,71210561,71210549,71210551,71210553,0,0,1,0,0,0,3.5,780,647,0.9997626844934906,1.0002373155065094
low,71210826,71210827,1,71210827,71210831,71210833,1,1,1,1,71210827,71210831,71210833,71210827,71210829,71210831,1,1,1,1,1,1,3.5,780,647,0.9997626844934906,1.0002373155065094
low,71211346,71211353,7,71211353,71211377,71211379,1,1,1,1,71211347,71211353,71211359,71211347,71211349,71211351,0,1,1,0,0,0,3.5,780,647,0.9997626844934906,1.0002373155065094
low,71211617,71211631,14,71211631,71211649,71211661,1,1,1,1,71211619,71211629,71211631,71211619,71211621,71211623,0,0,1,0,0,0,3.5,780,647,0.9997626844934906,1.0002373155065094
low,71211765,71211769,4,71211769,71211773,71211779,1,1,1,1,71211769,71211773,71211779,71211767,71211769,71211771,1,1,1,0,1,1,3.5,780,647,0.9997626844934906,1.0002373155065094
low,71211994,71212007,13,71212007,71212033,71212049,1,1,1,1,71212003,71212007,71212013,71211995,71211997,71211999,0,1,1,0,0,0,3.5,780,647,0.9997626844934906,1.0002373155065094
low,71212351,71212369,18,71212369,71212433,71212441,1,1,1,1,71212357,71212363,71212367,71212353,71212355,71212357,0,0,0,0,0,0,3.5,780,647,0.9997626844934906,1.0002373155065094
low,71212421,71212433,12,71212433,71212441,71212447,1,1,1,1,71212423,71212433,71212441,71212423,71212425,71212427,0,1,1,0,0,0,3.5,780,647,0.9997626844934906,1.0002373155065094
low,71212447,71212483,36,71212483,71212499,71212511,1,1,1,1,71212451,71212457,71212459,71212449,71212451,71212453,0,0,0,0,0,0,3.5,780,647,0.9997626844934906,1.0002373155065094
low,71212919,71212957,38,71212927,71212957,71212997,2,0,1,1,71212927,71212937,71212943,71212921,71212923,71212925,0,0,0,0,0,0,3.5,780,647,0.9997626844934906,1.0002373155065094
low,71213175,71213227,52,71213227,71213237,71213239,1,1,1,1,71213179,71213189,71213201,71213177,71213179,71213181,0,0,0,0,0,0,3.5,780,647,0.9997626844934906,1.0002373155065094
low,71213466,71213477,11,71213477,71213491,71213509,1,1,1,1,71213477,71213479,71213489,71213467,71213469,71213471,1,1,1,0,0,0,3.5,780,647,0.9997626844934906,1.0002373155065094
low,71213611,71213621,10,71213621,71213627,71213669,1,1,1,1,71213617,71213621,71213627,71213613,71213615,71213617,0,1,1,0,0,0,3.5,780,647,0.9997626844934906,1.0002373155065094
low,71213887,71213899,12,71213899,71213903,71213959,1,1,1,1,71213893,71213897,71213899,71213889,71213891,71213893,0,0,1,0,0,0,3.5,780,647,0.9997626844934906,1.0002373155065094
low,71214228,71214271,43,71214271,71214277,71214281,1,1,1,1,71214229,71214239,71214251,71214229,71214231,71214233,0,0,0,0,0,0,3.5,780,647,0.9997626844934906,1.0002373155065094
low,71214424,71214427,3,71214427,71214431,71214449,1,1,1,1,71214427,71214431,71214433,71214425,71214427,71214429,1,1,1,0,1,1,3.5,780,647,0.9997626844934906,1.0002373155065094
low,71214510,71214551,41,71214551,71214553,71214571,1,1,1,1,71214511,71214523,71214529,71214511,71214513,71214515,0,0,0,0,0,0,3.5,780,647,0.9997626844934906,1.0002373155065094
low,71214697,71214707,10,71214707,71214727,71214733,1,1,1,1,71214701,71214707,71214709,71214699,71214701,71214703,0,1,1,0,0,0,3.5,780,647,0.9997626844934906,1.0002373155065094
low,71214773,71214799,26,71214799,71214809,71214817,1,1,1,1,71214779,71214791,71214797,71214775,71214777,71214779,0,0,0,0,0,0,3.5,780,647,0.9997626844934906,1.0002373155065094
low,71214952,71214959,7,71214959,71214961,71215003,1,1,1,1,71214953,71214959,71214961,71214953,71214955,71214957,0,1,1,0,0,0,3.5,780,647,0.9997626844934906,1.0002373155065094
low,71215229,71215231,2,71215231,71215247,71215253,1,1,1,1,71215231,71215237,71215241,71215231,71215233,71215235,1,1,1,1,1,1,3.5,780,647,0.9997626844934906,1.0002373155065094
low,71215361,71215367,6,71215367,71215373,71215409,1,1,1,1,71215367,71215369,71215373,71215363,71215365,71215367,1,1,1,0,0,1,3.5,780,647,0.9997626844934906,1.0002373155065094
low,71215467,71215511,44,71215511,71215519,71215531,1,1,1,1,71215471,71215481,71215483,71215469,71215471,71215473,0,0,0,0,0,0,3.5,780,647,0.9997626844934906,1.0002373155065094
low,71215701,71215747,46,71215747,71215757,71215759,1,1,1,1,71215709,71215717,71215721,71215703,71215705,71215707,0,0,0,0,0,0,3.5,780,647,0.9997626844934906,1.0002373155065094
low,71216585,71216597,12,71216597,71216603,71216623,1,1,1,1,71216591,71216597,71216599,71216587,71216589,71216591,0,1,1,0,0,0,3.5,780,647,0.9997626844934906,1.0002373155065094
low,71216662,71216681,19,71216681,71216687,71216711,1,1,1,1,71216669,71216681,71216683,71216663,71216665,71216667,0,1,1,0,0,0,3.5,780,647,0.9997626844934906,1.0002373155065094
low,71216696,71216711,15,71216711,71216741,71216771,1,1,1,1,71216699,71216701,71216707,71216697,71216699,71216701,0,0,0,0,0,0,3.5,780,647,0.9997626844934906,1.0002373155065094
low,71216880,71216909,29,71216909,71216911,71216917,1,1,1,1,71216881,71216891,71216897,71216881,71216883,71216885,0,0,0,0,0,0,3.5,780,647,0.9997626844934906,1.0002373155065094
low,71216975,71216989,14,71216989,71217017,71217031,1,1,1,1,71216983,71216987,71216989,71216977,71216979,71216981,0,0,1,0,0,0,3.5,780,647,0.9997626844934906,1.0002373155065094
low,71218472,71218481,9,71218481,71218493,71218523,1,1,1,1,71218481,71218487,71218489,71218473,71218475,71218477,1,1,1,0,0,0,3.5,780,647,0.9997626844934906,1.0002373155065094
low,71218560,71218571,11,71218571,71218597,71218657,1,1,1,1,71218561,71218571,71218573,71218561,71218563,71218565,0,1,1,0,0,0,3.5,780,647,0.9997626844934906,1.0002373155065094
low,71219123,71219129,6,71219129,71219143,71219179,1,1,1,1,71219129,71219131,71219143,71219125,71219127,71219129,1,1,1,0,0,1,3.5,780,647,0.9997626844934906,1.0002373155065094
low,71219141,71219143,2,71219143,71219179,71219189,1,1,1,1,71219143,71219147,71219149,71219143,71219145,71219147,1,1,1,1,1,1,3.5,780,647,0.9997626844934906,1.0002373155065094
low,71219441,71219471,30,71219471,71219503,71219557,1,1,1,1,71219453,71219459,71219461,71219443,71219445,71219447,0,0,0,0,0,0,3.5,780,647,0.9997626844934906,1.0002373155065094
low,71219453,71219471,18,71219471,71219503,71219557,1,1,1,1,71219459,71219461,71219471,71219455,71219457,71219459,0,0,1,0,0,0,3.5,780,647,0.9997626844934906,1.0002373155065094
low,71219768,71219777,9,71219777,71219779,71219791,1,1,1,1,71219773,71219777,71219779,71219769,71219771,71219773,0,1,1,0,0,0,3.5,780,647,0.9997626844934906,1.0002373155065094
low,71220109,71220119,10,71220119,71220161,71220173,1,1,1,1,71220119,71220131,71220133,71220111,71220113,71220115,1,1,1,0,0,0,3.5,780,647,0.9997626844934906,1.0002373155065094
low,71220154,71220161,7,71220161,71220173,71220199,1,1,1,1,71220161,71220169,71220173,71220155,71220157,71220159,1,1,1,0,0,0,3.5,780,647,0.9997626844934906,1.0002373155065094
low,71220235,71220269,34,71220241,71220269,71220311,2,0,1,1,71220239,71220241,71220251,71220237,71220239,71220241,0,0,0,0,0,0,3.5,780,647,0.9997626844934906,1.0002373155065094
low,71220481,71220503,22,71220503,71220511,71220521,1,1,1,1,71220503,71220509,71220511,71220483,71220485,71220487,1,1,1,0,0,0,3.5,780,647,0.9997626844934906,1.0002373155065094
low,71220633,71220637,4,71220637,71220641,71220661,1,1,1,1,71220637,71220641,71220647,71220635,71220637,71220639,1,1,1,0,1,1,3.5,780,647,0.9997626844934906,1.0002373155065094
low,71220672,71220691,19,71220691,71220713,71220727,1,1,1,1,71220679,71220689,71220691,71220673,71220675,71220677,0,0,1,0,0,0,3.5,780,647,0.9997626844934906,1.0002373155065094
low,71220732,71220749,17,71220749,71220757,71220761,1,1,1,1,71220733,71220739,71220749,71220733,71220735,71220737,0,0,1,0,0,0,3.5,780,647,0.9997626844934906,1.0002373155065094
low,71220964,71220971,7,71220971,71220997,71221001,1,1,1,1,71220967,71220971,71220977,71220965,71220967,71220969,0,1,1,0,0,0,3.5,780,647,0.9997626844934906,1.0002373155065094
low,71221768,71221769,1,71221769,71221807,71221817,1,1,1,1,71221769,71221771,71221781,71221769,71221771,71221773,1,1,1,1,1,1,3.5,780,647,0.9997626844934906,1.0002373155065094
low,71222349,71222353,4,71222353,71222357,71222363,1,1,1,1,71222351,71222353,71222357,71222351,71222353,71222355,0,1,1,0,1,1,3.5,780,647,0.9997626844934906,1.0002373155065094
low,71222383,71222387,4,71222387,71222413,71222419,1,1,1,1,71222387,71222399,71222407,71222385,71222387,71222389,1,1,1,0,1,1,3.5,780,647,0.9997626844934906,1.0002373155065094
low,71222387,71222413,26,71222413,71222419,71222423,1,1,1,1,71222399,71222407,71222413,71222389,71222391,71222393,0,0,1,0,0,0,3.5,780,647,0.9997626844934906,1.0002373155065094
low,71222653,71222677,24,71222677,71222681,71222737,1,1,1,1,71222663,71222677,71222681,71222655,71222657,71222659,0,1,1,0,0,0,3.5,780,647,0.9997626844934906,1.0002373155065094
low,71222839,71222857,18,71222857,71222867,71222909,1,1,1,1,71222857,71222861,71222863,71222841,71222843,71222845,1,1,1,0,0,0,3.5,780,647,0.9997626844934906,1.0002373155065094
low,71223787,71223791,4,71223791,71223811,71223827,1,1,1,1,71223791,71223793,71223809,71223789,71223791,71223793,1,1,1,0,1,1,3.5,780,647,0.9997626844934906,1.0002373155065094
low,71223934,71223961,27,71223961,71223967,71224009,1,1,1,1,71223937,71223941,71223947,71223935,71223937,71223939,0,0,0,0,0,0,3.5,780,647,0.9997626844934906,1.0002373155065094
low,71224112,71224159,47,71224117,71224159,71224163,2,0,1,1,71224117,71224121,71224129,71224113,71224115,71224117,0,0,0,0,0,0,3.5,780,647,0.9997626844934906,1.0002373155065094
low,71224165,71224177,12,71224177,71224187,71224199,1,1,1,1,71224171,71224177,71224183,71224167,71224169,71224171,0,1,1,0,0,0,3.5,780,647,0.9997626844934906,1.0002373155065094
low,71224185,71224187,2,71224187,71224199,71224207,1,1,1,1,71224187,71224189,71224193,71224187,71224189,71224191,1,1,1,1,1,1,3.5,780,647,0.9997626844934906,1.0002373155065094
low,71224311,71224313,2,71224313,71224327,71224337,1,1,1,1,71224313,71224327,71224333,71224313,71224315,71224317,1,1,1,1,1,1,3.5,780,647,0.9997626844934906,1.0002373155065094
low,71224422,71224423,1,71224423,71224471,71224477,1,1,1,1,71224423,71224427,71224429,71224423,71224425,71224427,1,1,1,1,1,1,3.5,780,647,0.9997626844934906,1.0002373155065094
low,71224497,71224499,2,71224499,71224501,71224507,1,1,1,1,71224499,71224501,71224507,71224499,71224501,71224503,1,1,1,1,1,1,3.5,780,647,0.9997626844934906,1.0002373155065094
low,71224591,71224631,40,71224631,71224649,71224651,1,1,1,1,71224603,71224607,71224613,71224593,71224595,71224597,0,0,0,0,0,0,3.5,780,647,0.9997626844934906,1.0002373155065094
low,71224806,71224807,1,71224807,71224823,71224837,1,1,1,1,71224807,71224817,71224819,71224807,71224809,71224811,1,1,1,1,1,1,3.5,780,647,0.9997626844934906,1.0002373155065094
low,71224930,71224931,1,71224931,71224943,71224981,1,1,1,1,71224931,71224943,71224949,71224931,71224933,71224935,1,1,1,1,1,1,3.5,780,647,0.9997626844934906,1.0002373155065094
low,71225138,71225149,11,71225149,71225171,71225173,1,1,1,1,71225149,71225153,71225159,71225139,71225141,71225143,1,1,1,0,0,0,3.5,780,647,0.9997626844934906,1.0002373155065094
low,71225145,71225149,4,71225149,71225171,71225173,1,1,1,1,71225149,71225153,71225159,71225147,71225149,71225151,1,1,1,0,1,1,3.5,780,647,0.9997626844934906,1.0002373155065094
low,71225746,71225747,1,71225747,71225783,71225797,1,1,1,1,71225747,71225753,71225761,71225747,71225749,71225751,1,1,1,1,1,1,3.5,780,647,0.9997626844934906,1.0002373155065094
low,71225957,71225989,32,71225989,71226007,71226013,1,1,1,1,71225969,71225977,71225981,71225959,71225961,71225963,0,0,0,0,0,0,3.5,780,647,0.9997626844934906,1.0002373155065094
low,71225976,71225989,13,71225989,71226007,71226013,1,1,1,1,71225977,71225981,71225983,71225977,71225979,71225981,0,0,0,0,0,0,3.5,780,647,0.9997626844934906,1.0002373155065094
low,71226041,71226049,8,71226049,71226083,71226091,1,1,1,1,71226047,71226049,71226053,71226043,71226045,71226047,0,1,1,0,0,0,3.5,780,647,0.9997626844934906,1.0002373155065094
low,71226665,71226671,6,71226671,71226679,71226691,1,1,1,1,71226667,71226671,71226677,71226667,71226669,71226671,0,1,1,0,0,1,3.5,780,647,0.9997626844934906,1.0002373155065094
low,71227093,71227139,46,71227139,71227141,71227151,1,1,1,1,71227097,71227099,71227109,71227095,71227097,71227099,0,0,0,0,0,0,3.5,780,647,0.9997626844934906,1.0002373155065094
low,71227111,71227139,28,71227139,71227141,71227151,1,1,1,1,71227129,71227133,71227139,71227113,71227115,71227117,0,0,1,0,0,0,3.5,780,647,0.9997626844934906,1.0002373155065094
low,71227340,71227357,17,71227357,71227361,71227369,1,1,1,1,71227349,71227357,71227361,71227341,71227343,71227345,0,1,1,0,0,0,3.5,780,647,0.9997626844934906,1.0002373155065094
low,71227416,71227417,1,71227417,71227441,71227463,1,1,1,1,71227417,71227421,71227423,71227417,71227419,71227421,1,1,1,1,1,1,3.5,780,647,0.9997626844934906,1.0002373155065094
low,71227434,71227441,7,71227441,71227463,71227469,1,1,1,1,71227439,71227441,71227459,71227435,71227437,71227439,0,1,1,0,0,0,3.5,780,647,0.9997626844934906,1.0002373155065094
low,71227656,71227661,5,71227661,71227669,71227721,1,1,1,1,71227657,71227661,71227669,71227657,71227659,71227661,0,1,1,0,0,1,3.5,780,647,0.9997626844934906,1.0002373155065094
low,71227757,71227769,12,71227763,71227769,71227771,2,0,1,1,71227759,71227763,71227769,71227759,71227761,71227763,0,0,1,0,0,0,3.5,780,647,0.9997626844934906,1.0002373155065094
low,71228016,71228039,23,71228039,71228041,71228063,1,1,1,1,71228021,71228023,71228029,71228017,71228019,71228021,0,0,0,0,0,0,3.5,780,647,0.9997626844934906,1.0002373155065094
low,71228122,71228137,15,71228137,71228141,71228153,1,1,1,1,71228123,71228137,71228141,71228123,71228125,71228127,0,1,1,0,0,0,3.5,780,647,0.9997626844934906,1.0002373155065094
low,71228160,71228177,17,71228177,71228191,71228197,1,1,1,1,71228161,71228167,71228173,71228161,71228163,71228165,0,0,0,0,0,0,3.5,780,647,0.9997626844934906,1.0002373155065094
low,71228638,71228659,21,71228659,71228681,71228711,1,1,1,1,71228639,71228653,71228659,71228639,71228641,71228643,0,0,1,0,0,0,3.5,780,647,0.9997626844934906,1.0002373155065094
low,71228942,71228981,39,71228981,71228987,71229019,1,1,1,1,71228947,71228951,71228957,71228943,71228945,71228947,0,0,0,0,0,0,3.5,780,647,0.9997626844934906,1.0002373155065094
low,71229265,71229283,18,71229283,71229287,71229359,1,1,1,1,71229281,71229283,71229287,71229267,71229269,71229271,0,1,1,0,0,0,3.5,780,647,0.9997626844934906,1.0002373155065094
low,71229309,71229359,50,71229359,71229383,71229397,1,1,1,1,71229311,71229313,71229317,71229311,71229313,71229315,0,0,0,0,0,0,3.5,780,647,0.9997626844934906,1.0002373155065094
low,71229348,71229359,11,71229359,71229383,71229397,1,1,1,1,71229349,71229359,71229373,71229349,71229351,71229353,0,1,1,0,0,0,3.5,780,647,0.9997626844934906,1.0002373155065094
low,71229453,71229467,14,71229467,71229469,71229479,1,1,1,1,71229463,71229467,71229469,71229455,71229457,71229459,0,1,1,0,0,0,3.5,780,647,0.9997626844934906,1.0002373155065094
low,71229825,71229869,44,71229869,71229877,71229901,1,1,1,1,71229833,71229839,71229853,71229827,71229829,71229831,0,0,0,0,0,0,3.5,780,647,0.9997626844934906,1.0002373155065094
low,71230695,71230721,26,71230721,71230729,71230739,1,1,1,1,71230703,71230711,71230717,71230697,71230699,71230701,0,0,0,0,0,0,3.5,780,647,0.9997626844934906,1.0002373155065094
low,71230831,71230879,48,71230879,71230889,71230909,1,1,1,1,71230837,71230843,71230847,71230833,71230835,71230837,0,0,0,0,0,0,3.5,780,647,0.9997626844934906,1.0002373155065094
low,71230972,71230979,7,71230979,71230997,71231009,1,1,1,1,71230979,71230987,71230993,71230973,71230975,71230977,1,1,1,0,0,0,3.5,780,647,0.9997626844934906,1.0002373155065094
low,71231327,71231333,6,71231333,71231341,71231357,1,1,1,1,71231333,71231339,71231341,71231329,71231331,71231333,1,1,1,0,0,1,3.5,780,647,0.9997626844934906,1.0002373155065094
low,71231532,71231543,11,71231543,71231561,71231593,1,1,1,1,71231533,71231539,71231543,71231533,71231535,71231537,0,0,1,0,0,0,3.5,780,647,0.9997626844934906,1.0002373155065094
low,71231732,71231737,5,71231737,71231749,71231767,1,1,1,1,71231737,71231747,71231749,71231733,71231735,71231737,1,1,1,0,0,1,3.5,780,647,0.9997626844934906,1.0002373155065094
low,71231887,71231899,12,71231891,71231899,71231911,2,0,1,1,71231891,71231899,71231903,71231889,71231891,71231893,0,1,1,0,0,0,3.5,780,647,0.9997626844934906,1.0002373155065094
low,71233349,71233373,24,71233373,71233397,71233403,1,1,1,1,71233361,71233363,71233373,71233351,71233353,71233355,0,0,1,0,0,0,3.5,780,647,0.9997626844934906,1.0002373155065094
low,71233592,71233607,15,71233607,71233609,71233633,1,1,1,1,71233597,71233601,71233607,71233593,71233595,71233597,0,0,1,0,0,0,3.5,780,647,0.9997626844934906,1.0002373155065094
low,71233925,71233937,12,71233937,71233949,71233951,1,1,1,1,71233931,71233933,71233937,71233927,71233929,71233931,0,0,1,0,0,0,3.5,780,647,0.9997626844934906,1.0002373155065094
low,71233929,71233937,8,71233937,71233949,71233951,1,1,1,1,71233931,71233933,71233937,71233931,71233933,71233935,0,0,1,0,0,0,3.5,780,647,0.9997626844934906,1.0002373155065094
low,71234445,71234459,14,71234459,71234461,71234483,1,1,1,1,71234447,71234453,71234459,71234447,71234449,71234451,0,0,1,0,0,0,3.5,780,647,0.9997626844934906,1.0002373155065094
low,71234520,71234533,13,71234533,71234543,71234549,1,1,1,1,71234521,71234531,71234533,71234521,71234523,71234525,0,0,1,0,0,0,3.5,780,647,0.9997626844934906,1.0002373155065094
low,71234542,71234543,1,71234543,71234549,71234551,1,1,1,1,71234543,71234549,71234551,71234543,71234545,71234547,1,1,1,1,1,1,3.5,780,647,0.9997626844934906,1.0002373155065094
low,71234659,71234677,18,71234677,71234699,71234717,1,1,1,1,71234663,71234671,71234677,71234661,71234663,71234665,0,0,1,0,0,0,3.5,780,647,0.9997626844934906,1.0002373155065094
low,71234907,71234909,2,71234909,71234921,71234923,1,1,1,1,71234909,71234921,71234923,71234909,71234911,71234913,1,1,1,1,1,1,3.5,780,647,0.9997626844934906,1.0002373155065094
low,71234960,71234983,23,71234983,71235001,71235013,1,1,1,1,71234963,71234983,71234987,71234961,71234963,71234965,0,1,1,0,0,0,3.5,780,647,0.9997626844934906,1.0002373155065094
low,71235067,71235089,22,71235089,71235113,71235149,1,1,1,1,71235077,71235079,71235089,71235069,71235071,71235073,0,0,1,0,0,0,3.5,780,647,0.9997626844934906,1.0002373155065094
low,71235196,71235239,43,71235211,71235239,71235277,2,0,1,1,71235211,71235217,71235221,71235197,71235199,71235201,0,0,0,0,0,0,3.5,780,647,0.9997626844934906,1.0002373155065094
low,71235795,71235811,16,71235811,71235817,71235823,1,1,1,1,71235799,71235809,71235811,71235797,71235799,71235801,0,0,1,0,0,0,3.5,780,647,0.9997626844934906,1.0002373155065094
low,71235797,71235811,14,71235811,71235817,71235823,1,1,1,1,71235799,71235809,71235811,71235799,71235801,71235803,0,0,1,0,0,0,3.5,780,647,0.9997626844934906,1.0002373155065094
low,71235975,71235979,4,71235979,71236003,71236013,1,1,1,1,71235979,71236003,71236007,71235977,71235979,71235981,1,1,1,0,1,1,3.5,780,647,0.9997626844934906,1.0002373155065094
low,71236178,71236183,5,71236183,71236189,71236201,1,1,1,1,71236181,71236183,71236189,71236179,71236181,71236183,0,1,1,0,0,1,3.5,780,647,0.9997626844934906,1.0002373155065094
low,71237263,71237297,34,71237297,71237303,71237317,1,1,1,1,71237267,71237269,71237273,71237265,71237267,71237269,0,0,0,0,0,0,3.5,780,647,0.9997626844934906,1.0002373155065094
low,71237338,71237339,1,71237339,71237351,71237363,1,1,1,1,71237339,71237347,71237351,71237339,71237341,71237343,1,1,1,1,1,1,3.5,780,647,0.9997626844934906,1.0002373155065094
low,71238037,71238043,6,71238043,71238053,71238073,1,1,1,1,71238043,71238047,71238053,71238039,71238041,71238043,1,1,1,0,0,1,3.5,780,647,0.9997626844934906,1.0002373155065094
low,71238115,71238121,6,71238121,71238131,71238137,1,1,1,1,71238119,71238121,71238127,71238117,71238119,71238121,0,1,1,0,0,1,3.5,780,647,0.9997626844934906,1.0002373155065094
low,71238176,71238187,11,71238187,71238191,71238221,1,1,1,1,71238179,71238187,71238191,71238177,71238179,71238181,0,1,1,0,0,0,3.5,780,647,0.9997626844934906,1.0002373155065094
low,71238466,71238499,33,71238499,71238533,71238553,1,1,1,1,71238469,71238473,71238481,71238467,71238469,71238471,0,0,0,0,0,0,3.5,780,647,0.9997626844934906,1.0002373155065094
low,71238501,71238533,32,71238533,71238553,71238571,1,1,1,1,71238509,71238511,71238523,71238503,71238505,71238507,0,0,0,0,0,0,3.5,780,647,0.9997626844934906,1.0002373155065094
low,71238559,71238571,12,71238571,71238637,71238647,1,1,1,1,71238569,71238571,71238577,71238561,71238563,71238565,0,1,1,0,0,0,3.5,780,647,0.9997626844934906,1.0002373155065094
low,71238706,71238707,1,71238707,71238709,71238743,1,1,1,1,71238707,71238709,71238719,71238707,71238709,71238711,1,1,1,1,1,1,3.5,780,647,0.9997626844934906,1.0002373155065094
low,71239041,71239067,26,71239067,71239079,71239081,1,1,1,1,71239043,71239057,71239067,71239043,71239045,71239047,0,0,1,0,0,0,3.5,780,647,0.9997626844934906,1.0002373155065094
low,71239171,71239177,6,71239177,71239187,71239193,1,1,1,1,71239177,71239183,71239187,71239173,71239175,71239177,1,1,1,0,0,1,3.5,780,647,0.9997626844934906,1.0002373155065094
low,71239290,71239321,31,71239321,71239327,71239331,1,1,1,1,71239291,71239297,71239307,71239291,71239293,71239295,0,0,0,0,0,0,3.5,780,647,0.9997626844934906,1.0002373155065094
low,71239408,71239411,3,71239411,71239453,71239463,1,1,1,1,71239409,71239411,71239423,71239409,71239411,71239413,0,1,1,0,1,1,3.5,780,647,0.9997626844934906,1.0002373155065094
low,71239860,71239867,7,71239867,71239871,71239879,1,1,1,1,71239867,71239871,71239879,71239861,71239863,71239865,1,1,1,0,0,0,3.5,780,647,0.9997626844934906,1.0002373155065094
low,71239951,71239957,6,71239957,71239981,71239997,1,1,1,1,71239957,71239963,71239967,71239953,71239955,71239957,1,1,1,0,0,1,3.5,780,647,0.9997626844934906,1.0002373155065094
low,71240311,71240347,36,71240347,71240369,71240371,1,1,1,1,71240317,71240321,71240333,71240313,71240315,71240317,0,0,0,0,0,0,3.5,780,647,0.9997626844934906,1.0002373155065094
low,71240522,71240537,15,71240537,71240539,71240567,1,1,1,1,71240527,71240531,71240537,71240523,71240525,71240527,0,0,1,0,0,0,3.5,780,647,0.9997626844934906,1.0002373155065094
low,71241037,71241041,4,71241041,71241043,71241059,1,1,1,1,71241041,71241043,71241047,71241039,71241041,71241043,1,1,1,0,1,1,3.5,780,647,0.9997626844934906,1.0002373155065094
low,71241348,71241361,13,71241361,71241377,71241383,1,1,1,1,71241349,71241353,71241361,71241349,71241351,71241353,0,0,1,0,0,0,3.5,780,647,0.9997626844934906,1.0002373155065094
low,71241529,71241551,22,71241551,71241589,71241619,1,1,1,1,71241539,71241551,71241553,71241531,71241533,71241535,0,1,1,0,0,0,3.5,780,647,0.9997626844934906,1.0002373155065094
low,71241914,71241953,39,71241943,71241953,71241959,2,0,1,1,71241923,71241931,71241941,71241915,71241917,71241919,0,0,0,0,0,0,3.5,780,647,0.9997626844934906,1.0002373155065094
low,71242286,71242307,21,71242307,71242321,71242331,1,1,1,1,71242289,71242307,71242309,71242287,71242289,71242291,0,1,1,0,0,0,3.5,780,647,0.9997626844934906,1.0002373155065094
low,71242298,71242307,9,71242307,71242321,71242331,1,1,1,1,71242307,71242309,71242313,71242299,71242301,71242303,1,1,1,0,0,0,3.5,780,647,0.9997626844934906,1.0002373155065094
low,71242679,71242687,8,71242687,71242697,71242709,1,1,1,1,71242681,71242687,71242693,71242681,71242683,71242685,0,1,1,0,0,0,3.5,780,647,0.9997626844934906,1.0002373155065094
low,71242699,71242709,10,71242709,71242739,71242747,1,1,1,1,71242709,71242711,71242727,71242701,71242703,71242705,1,1,1,0,0,0,3.5,780,647,0.9997626844934906,1.0002373155065094
low,71243350,71243357,7,71243357,71243387,71243423,1,1,1,1,71243353,71243357,71243363,71243351,71243353,71243355,0,1,1,0,0,0,3.5,780,647,0.9997626844934906,1.0002373155065094
low,71243353,71243357,4,71243357,71243387,71243423,1,1,1,1,71243357,71243363,71243371,71243355,71243357,71243359,1,1,1,0,1,1,3.5,780,647,0.9997626844934906,1.0002373155065094
low,71243446,71243453,7,71243453,71243467,71243479,1,1,1,1,71243449,71243453,71243461,71243447,71243449,71243451,0,1,1,0,0,0,3.5,780,647,0.9997626844934906,1.0002373155065094
low,71243657,71243659,2,71243659,71243663,71243677,1,1,1,1,71243659,71243663,71243671,71243659,71243661,71243663,1,1,1,1,1,1,3.5,780,647,0.9997626844934906,1.0002373155065094
low,71243744,71243747,3,71243747,71243779,71243789,1,1,1,1,71243747,71243759,71243761,71243745,71243747,71243749,1,1,1,0,1,1,3.5,780,647,0.9997626844934906,1.0002373155065094
low,71243793,71243801,8,71243801,71243803,71243849,1,1,1,1,71243797,71243801,71243803,71243795,71243797,71243799,0,1,1,0,0,0,3.5,780,647,0.9997626844934906,1.0002373155065094
low,71244222,71244223,1,71244223,71244287,71244301,1,1,1,1,71244223,71244227,71244233,71244223,71244225,71244227,1,1,1,1,1,1,3.5,780,647,0.9997626844934906,1.0002373155065094
low,71244248,71244287,39,71244287,71244301,71244307,1,1,1,1,71244253,71244259,71244269,71244249,71244251,71244253,0,0,0,0,0,0,3.5,780,647,0.9997626844934906,1.0002373155065094
low,71244776,71244779,3,71244779,71244781,71244787,1,1,1,1,71244779,71244781,71244787,71244777,71244779,71244781,1,1,1,0,1,1,3.5,780,647,0.9997626844934906,1.0002373155065094
low,71244913,71244917,4,71244917,71244941,71244947,1,1,1,1,71244917,71244919,71244923,71244915,71244917,71244919,1,1,1,0,1,1,3.5,780,647,0.9997626844934906,1.0002373155065094
low,71244966,71244973,7,71244973,71244989,71245061,1,1,1,1,71244973,71244983,71244989,71244967,71244969,71244971,1,1,1,0,0,0,3.5,780,647,0.9997626844934906,1.0002373155065094
low,71245079,71245081,2,71245081,71245093,71245103,1,1,1,1,71245081,71245087,71245091,71245081,71245083,71245085,1,1,1,1,1,1,3.5,780,647,0.9997626844934906,1.0002373155065094
low,71246191,71246207,16,71246207,71246237,71246261,1,1,1,1,71246207,71246209,71246213,71246193,71246195,71246197,1,1,1,0,0,0,3.5,780,647,0.9997626844934906,1.0002373155065094
low,71246649,71246653,4,71246653,71246671,71246683,1,1,1,1,71246653,71246657,71246671,71246651,71246653,71246655,1,1,1,0,1,1,3.5,780,647,0.9997626844934906,1.0002373155065094
low,71246886,71246933,47,71246887,71246891,71246909,5,0,0,0,71246887,71246891,71246897,71246887,71246889,71246891,0,0,0,0,0,0,3.5,780,647,0.9997626844934906,1.0002373155065094
low,71247161,71247193,32,71247193,71247199,71247203,1,1,1,1,71247167,71247173,71247179,71247163,71247165,71247167,0,0,0,0,0,0,3.5,780,647,0.9997626844934906,1.0002373155065094
low,71248078,71248091,13,71248091,71248097,71248109,1,1,1,1,71248087,71248091,71248097,71248079,71248081,71248083,0,1,1,0,0,0,3.5,780,647,0.9997626844934906,1.0002373155065094
low,71248141,71248153,12,71248153,71248189,71248211,1,1,1,1,71248147,71248153,71248159,71248143,71248145,71248147,0,1,1,0,0,0,3.5,780,647,0.9997626844934906,1.0002373155065094
low,71248160,71248189,29,71248189,71248211,71248231,1,1,1,1,71248169,71248171,71248183,71248161,71248163,71248165,0,0,0,0,0,0,3.5,780,647,0.9997626844934906,1.0002373155065094
low,71248318,71248337,19,71248337,71248349,71248351,1,1,1,1,71248321,71248327,71248337,71248319,71248321,71248323,0,0,1,0,0,0,3.5,780,647,0.9997626844934906,1.0002373155065094
low,71248383,71248433,50,71248433,71248439,71248451,1,1,1,1,71248391,71248393,71248399,71248385,71248387,71248389,0,0,0,0,0,0,3.5,780,647,0.9997626844934906,1.0002373155065094
low,71248579,71248591,12,71248591,71248601,71248607,1,1,1,1,71248589,71248591,71248601,71248581,71248583,71248585,0,1,1,0,0,0,3.5,780,647,0.9997626844934906,1.0002373155065094
low,71248667,71248691,24,71248691,71248703,71248711,1,1,1,1,71248669,71248673,71248691,71248669,71248671,71248673,0,0,1,0,0,0,3.5,780,647,0.9997626844934906,1.0002373155065094
low,71248821,71248847,26,71248847,71248883,71248889,1,1,1,1,71248823,71248829,71248831,71248823,71248825,71248827,0,0,0,0,0,0,3.5,780,647,0.9997626844934906,1.0002373155065094
low,71249278,71249287,9,71249287,71249327,71249351,1,1,1,1,71249279,71249281,71249287,71249279,71249281,71249283,0,0,1,0,0,0,3.5,780,647,0.9997626844934906,1.0002373155065094
low,71249599,71249621,22,71249621,71249627,71249641,1,1,1,1,71249603,71249609,71249611,71249601,71249603,71249605,0,0,0,0,0,0,3.5,780,647,0.9997626844934906,1.0002373155065094
low,71249668,71249683,15,71249683,71249713,71249719,1,1,1,1,71249671,71249681,71249683,71249669,71249671,71249673,0,0,1,0,0,0,3.5,780,647,0.9997626844934906,1.0002373155065094
low,71250554,71250563,9,71250563,71250577,71250581,1,1,1,1,71250559,71250563,71250577,71250555,71250557,71250559,0,1,1,0,0,0,3.5,780,647,0.9997626844934906,1.0002373155065094
low,71250648,71250649,1,71250649,71250659,71250667,1,1,1,1,71250649,71250653,71250659,71250649,71250651,71250653,1,1,1,1,1,1,3.5,780,647,0.9997626844934906,1.0002373155065094
low,71251369,71251373,4,71251373,71251393,71251417,1,1,1,1,71251373,71251379,71251381,71251371,71251373,71251375,1,1,1,0,1,1,3.5,780,647,0.9997626844934906,1.0002373155065094
low,71251370,71251373,3,71251373,71251393,71251417,1,1,1,1,71251373,71251379,71251381,71251371,71251373,71251375,1,1,1,0,1,1,3.5,780,647,0.9997626844934906,1.0002373155065094
low,71252329,71252347,18,71252347,71252399,71252411,1,1,1,1,71252339,71252341,71252347,71252331,71252333,71252335,0,0,1,0,0,0,3.5,780,647,0.9997626844934906,1.0002373155065094
low,71252877,71252879,2,71252879,71252897,71252903,1,1,1,1,71252879,71252887,71252891,71252879,71252881,71252883,1,1,1,1,1,1,3.5,780,647,0.9997626844934906,1.0002373155065094
low,71253716,71253751,35,71253751,71253773,71253797,1,1,1,1,71253719,71253727,71253731,71253717,71253719,71253721,0,0,0,0,0,0,3.5,780,647,0.9997626844934906,1.0002373155065094
low,71254139,71254159,20,71254159,71254171,71254177,1,1,1,1,71254147,71254151,71254153,71254141,71254143,71254145,0,0,0,0,0,0,3.5,780,647,0.9997626844934906,1.0002373155065094
low,71254237,71254243,6,71254243,71254273,71254277,1,1,1,1,71254241,71254243,71254273,71254239,71254241,71254243,0,1,1,0,0,1,3.5,780,647,0.9997626844934906,1.0002373155065094
low,71254376,71254387,11,71254387,71254409,71254439,1,1,1,1,71254387,71254397,71254399,71254377,71254379,71254381,1,1,1,0,0,0,3.5,780,647,0.9997626844934906,1.0002373155065094
low,71254597,71254609,12,71254609,71254613,71254627,1,1,1,1,71254607,71254609,71254613,71254599,71254601,71254603,0,1,1,0,0,0,3.5,780,647,0.9997626844934906,1.0002373155065094
low,71254625,71254627,2,71254627,71254657,71254661,1,1,1,1,71254627,71254637,71254639,71254627,71254629,71254631,1,1,1,1,1,1,3.5,780,647,0.9997626844934906,1.0002373155065094
low,71254929,71254951,22,71254951,71254979,71254987,1,1,1,1,71254933,71254949,71254951,71254931,71254933,71254935,0,0,1,0,0,0,3.5,780,647,0.9997626844934906,1.0002373155065094
low,71255243,71255273,30,71255273,71255281,71255293,1,1,1,1,71255251,71255257,71255267,71255245,71255247,71255249,0,0,0,0,0,0,3.5,780,647,0.9997626844934906,1.0002373155065094
low,71255312,71255351,39,71255351,71255369,71255441,1,1,1,1,71255321,71255323,71255329,71255313,71255315,71255317,0,0,0,0,0,0,3.5,780,647,0.9997626844934906,1.0002373155065094
low,71255333,71255351,18,71255351,71255369,71255441,1,1,1,1,71255341,71255351,71255363,71255335,71255337,71255339,0,1,1,0,0,0,3.5,780,647,0.9997626844934906,1.0002373155065094
low,71255599,71255603,4,71255603,71255609,71255627,1,1,1,1,71255603,71255609,71255617,71255601,71255603,71255605,1,1,1,0,1,1,3.5,780,647,0.9997626844934906,1.0002373155065094
low,71255793,71255801,8,71255801,71255819,71255837,1,1,1,1,71255797,71255801,71255803,71255795,71255797,71255799,0,1,1,0,0,0,3.5,780,647,0.9997626844934906,1.0002373155065094
low,71255880,71255881,1,71255881,71255917,71255941,1,1,1,1,71255881,71255887,71255893,71255881,71255883,71255885,1,1,1,1,1,1,3.5,780,647,0.9997626844934906,1.0002373155065094
low,71256211,71256223,12,71256223,71256233,71256253,1,1,1,1,71256217,71256221,71256223,71256213,71256215,71256217,0,0,1,0,0,0,3.5,780,647,0.9997626844934906,1.0002373155065094
low,71256766,71256769,3,71256769,71256791,71256793,1,1,1,1,71256767,71256769,71256781,71256767,71256769,71256771,0,1,1,0,1,1,3.5,780,647,0.9997626844934906,1.0002373155065094
low,71256895,71256901,6,71256901,71256907,71256923,1,1,1,1,71256901,71256907,71256917,71256897,71256899,71256901,1,1,1,0,0,1,3.5,780,647,0.9997626844934906,1.0002373155065094
low,71257356,71257363,7,71257363,71257367,71257369,1,1,1,1,71257357,71257363,71257367,71257357,71257359,71257361,0,1,1,0,0,0,3.5,780,647,0.9997626844934906,1.0002373155065094
low,71258087,71258093,6,71258093,71258107,71258137,1,1,1,1,71258093,71258107,71258111,71258089,71258091,71258093,1,1,1,0,0,1,3.5,780,647,0.9997626844934906,1.0002373155065094
low,71258100,71258107,7,71258107,71258137,71258149,1,1,1,1,71258107,71258111,71258119,71258101,71258103,71258105,1,1,1,0,0,0,3.5,780,647,0.9997626844934906,1.0002373155065094
low,71258117,71258137,20,71258137,71258149,71258167,1,1,1,1,71258119,71258123,71258129,71258119,71258121,71258123,0,0,0,0,0,0,3.5,780,647,0.9997626844934906,1.0002373155065094
low,71258145,71258149,4,71258149,71258167,71258171,1,1,1,1,71258147,71258149,71258153,71258147,71258149,71258151,0,1,1,0,1,1,3.5,780,647,0.9997626844934906,1.0002373155065094
low,71258296,71258311,15,71258311,71258321,71258323,1,1,1,1,71258309,71258311,71258321,71258297,71258299,71258301,0,1,1,0,0,0,3.5,780,647,0.9997626844934906,1.0002373155065094
low,71258629,71258657,28,71258657,71258699,71258701,1,1,1,1,71258633,71258639,71258641,71258631,71258633,71258635,0,0,0,0,0,0,3.5,780,647,0.9997626844934906,1.0002373155065094
low,71258713,71258717,4,71258717,71258723,71258729,1,1,1,1,71258717,71258723,71258729,71258715,71258717,71258719,1,1,1,0,1,1,3.5,780,647,0.9997626844934906,1.0002373155065094
low,71259061,71259109,48,71259109,71259113,71259143,1,1,1,1,71259073,71259077,71259079,71259063,71259065,71259067,0,0,0,0,0,0,3.5,780,647,0.9997626844934906,1.0002373155065094
low,71259133,71259187,54,71259143,71259187,71259193,2,0,1,1,71259137,71259143,71259151,71259135,71259137,71259139,0,0,0,0,0,0,3.5,780,647,0.9997626844934906,1.0002373155065094
low,71259736,71259739,3,71259739,71259751,71259761,1,1,1,1,71259737,71259739,71259743,71259737,71259739,71259741,0,1,1,0,1,1,3.5,780,647,0.9997626844934906,1.0002373155065094
low,71260022,71260031,9,71260031,71260087,71260093,1,1,1,1,71260027,71260031,71260037,71260023,71260025,71260027,0,1,1,0,0,0,3.5,780,647,0.9997626844934906,1.0002373155065094
low,71260127,71260129,2,71260129,71260153,71260169,1,1,1,1,71260129,71260139,71260151,71260129,71260131,71260133,1,1,1,1,1,1,3.5,780,647,0.9997626844934906,1.0002373155065094
low,71260346,71260361,15,71260361,71260367,71260391,1,1,1,1,71260349,71260351,71260361,71260347,71260349,71260351,0,0,1,0,0,0,3.5,780,647,0.9997626844934906,1.0002373155065094
low,71260614,71260643,29,71260643,71260663,71260681,1,1,1,1,71260619,71260633,71260639,71260615,71260617,71260619,0,0,0,0,0,0,3.5,780,647,0.9997626844934906,1.0002373155065094
low,71260913,71260939,26,71260939,71260951,71260979,1,1,1,1,71260919,71260921,71260927,71260915,71260917,71260919,0,0,0,0,0,0,3.5,780,647,0.9997626844934906,1.0002373155065094
low,71261004,71261053,49,71261041,71261051,71261053,3,0,0,1,71261009,71261011,71261017,71261005,71261007,71261009,0,0,0,0,0,0,3.5,780,647,0.9997626844934906,1.0002373155065094
low,71261152,71261167,15,71261167,71261173,71261261,1,1,1,1,71261159,71261167,71261171,71261153,71261155,71261157,0,1,1,0,0,0,3.5,780,647,0.9997626844934906,1.0002373155065094
low,71261499,71261503,4,71261503,71261507,71261537,1,1,1,1,71261503,71261507,71261513,71261501,71261503,71261505,1,1,1,0,1,1,3.5,780,647,0.9997626844934906,1.0002373155065094
low,71261751,71261753,2,71261753,71261767,71261779,1,1,1,1,71261753,71261759,71261767,71261753,71261755,71261757,1,1,1,1,1,1,3.5,780,647,0.9997626844934906,1.0002373155065094
low,71261945,71261959,14,71261959,71261999,71262001,1,1,1,1,71261947,71261959,71261963,71261947,71261949,71261951,0,1,1,0,0,0,3.5,780,647,0.9997626844934906,1.0002373155065094
low,71261990,71261999,9,71261999,71262001,71262007,1,1,1,1,71261999,71262001,71262007,71261991,71261993,71261995,1,1,1,0,0,0,3.5,780,647,0.9997626844934906,1.0002373155065094
low,71262065,71262067,2,71262067,71262101,71262109,1,1,1,1,71262067,71262071,71262083,71262067,71262069,71262071,1,1,1,1,1,1,3.5,780,647,0.9997626844934906,1.0002373155065094
low,71262269,71262277,8,71262277,71262307,71262319,1,1,1,1,71262271,71262277,71262281,71262271,71262273,71262275,0,1,1,0,0,0,3.5,780,647,0.9997626844934906,1.0002373155065094
low,71262323,71262341,18,71262329,71262341,71262343,2,0,1,1,71262329,71262337,71262341,71262325,71262327,71262329,0,0,1,0,0,0,3.5,780,647,0.9997626844934906,1.0002373155065094
low,71262762,71262803,41,71262781,71262803,71262811,2,0,1,1,71262767,71262769,71262781,71262763,71262765,71262767,0,0,0,0,0,0,3.5,780,647,0.9997626844934906,1.0002373155065094
low,71263042,71263057,15,71263057,71263061,71263069,1,1,1,1,71263043,71263051,71263057,71263043,71263045,71263047,0,0,1,0,0,0,3.5,780,647,0.9997626844934906,1.0002373155065094
low,71263257,71263271,14,71263261,71263271,71263333,2,0,1,1,71263259,71263261,71263267,71263259,71263261,71263263,0,0,0,0,0,0,3.5,780,647,0.9997626844934906,1.0002373155065094
low,71263273,71263333,60,71263333,71263343,71263349,1,1,1,1,71263277,71263279,71263289,71263275,71263277,71263279,0,0,0,0,0,0,3.5,780,647,0.9997626844934906,1.0002373155065094
low,71263361,71263373,12,71263363,71263373,71263447,2,0,1,1,71263363,71263369,71263373,71263363,71263365,71263367,0,0,1,0,0,0,3.5,780,647,0.9997626844934906,1.0002373155065094
low,71263404,71263447,43,71263447,71263463,71263477,1,1,1,1,71263417,71263421,71263427,71263405,71263407,71263409,0,0,0,0,0,0,3.5,780,647,0.9997626844934906,1.0002373155065094
low,71263932,71263957,25,71263957,71263963,71263979,1,1,1,1,71263937,71263939,71263943,71263933,71263935,71263937,0,0,0,0,0,0,3.5,780,647,0.9997626844934906,1.0002373155065094
low,71264172,71264203,31,71264197,71264203,71264213,2,0,1,1,71264173,71264177,71264183,71264173,71264175,71264177,0,0,0,0,0,0,3.5,780,647,0.9997626844934906,1.0002373155065094
low,71264307,71264311,4,71264311,71264317,71264359,1,1,1,1,71264309,71264311,71264317,71264309,71264311,71264313,0,1,1,0,1,1,3.5,780,647,0.9997626844934906,1.0002373155065094
low,71264457,71264471,14,71264471,71264477,71264533,1,1,1,1,71264461,71264467,71264471,71264459,71264461,71264463,0,0,1,0,0,0,3.5,780,647,0.9997626844934906,1.0002373155065094
low,71264790,71264819,29,71264813,71264819,71264821,2,0,1,1,71264797,71264807,71264813,71264791,71264793,71264795,0,0,0,0,0,0,3.5,780,647,0.9997626844934906,1.0002373155065094
low,71264814,71264819,5,71264819,71264821,71264857,1,1,1,1,71264819,71264821,71264827,71264815,71264817,71264819,1,1,1,0,0,1,3.5,780,647,0.9997626844934906,1.0002373155065094
low,71265090,71265107,17,71265107,71265119,71265121,1,1,1,1,71265091,71265097,71265101,71265091,71265093,71265095,0,0,0,0,0,0,3.5,780,647,0.9997626844934906,1.0002373155065094
low,71265754,71265757,3,71265757,71265773,71265781,1,1,1,1,71265757,71265763,71265767,71265755,71265757,71265759,1,1,1,0,1,1,3.5,780,647,0.9997626844934906,1.0002373155065094
low,71266040,71266051,11,71266051,71266061,71266067,1,1,1,1,71266043,71266049,71266051,71266041,71266043,71266045,0,0,1,0,0,0,3.5,780,647,0.9997626844934906,1.0002373155065094
low,71266356,71266367,11,71266367,71266379,71266381,1,1,1,1,71266357,71266361,71266367,71266357,71266359,71266361,0,0,1,0,0,0,3.5,780,647,0.9997626844934906,1.0002373155065094
low,71266449,71266457,8,71266457,71266529,71266537,1,1,1,1,71266451,71266453,71266457,71266451,71266453,71266455,0,0,1,0,0,0,3.5,780,647,0.9997626844934906,1.0002373155065094
low,71267434,71267453,19,71267453,71267473,71267489,1,1,1,1,71267437,71267447,71267453,71267435,71267437,71267439,0,0,1,0,0,0,3.5,780,647,0.9997626844934906,1.0002373155065094
low,71267537,71267561,24,71267561,71267617,71267627,1,1,1,1,71267543,71267549,71267551,71267539,71267541,71267543,0,0,0,0,0,0,3.5,780,647,0.9997626844934906,1.0002373155065094
low,71267543,71267561,18,71267561,71267617,71267627,1,1,1,1,71267549,71267551,71267557,71267545,71267547,71267549,0,0,0,0,0,0,3.5,780,647,0.9997626844934906,1.0002373155065094
low,71267905,71267921,16,71267921,71267939,71267981,1,1,1,1,71267909,71267921,71267923,71267907,71267909,71267911,0,1,1,0,0,0,3.5,780,647,0.9997626844934906,1.0002373155065094
low,71268090,71268091,1,71268091,71268103,71268133,1,1,1,1,71268091,71268101,71268103,71268091,71268093,71268095,1,1,1,1,1,1,3.5,780,647,0.9997626844934906,1.0002373155065094
low,71268119,71268133,14,71268133,71268137,71268149,1,1,1,1,71268121,71268133,71268137,71268121,71268123,71268125,0,1,1,0,0,0,3.5,780,647,0.9997626844934906,1.0002373155065094
low,71268716,71268719,3,71268719,71268749,71268751,1,1,1,1,71268719,71268721,71268727,71268717,71268719,71268721,1,1,1,0,1,1,3.5,780,647,0.9997626844934906,1.0002373155065094
low,71268890,71268937,47,71268937,71268959,71268961,1,1,1,1,71268893,71268907,71268917,71268891,71268893,71268895,0,0,0,0,0,0,3.5,780,647,0.9997626844934906,1.0002373155065094
low,71269023,71269063,40,71269063,71269069,71269123,1,1,1,1,71269027,71269031,71269039,71269025,71269027,71269029,0,0,0,0,0,0,3.5,780,647,0.9997626844934906,1.0002373155065094
low,71269264,71269277,13,71269273,71269277,71269283,2,0,1,1,71269267,71269271,71269273,71269265,71269267,71269269,0,0,0,0,0,0,3.5,780,647,0.9997626844934906,1.0002373155065094
low,71269741,71269753,12,71269753,71269799,71269819,1,1,1,1,71269747,71269753,71269769,71269743,71269745,71269747,0,1,1,0,0,0,3.5,780,647,0.9997626844934906,1.0002373155065094
low,71269883,71269897,14,71269897,71269901,71269903,1,1,1,1,71269889,71269897,71269901,71269885,71269887,71269889,0,1,1,0,0,0,3.5,780,647,0.9997626844934906,1.0002373155065094
low,71270197,71270201,4,71270201,71270203,71270231,1,1,1,1,71270201,71270203,71270207,71270199,71270201,71270203,1,1,1,0,1,1,3.5,780,647,0.9997626844934906,1.0002373155065094
low,71270225,71270231,6,71270231,71270237,71270249,1,1,1,1,71270231,71270233,71270237,71270227,71270229,71270231,1,1,1,0,0,1,3.5,780,647,0.9997626844934906,1.0002373155065094
low,71270362,71270369,7,71270369,71270401,71270417,1,1,1,1,71270363,71270369,71270377,71270363,71270365,71270367,0,1,1,0,0,0,3.5,780,647,0.9997626844934906,1.0002373155065094
low,71270440,71270447,7,71270447,71270467,71270483,1,1,1,1,71270447,71270449,71270453,71270441,71270443,71270445,1,1,1,0,0,0,3.5,780,647,0.9997626844934906,1.0002373155065094
low,71270785,71270803,18,71270791,71270803,71270809,2,0,1,1,71270789,71270791,71270803,71270787,71270789,71270791,0,0,1,0,0,0,3.5,780,647,0.9997626844934906,1.0002373155065094
low,71271436,71271437,1,71271437,71271439,71271443,1,1,1,1,71271437,71271439,71271443,71271437,71271439,71271441,1,1,1,1,1,1,3.5,780,647,0.9997626844934906,1.0002373155065094
low,71271579,71271581,2,71271581,71271593,71271601,1,1,1,1,71271581,71271583,71271587,71271581,71271583,71271585,1,1,1,1,1,1,3.5,780,647,0.9997626844934906,1.0002373155065094
low,71271580,71271581,1,71271581,71271593,71271601,1,1,1,1,71271581,71271583,71271587,71271581,71271583,71271585,1,1,1,1,1,1,3.5,780,647,0.9997626844934906,1.0002373155065094
low,71271697,71271709,12,71271709,71271713,71271727,1,1,1,1,71271703,71271709,71271713,71271699,71271701,71271703,0,1,1,0,0,0,3.5,780,647,0.9997626844934906,1.0002373155065094
low,71271730,71271751,21,71271751,71271797,71271799,1,1,1,1,71271731,71271737,71271743,71271731,71271733,71271735,0,0,0,0,0,0,3.5,780,647,0.9997626844934906,1.0002373155065094
low,71272242,71272247,5,71272247,71272259,71272261,1,1,1,1,71272247,71272259,71272261,71272243,71272245,71272247,1,1,1,0,0,1,3.5,780,647,0.9997626844934906,1.0002373155065094
low,71272258,71272259,1,71272259,71272261,71272277,1,1,1,1,71272259,71272261,71272273,71272259,71272261,71272263,1,1,1,1,1,1,3.5,780,647,0.9997626844934906,1.0002373155065094
low,71272658,71272673,15,71272673,71272679,71272697,1,1,1,1,71272661,71272673,71272679,71272659,71272661,71272663,0,1,1,0,0,0,3.5,780,647,0.9997626844934906,1.0002373155065094
low,71273045,71273051,6,71273051,71273077,71273093,1,1,1,1,71273051,71273053,71273057,71273047,71273049,71273051,1,1,1,0,0,1,3.5,780,647,0.9997626844934906,1.0002373155065094
low,71273198,71273203,5,71273203,71273261,71273303,1,1,1,1,71273201,71273203,71273207,71273199,71273201,71273203,0,1,1,0,0,1,3.5,780,647,0.9997626844934906,1.0002373155065094
low,71273746,71273753,7,71273753,71273759,71273773,1,1,1,1,71273747,71273749,71273753,71273747,71273749,71273751,0,0,1,0,0,0,3.5,780,647,0.9997626844934906,1.0002373155065094
low,71273955,71273977,22,71273977,71273981,71274017,1,1,1,1,71273957,71273963,71273971,71273957,71273959,71273961,0,0,0,0,0,0,3.5,780,647,0.9997626844934906,1.0002373155065094
low,71274050,71274101,51,71274089,71274101,71274103,2,0,1,1,71274053,71274059,71274061,71274051,71274053,71274055,0,0,0,0,0,0,3.5,780,647,0.9997626844934906,1.0002373155065094
low,71274363,71274367,4,71274367,71274383,71274391,1,1,1,1,71274367,71274383,71274389,71274365,71274367,71274369,1,1,1,0,1,1,3.5,780,647,0.9997626844934906,1.0002373155065094
low,71274615,71274629,14,71274629,71274641,71274649,1,1,1,1,71274617,71274629,71274641,71274617,71274619,71274621,0,1,1,0,0,0,3.5,780,647,0.9997626844934906,1.0002373155065094
low,71274706,71274737,31,71274737,71274739,71274743,1,1,1,1,71274713,71274733,71274737,71274707,71274709,71274711,0,0,1,0,0,0,3.5,780,647,0.9997626844934906,1.0002373155065094
low,71274887,71274923,36,71274923,71274949,71274961,1,1,1,1,71274893,71274899,71274901,71274889,71274891,71274893,0,0,0,0,0,0,3.5,780,647,0.9997626844934906,1.0002373155065094
low,71274940,71274961,21,71274949,71274961,71274967,2,0,1,1,71274941,71274943,71274949,71274941,71274943,71274945,0,0,0,0,0,0,3.5,780,647,0.9997626844934906,1.0002373155065094
low,71274958,71274961,3,71274961,71274967,71274971,1,1,1,1,71274961,71274967,71274971,71274959,71274961,71274963,1,1,1,0,1,1,3.5,780,647,0.9997626844934906,1.0002373155065094
low,71275136,71275159,23,71275159,71275177,71275181,1,1,1,1,71275147,71275151,71275153,71275137,71275139,71275141,0,0,0,0,0,0,3.5,780,647,0.9997626844934906,1.0002373155065094
low,71275428,71275487,59,71275487,71275489,71275493,1,1,1,1,71275429,71275433,71275439,71275429,71275431,71275433,0,0,0,0,0,0,3.5,780,647,0.9997626844934906,1.0002373155065094
low,71275582,71275583,1,71275583,71275613,71275627,1,1,1,1,71275583,71275601,71275609,71275583,71275585,71275587,1,1,1,1,1,1,3.5,780,647,0.9997626844934906,1.0002373155065094
low,71275655,71275657,2,71275657,71275681,71275703,1,1,1,1,71275657,71275661,71275663,71275657,71275659,71275661,1,1,1,1,1,1,3.5,780,647,0.9997626844934906,1.0002373155065094
low,71276335,71276339,4,71276339,71276341,71276351,1,1,1,1,71276339,71276341,71276347,71276337,71276339,71276341,1,1,1,0,1,1,3.5,780,647,0.9997626844934906,1.0002373155065094
low,71276682,71276713,31,71276713,71276717,71276729,1,1,1,1,71276683,71276687,71276707,71276683,71276685,71276687,0,0,0,0,0,0,3.5,780,647,0.9997626844934906,1.0002373155065094
low,71276758,71276759,1,71276759,71276761,71276773,1,1,1,1,71276759,71276761,71276773,71276759,71276761,71276763,1,1,1,1,1,1,3.5,780,647,0.9997626844934906,1.0002373155065094
low,71277244,71277287,43,71277287,71277293,71277337,1,1,1,1,71277247,71277251,71277257,71277245,71277247,71277249,0,0,0,0,0,0,3.5,780,647,0.9997626844934906,1.0002373155065094
low,71277419,71277431,12,71277431,71277439,71277457,1,1,1,1,71277421,71277431,71277433,71277421,71277423,71277425,0,1,1,0,0,0,3.5,780,647,0.9997626844934906,1.0002373155065094
low,71277650,71277673,23,71277673,71277677,71277727,1,1,1,1,71277653,71277659,71277671,71277651,71277653,71277655,0,0,0,0,0,0,3.5,780,647,0.9997626844934906,1.0002373155065094
low,71277809,71277839,30,71277839,71277863,71277881,1,1,1,1,71277823,71277827,71277839,71277811,71277813,71277815,0,0,1,0,0,0,3.5,780,647,0.9997626844934906,1.0002373155065094
low,71278075,71278079,4,71278079,71278087,71278091,1,1,1,1,71278079,71278087,71278091,71278077,71278079,71278081,1,1,1,0,1,1,3.5,780,647,0.9997626844934906,1.0002373155065094
low,71278225,71278237,12,71278237,71278241,71278267,1,1,1,1,71278231,71278237,71278241,71278227,71278229,71278231,0,1,1,0,0,0,3.5,780,647,0.9997626844934906,1.0002373155065094
low,71278393,71278397,4,71278397,71278411,71278421,1,1,1,1,71278397,71278409,71278411,71278395,71278397,71278399,1,1,1,0,1,1,3.5,780,647,0.9997626844934906,1.0002373155065094
low,71278450,71278453,3,71278451,71278453,71278457,2,0,1,1,71278451,71278453,71278457,71278451,71278453,71278455,0,1,1,0,1,1,3.5,780,647,0.9997626844934906,1.0002373155065094
low,71278835,71278843,8,71278843,71278847,71278849,1,1,1,1,71278843,71278847,71278849,71278837,71278839,71278841,1,1,1,0,0,0,3.5,780,647,0.9997626844934906,1.0002373155065094
low,71278909,71278913,4,71278913,71278919,71278939,1,1,1,1,71278913,71278919,71278927,71278911,71278913,71278915,1,1,1,0,1,1,3.5,780,647,0.9997626844934906,1.0002373155065094
low,71279050,71279059,9,71279059,71279063,71279077,1,1,1,1,71279053,71279057,71279059,71279051,71279053,71279055,0,0,1,0,0,0,3.5,780,647,0.9997626844934906,1.0002373155065094
low,71279153,71279167,14,71279167,71279179,71279183,1,1,1,1,71279161,71279167,71279171,71279155,71279157,71279159,0,1,1,0,0,0,3.5,780,647,0.9997626844934906,1.0002373155065094
low,71279464,71279471,7,71279471,71279473,71279489,1,1,1,1,71279471,71279473,71279479,71279465,71279467,71279469,1,1,1,0,0,0,3.5,780,647,0.9997626844934906,1.0002373155065094
low,71279470,71279471,1,71279471,71279473,71279489,1,1,1,1,71279471,71279473,71279479,71279471,71279473,71279475,1,1,1,1,1,1,3.5,780,647,0.9997626844934906,1.0002373155065094
low,71280384,71280409,25,71280409,71280413,71280421,1,1,1,1,71280389,71280397,71280401,71280385,71280387,71280389,0,0,0,0,0,0,3.5,780,647,0.9997626844934906,1.0002373155065094
low,71280876,71280931,55,71280931,71280959,71280967,1,1,1,1,71280877,71280883,71280889,71280877,71280879,71280881,0,0,0,0,0,0,3.5,780,647,0.9997626844934906,1.0002373155065094
low,71281033,71281039,6,71281037,71281039,71281061,2,0,1,1,71281037,71281039,71281057,71281035,71281037,71281039,0,1,1,0,0,1,3.5,780,647,0.9997626844934906,1.0002373155065094
low,71281036,71281039,3,71281037,71281039,71281061,2,0,1,1,71281037,71281039,71281057,71281037,71281039,71281041,0,1,1,0,1,1,3.5,780,647,0.9997626844934906,1.0002373155065094
low,71281520,71281523,3,71281523,71281543,71281547,1,1,1,1,71281523,71281537,71281541,71281521,71281523,71281525,1,1,1,0,1,1,3.5,780,647,0.9997626844934906,1.0002373155065094
low,71281680,71281687,7,71281687,71281783,71281789,1,1,1,1,71281687,71281699,71281703,71281681,71281683,71281685,1,1,1,0,0,0,3.5,780,647,0.9997626844934906,1.0002373155065094
low,71281957,71281961,4,71281961,71281997,71282021,1,1,1,1,71281961,71281963,71281967,71281959,71281961,71281963,1,1,1,0,1,1,3.5,780,647,0.9997626844934906,1.0002373155065094
low,71282073,71282093,20,71282093,71282111,71282131,1,1,1,1,71282077,71282089,71282093,71282075,71282077,71282079,0,0,1,0,0,0,3.5,780,647,0.9997626844934906,1.0002373155065094
low,71282127,71282131,4,71282131,71282153,71282201,1,1,1,1,71282131,71282137,71282143,71282129,71282131,71282133,1,1,1,0,1,1,3.5,780,647,0.9997626844934906,1.0002373155065094
low,71282257,71282273,16,71282273,71282287,71282311,1,1,1,1,71282269,71282273,71282279,71282259,71282261,71282263,0,1,1,0,0,0,3.5,780,647,0.9997626844934906,1.0002373155065094
low,71282557,71282567,10,71282567,71282611,71282639,1,1,1,1,71282567,71282569,71282573,71282559,71282561,71282563,1,1,1,0,0,0,3.5,780,647,0.9997626844934906,1.0002373155065094
low,71282695,71282711,16,71282711,71282713,71282741,1,1,1,1,71282707,71282711,71282713,71282697,71282699,71282701,0,1,1,0,0,0,3.5,780,647,0.9997626844934906,1.0002373155065094
low,71282843,71282873,30,71282873,71282909,71282923,1,1,1,1,71282857,71282863,71282867,71282845,71282847,71282849,0,0,0,0,0,0,3.5,780,647,0.9997626844934906,1.0002373155065094
low,71282875,71282909,34,71282909,71282923,71282929,1,1,1,1,71282879,71282881,71282891,71282877,71282879,71282881,0,0,0,0,0,0,3.5,780,647,0.9997626844934906,1.0002373155065094
low,71283031,71283059,28,71283059,71283061,71283089,1,1,1,1,71283053,71283059,71283061,71283033,71283035,71283037,0,1,1,0,0,0,3.5,780,647,0.9997626844934906,1.0002373155065094
low,71283358,71283367,9,71283367,71283389,71283391,1,1,1,1,71283361,71283367,71283379,71283359,71283361,71283363,0,1,1,0,0,0,3.5,780,647,0.9997626844934906,1.0002373155065094
low,71283472,71283481,9,71283481,71283523,71283529,1,1,1,1,71283473,71283481,71283491,71283473,71283475,71283477,0,1,1,0,0,0,3.5,780,647,0.9997626844934906,1.0002373155065094
low,71283643,71283659,16,71283659,71283661,71283671,1,1,1,1,71283659,71283661,71283671,71283645,71283647,71283649,1,1,1,0,0,0,3.5,780,647,0.9997626844934906,1.0002373155065094
low,71283730,71283731,1,71283731,71283733,71283757,1,1,1,1,71283731,71283733,71283743,71283731,71283733,71283735,1,1,1,1,1,1,3.5,780,647,0.9997626844934906,1.0002373155065094
low,71283907,71283959,52,71283959,71283967,71283983,1,1,1,1,71283911,71283913,71283917,71283909,71283911,71283913,0,0,0,0,0,0,3.5,780,647,0.9997626844934906,1.0002373155065094
low,71284012,71284013,1,71284013,71284019,71284033,1,1,1,1,71284013,71284019,71284021,71284013,71284015,71284017,1,1,1,1,1,1,3.5,780,647,0.9997626844934906,1.0002373155065094
low,71284425,71284439,14,71284439,71284441,71284453,1,1,1,1,71284427,71284439,71284441,71284427,71284429,71284431,0,1,1,0,0,0,3.5,780,647,0.9997626844934906,1.0002373155065094
low,71284549,71284559,10,71284559,71284579,71284589,1,1,1,1,71284559,71284571,71284573,71284551,71284553,71284555,1,1,1,0,0,0,3.5,780,647,0.9997626844934906,1.0002373155065094
low,71284573,71284579,6,71284579,71284589,71284597,1,1,1,1,71284579,71284583,71284589,71284575,71284577,71284579,1,1,1,0,0,1,3.5,780,647,0.9997626844934906,1.0002373155065094
low,71284768,71284771,3,71284771,71284777,71284793,1,1,1,1,71284769,71284771,71284777,71284769,71284771,71284773,0,1,1,0,1,1,3.5,780,647,0.9997626844934906,1.0002373155065094
low,71284788,71284793,5,71284793,71284831,71284847,1,1,1,1,71284793,71284799,71284817,71284789,71284791,71284793,1,1,1,0,0,1,3.5,780,647,0.9997626844934906,1.0002373155065094
low,71285012,71285021,9,71285021,71285023,71285047,1,1,1,1,71285021,71285023,71285033,71285013,71285015,71285017,1,1,1,0,0,0,3.5,780,647,0.9997626844934906,1.0002373155065094
low,71285311,71285327,16,71285327,71285339,71285377,1,1,1,1,71285317,71285323,71285327,71285313,71285315,71285317,0,0,1,0,0,0,3.5,780,647,0.9997626844934906,1.0002373155065094
low,71285840,71285849,9,71285849,71285869,71285899,1,1,1,1,71285843,71285849,71285861,71285841,71285843,71285845,0,1,1,0,0,0,3.5,780,647,0.9997626844934906,1.0002373155065094
low,71286051,71286053,2,71286053,71286067,71286079,1,1,1,1,71286053,71286067,71286071,71286053,71286055,71286057,1,1,1,1,1,1,3.5,780,647,0.9997626844934906,1.0002373155065094
low,71286777,71286799,22,71286799,71286811,71286847,1,1,1,1,71286779,71286781,71286791,71286779,71286781,71286783,0,0,0,0,0,0,3.5,780,647,0.9997626844934906,1.0002373155065094
low,71286943,71286947,4,71286947,71286997,71287009,1,1,1,1,71286947,71286949,71286953,71286945,71286947,71286949,1,1,1,0,1,1,3.5,780,647,0.9997626844934906,1.0002373155065094
low,71287113,71287127,14,71287127,71287141,71287147,1,1,1,1,71287121,71287123,71287127,71287115,71287117,71287119,0,0,1,0,0,0,3.5,780,647,0.9997626844934906,1.0002373155065094
low,71287149,71287157,8,71287157,71287159,71287169,1,1,1,1,71287157,71287159,71287163,71287151,71287153,71287155,1,1,1,0,0,0,3.5,780,647,0.9997626844934906,1.0002373155065094
low,71287198,71287207,9,71287207,71287211,71287213,1,1,1,1,71287199,71287201,71287207,71287199,71287201,71287203,0,0,1,0,0,0,3.5,780,647,0.9997626844934906,1.0002373155065094
low,71287498,71287523,25,71287523,71287543,71287583,1,1,1,1,71287499,71287501,71287507,71287499,71287501,71287503,0,0,0,0,0,0,3.5,780,647,0.9997626844934906,1.0002373155065094
low,71287577,71287583,6,71287583,71287607,71287627,1,1,1,1,71287583,71287589,71287591,71287579,71287581,71287583,1,1,1,0,0,1,3.5,780,647,0.9997626844934906,1.0002373155065094
low,71287625,71287627,2,71287627,71287633,71287651,1,1,1,1,71287627,71287631,71287633,71287627,71287629,71287631,1,1,1,1,1,1,3.5,780,647,0.9997626844934906,1.0002373155065094
low,71287905,71287913,8,71287913,71287927,71287949,1,1,1,1,71287907,71287913,71287921,71287907,71287909,71287911,0,1,1,0,0,0,3.5,780,647,0.9997626844934906,1.0002373155065094
low,71288041,71288059,18,71288059,71288069,71288081,1,1,1,1,71288047,71288051,71288053,71288043,71288045,71288047,0,0,0,0,0,0,3.5,780,647,0.9997626844934906,1.0002373155065094
low,71288120,71288137,17,71288137,71288141,71288149,1,1,1,1,71288131,71288137,71288141,71288121,71288123,71288125,0,1,1,0,0,0,3.5,780,647,0.9997626844934906,1.0002373155065094
low,71288135,71288137,2,71288137,71288141,71288149,1,1,1,1,71288137,71288141,71288143,71288137,71288139,71288141,1,1,1,1,1,1,3.5,780,647,0.9997626844934906,1.0002373155065094
low,71288249,71288263,14,71288263,71288311,71288317,1,1,1,1,71288251,71288257,71288263,71288251,71288253,71288255,0,0,1,0,0,0,3.5,780,647,0.9997626844934906,1.0002373155065094
low,71288484,71288509,25,71288509,71288533,71288543,1,1,1,1,71288489,71288491,71288501,71288485,71288487,71288489,0,0,0,0,0,0,3.5,780,647,0.9997626844934906,1.0002373155065094
low,71288502,71288509,7,71288509,71288533,71288543,1,1,1,1,71288507,71288509,71288519,71288503,71288505,71288507,0,1,1,0,0,0,3.5,780,647,0.9997626844934906,1.0002373155065094
low,71288531,71288533,2,71288533,71288543,71288557,1,1,1,1,71288533,71288537,71288543,71288533,71288535,71288537,1,1,1,1,1,1,3.5,780,647,0.9997626844934906,1.0002373155065094
low,71288893,71288897,4,71288897,71288929,71288941,1,1,1,1,71288897,71288909,71288911,71288895,71288897,71288899,1,1,1,0,1,1,3.5,780,647,0.9997626844934906,1.0002373155065094
low,71288983,71289011,28,71289011,71289017,71289019,1,1,1,1,71288993,71288999,71289011,71288985,71288987,71288989,0,0,1,0,0,0,3.5,780,647,0.9997626844934906,1.0002373155065094
low,71289125,71289131,6,71289131,71289137,71289149,1,1,1,1,71289131,71289133,71289137,71289127,71289129,71289131,1,1,1,0,0,1,3.5,780,647,0.9997626844934906,1.0002373155065094
low,71290256,71290301,45,71290283,71290301,71290309,2,0,1,1,71290259,71290267,71290273,71290257,71290259,71290261,0,0,0,0,0,0,3.5,780,647,0.9997626844934906,1.0002373155065094
low,71290870,71290871,1,71290871,71290889,71290913,1,1,1,1,71290871,71290873,71290883,71290871,71290873,71290875,1,1,1,1,1,1,3.5,780,647,0.9997626844934906,1.0002373155065094
low,71290948,71290949,1,71290949,71290969,71290981,1,1,1,1,71290949,71290951,71290957,71290949,71290951,71290953,1,1,1,1,1,1,3.5,780,647,0.9997626844934906,1.0002373155065094
low,71290983,71290991,8,71290991,71290993,71291009,1,1,1,1,71290987,71290991,71290993,71290985,71290987,71290989,0,1,1,0,0,0,3.5,780,647,0.9997626844934906,1.0002373155065094
low,71291210,71291219,9,71291219,71291239,71291257,1,1,1,1,71291219,71291221,71291239,71291211,71291213,71291215,1,1,1,0,0,0,3.5,780,647,0.9997626844934906,1.0002373155065094
low,71291242,71291257,15,71291257,71291261,71291263,1,1,1,1,71291243,71291257,71291261,71291243,71291245,71291247,0,1,1,0,0,0,3.5,780,647,0.9997626844934906,1.0002373155065094
low,71291251,71291257,6,71291257,71291261,71291263,1,1,1,1,71291257,71291261,71291263,71291253,71291255,71291257,1,1,1,0,0,1,3.5,780,647,0.9997626844934906,1.0002373155065094
low,71291260,71291261,1,71291261,71291263,71291299,1,1,1,1,71291261,71291263,71291267,71291261,71291263,71291265,1,1,1,1,1,1,3.5,780,647,0.9997626844934906,1.0002373155065094
low,71291338,71291369,31,71291369,71291383,71291399,1,1,1,1,71291347,71291351,71291357,71291339,71291341,71291343,0,0,0,0,0,0,3.5,780,647,0.9997626844934906,1.0002373155065094
low,71291342,71291369,27,71291369,71291383,71291399,1,1,1,1,71291347,71291351,71291357,71291343,71291345,71291347,0,0,0,0,0,0,3.5,780,647,0.9997626844934906,1.0002373155065094
low,71291426,71291431,5,71291431,71291449,71291453,1,1,1,1,71291431,71291443,71291447,71291427,71291429,71291431,1,1,1,0,0,1,3.5,780,647,0.9997626844934906,1.0002373155065094
low,71292236,71292251,15,71292251,71292253,71292257,1,1,1,1,71292239,71292241,71292251,71292237,71292239,71292241,0,0,1,0,0,0,3.5,780,647,0.9997626844934906,1.0002373155065094
low,71292389,71292391,2,71292391,71292421,71292437,1,1,1,1,71292391,71292401,71292409,71292391,71292393,71292395,1,1,1,1,1,1,3.5,780,647,0.9997626844934906,1.0002373155065094
low,71292458,71292493,35,71292493,71292497,71292517,1,1,1,1,71292461,71292467,71292491,71292459,71292461,71292463,0,0,0,0,0,0,3.5,780,647,0.9997626844934906,1.0002373155065094
low,71293351,71293363,12,71293357,71293363,71293379,2,0,1,1,71293357,71293361,71293363,71293353,71293355,71293357,0,0,1,0,0,0,3.5,780,647,0.9997626844934906,1.0002373155065094
low,71293475,71293483,8,71293483,71293489,71293493,1,1,1,1,71293477,71293483,71293487,71293477,71293479,71293481,0,1,1,0,0,0,3.5,780,647,0.9997626844934906,1.0002373155065094
low,71294486,71294507,21,71294507,71294519,71294527,1,1,1,1,71294491,71294497,71294501,71294487,71294489,71294491,0,0,0,0,0,0,3.5,780,647,0.9997626844934906,1.0002373155065094
low,71294770,71294771,1,71294771,71294791,71294807,1,1,1,1,71294771,71294777,71294791,71294771,71294773,71294775,1,1,1,1,1,1,3.5,780,647,0.9997626844934906,1.0002373155065094
low,71294923,71294929,6,71294929,71294933,71294959,1,1,1,1,71294929,71294933,71294939,71294925,71294927,71294929,1,1,1,0,0,1,3.5,780,647,0.9997626844934906,1.0002373155065094
low,71295129,71295149,20,71295149,71295157,71295167,1,1,1,1,71295131,71295139,71295143,71295131,71295133,71295135,0,0,0,0,0,0,3.5,780,647,0.9997626844934906,1.0002373155065094
low,71295239,71295241,2,71295241,71295251,71295283,1,1,1,1,71295241,71295247,71295251,71295241,71295243,71295245,1,1,1,1,1,1,3.5,780,647,0.9997626844934906,1.0002373155065094
low,71295331,71295347,16,71295347,71295349,71295361,1,1,1,1,71295337,71295347,71295349,71295333,71295335,71295337,0,1,1,0,0,0,3.5,780,647,0.9997626844934906,1.0002373155065094
low,71295490,71295503,13,71295503,71295509,71295517,1,1,1,1,71295491,71295493,71295503,71295491,71295493,71295495,0,0,1,0,0,0,3.5,780,647,0.9997626844934906,1.0002373155065094
low,71295633,71295643,10,71295643,71295647,71295649,1,1,1,1,71295641,71295643,71295647,71295635,71295637,71295639,0,1,1,0,0,0,3.5,780,647,0.9997626844934906,1.0002373155065094
low,71295642,71295643,1,71295643,71295647,71295649,1,1,1,1,71295643,71295647,71295649,71295643,71295645,71295647,1,1,1,1,1,1,3.5,780,647,0.9997626844934906,1.0002373155065094
low,71296045,71296091,46,71296091,71296097,71296103,1,1,1,1,71296051,71296061,71296063,71296047,71296049,71296051,0,0,0,0,0,0,3.5,780,647,0.9997626844934906,1.0002373155065094
low,71296773,71296781,8,71296781,71296783,71296829,1,1,1,1,71296777,71296781,71296783,71296775,71296777,71296779,0,1,1,0,0,0,3.5,780,647,0.9997626844934906,1.0002373155065094
low,71296997,71296999,2,71296999,71297029,71297047,1,1,1,1,71296999,71297003,71297011,71296999,71297001,71297003,1,1,1,1,1,1,3.5,780,647,0.9997626844934906,1.0002373155065094
low,71297123,71297147,24,71297147,71297207,71297251,1,1,1,1,71297129,71297131,71297137,71297125,71297127,71297129,0,0,0,0,0,0,3.5,780,647,0.9997626844934906,1.0002373155065094
low,71297244,71297251,7,71297251,71297273,71297293,1,1,1,1,71297249,71297251,71297257,71297245,71297247,71297249,0,1,1,0,0,0,3.5,780,647,0.9997626844934906,1.0002373155065094
low,71297325,71297327,2,71297327,71297339,71297351,1,1,1,1,71297327,71297333,71297339,71297327,71297329,71297331,1,1,1,1,1,1,3.5,780,647,0.9997626844934906,1.0002373155065094
low,71297736,71297761,25,71297761,71297777,71297791,1,1,1,1,71297741,71297749,71297753,71297737,71297739,71297741,0,0,0,0,0,0,3.5,780,647,0.9997626844934906,1.0002373155065094
low,71297990,71298023,33,71298023,71298041,71298049,1,1,1,1,71298001,71298011,71298023,71297991,71297993,71297995,0,0,1,0,0,0,3.5,780,647,0.9997626844934906,1.0002373155065094
low,71298070,71298077,7,71298077,71298083,71298113,1,1,1,1,71298077,71298079,71298083,71298071,71298073,71298075,1,1,1,0,0,0,3.5,780,647,0.9997626844934906,1.0002373155065094
low,71298331,71298347,16,71298347,71298349,71298361,1,1,1,1,71298341,71298343,71298347,71298333,71298335,71298337,0,0,1,0,0,0,3.5,780,647,0.9997626844934906,1.0002373155065094
low,71298335,71298347,12,71298347,71298349,71298361,1,1,1,1,71298341,71298343,71298347,71298337,71298339,71298341,0,0,1,0,0,0,3.5,780,647,0.9997626844934906,1.0002373155065094
low,71299727,71299729,2,71299729,71299733,71299759,1,1,1,1,71299729,71299733,71299741,71299729,71299731,71299733,1,1,1,1,1,1,3.5,780,647,0.9997626844934906,1.0002373155065094
low,71299737,71299759,22,71299759,71299801,71299807,1,1,1,1,71299741,71299757,71299759,71299739,71299741,71299743,0,0,1,0,0,0,3.5,780,647,0.9997626844934906,1.0002373155065094
low,71300168,71300191,23,71300191,71300219,71300249,1,1,1,1,71300171,71300189,71300191,71300169,71300171,71300173,0,0,1,0,0,0,3.5,780,647,0.9997626844934906,1.0002373155065094
low,71300276,71300291,15,71300291,71300297,71300309,1,1,1,1,71300279,71300287,71300291,71300277,71300279,71300281,0,0,1,0,0,0,3.5,780,647,0.9997626844934906,1.0002373155065094
low,71300359,71300377,18,71300377,71300381,71300389,1,1,1,1,71300371,71300377,71300381,71300361,71300363,71300365,0,1,1,0,0,0,3.5,780,647,0.9997626844934906,1.0002373155065094
low,71300478,71300479,1,71300479,71300501,71300507,1,1,1,1,71300479,71300491,71300497,71300479,71300481,71300483,1,1,1,1,1,1,3.5,780,647,0.9997626844934906,1.0002373155065094
low,71301048,71301101,53,71301101,71301121,71301133,1,1,1,1,71301049,71301059,71301067,71301049,71301051,71301053,0,0,0,0,0,0,3.5,780,647,0.9997626844934906,1.0002373155065094
low,71301271,71301277,6,71301277,71301299,71301313,1,1,1,1,71301277,71301283,71301287,71301273,71301275,71301277,1,1,1,0,0,1,3.5,780,647,0.9997626844934906,1.0002373155065094
low,71301562,71301563,1,71301563,71301569,71301577,1,1,1,1,71301563,71301569,71301577,71301563,71301565,71301567,1,1,1,1,1,1,3.5,780,647,0.9997626844934906,1.0002373155065094
low,71301969,71301977,8,71301977,71302009,71302043,1,1,1,1,71301973,71301977,71301983,71301971,71301973,71301975,0,1,1,0,0,0,3.5,780,647,0.9997626844934906,1.0002373155065094
low,71302029,71302043,14,71302043,71302051,71302057,1,1,1,1,71302031,71302037,71302043,71302031,71302033,71302035,0,0,1,0,0,0,3.5,780,647,0.9997626844934906,1.0002373155065094
low,71302171,71302181,10,71302181,71302207,71302223,1,1,1,1,71302177,71302181,71302183,71302173,71302175,71302177,0,1,1,0,0,0,3.5,780,647,0.9997626844934906,1.0002373155065094
low,71302294,71302313,19,71302313,71302349,71302373,1,1,1,1,71302303,71302313,71302321,71302295,71302297,71302299,0,1,1,0,0,0,3.5,780,647,0.9997626844934906,1.0002373155065094
low,71302537,71302541,4,71302541,71302549,71302559,1,1,1,1,71302541,71302547,71302549,71302539,71302541,71302543,1,1,1,0,1,1,3.5,780,647,0.9997626844934906,1.0002373155065094
low,71302911,71302937,26,71302937,71302939,71302943,1,1,1,1,71302919,71302927,71302937,71302913,71302915,71302917,0,0,1,0,0,0,3.5,780,647,0.9997626844934906,1.0002373155065094
low,71303104,71303129,25,71303129,71303147,71303153,1,1,1,1,71303107,71303119,71303123,71303105,71303107,71303109,0,0,0,0,0,0,3.5,780,647,0.9997626844934906,1.0002373155065094
low,71303261,71303279,18,71303279,71303291,71303293,1,1,1,1,71303263,71303269,71303273,71303263,71303265,71303267,0,0,0,0,0,0,3.5,780,647,0.9997626844934906,1.0002373155065094
low,71303426,71303429,3,71303429,71303437,71303467,1,1,1,1,71303429,71303437,71303443,71303427,71303429,71303431,1,1,1,0,1,1,3.5,780,647,0.9997626844934906,1.0002373155065094
low,71303844,71303857,13,71303857,71303867,71303873,1,1,1,1,71303849,71303851,71303857,71303845,71303847,71303849,0,0,1,0,0,0,3.5,780,647,0.9997626844934906,1.0002373155065094
low,71303968,71303993,25,71303993,71304007,71304047,1,1,1,1,71303971,71303977,71303983,71303969,71303971,71303973,0,0,0,0,0,0,3.5,780,647,0.9997626844934906,1.0002373155065094
low,71304239,71304241,2,71304241,71304257,71304269,1,1,1,1,71304241,71304251,71304253,71304241,71304243,71304245,1,1,1,1,1,1,3.5,780,647,0.9997626844934906,1.0002373155065094
low,71304355,71304367,12,71304367,71304379,71304383,1,1,1,1,71304361,71304367,71304371,71304357,71304359,71304361,0,1,1,0,0,0,3.5,780,647,0.9997626844934906,1.0002373155065094
low,71304380,71304383,3,71304383,71304403,71304427,1,1,1,1,71304383,71304391,71304403,71304381,71304383,71304385,1,1,1,0,1,1,3.5,780,647,0.9997626844934906,1.0002373155065094
low,71304417,71304427,10,71304427,71304437,71304461,1,1,1,1,71304419,71304421,71304427,71304419,71304421,71304423,0,0,1,0,0,0,3.5,780,647,0.9997626844934906,1.0002373155065094
low,71304484,71304521,37,71304521,71304523,71304551,1,1,1,1,71304487,71304491,71304503,71304485,71304487,71304489,0,0,0,0,0,0,3.5,780,647,0.9997626844934906,1.0002373155065094
low,71304520,71304521,1,71304521,71304523,71304551,1,1,1,1,71304521,71304523,71304529,71304521,71304523,71304525,1,1,1,1,1,1,3.5,780,647,0.9997626844934906,1.0002373155065094
low,71304597,71304599,2,71304599,71304631,71304641,1,1,1,1,71304599,71304601,71304617,71304599,71304601,71304603,1,1,1,1,1,1,3.5,780,647,0.9997626844934906,1.0002373155065094
low,71304671,71304677,6,71304677,71304679,71304691,1,1,1,1,71304677,71304679,71304683,71304673,71304675,71304677,1,1,1,0,0,1,3.5,780,647,0.9997626844934906,1.0002373155065094
low,71304690,71304691,1,71304691,71304697,71304713,1,1,1,1,71304691,71304697,71304703,71304691,71304693,71304695,1,1,1,1,1,1,3.5,780,647,0.9997626844934906,1.0002373155065094
low,71304891,71304917,26,71304917,71304923,71304949,1,1,1,1,71304901,71304907,71304911,71304893,71304895,71304897,0,0,0,0,0,0,3.5,780,647,0.9997626844934906,1.0002373155065094
low,71304938,71304949,11,71304949,71304973,71304983,1,1,1,1,71304941,71304943,71304949,71304939,71304941,71304943,0,0,1,0,0,0,3.5,780,647,0.9997626844934906,1.0002373155065094
low,71304994,71305007,13,71305007,71305009,71305049,1,1,1,1,71305001,71305007,71305009,71304995,71304997,71304999,0,1,1,0,0,0,3.5,780,647,0.9997626844934906,1.0002373155065094
low,71305092,71305093,1,71305093,71305097,71305111,1,1,1,1,71305093,71305097,71305099,71305093,71305095,71305097,1,1,1,1,1,1,3.5,780,647,0.9997626844934906,1.0002373155065094
low,71305192,71305211,19,71305211,71305231,71305243,1,1,1,1,71305193,71305207,71305211,71305193,71305195,71305197,0,0,1,0,0,0,3.5,780,647,0.9997626844934906,1.0002373155065094
low,71305413,71305417,4,71305417,71305427,71305441,1,1,1,1,71305417,71305427,71305433,71305415,71305417,71305419,1,1,1,0,1,1,3.5,780,647,0.9997626844934906,1.0002373155065094
low,71305608,71305609,1,71305609,71305649,71305687,1,1,1,1,71305609,71305621,71305627,71305609,71305611,71305613,1,1,1,1,1,1,3.5,780,647,0.9997626844934906,1.0002373155065094
low,71305765,71305781,16,71305781,71305799,71305813,1,1,1,1,71305771,71305777,71305781,71305767,71305769,71305771,0,0,1,0,0,0,3.5,780,647,0.9997626844934906,1.0002373155065094
low,71306345,71306351,6,71306351,71306387,71306393,1,1,1,1,71306351,71306353,71306357,71306347,71306349,71306351,1,1,1,0,0,1,3.5,780,647,0.9997626844934906,1.0002373155065094
low,71306684,71306689,5,71306689,71306701,71306723,1,1,1,1,71306689,71306699,71306701,71306685,71306687,71306689,1,1,1,0,0,1,3.5,780,647,0.9997626844934906,1.0002373155065094
low,71306800,71306801,1,71306801,71306813,71306863,1,1,1,1,71306801,71306803,71306813,71306801,71306803,71306805,1,1,1,1,1,1,3.5,780,647,0.9997626844934906,1.0002373155065094
low,71307348,71307371,23,71307371,71307427,71307443,1,1,1,1,71307349,71307359,71307371,71307349,71307351,71307353,0,0,1,0,0,0,3.5,780,647,0.9997626844934906,1.0002373155065094
low,71307712,71307721,9,71307721,71307727,71307757,1,1,1,1,71307713,71307721,71307727,71307713,71307715,71307717,0,1,1,0,0,0,3.5,780,647,0.9997626844934906,1.0002373155065094
low,71307729,71307757,28,71307757,71307767,71307791,1,1,1,1,71307737,71307739,71307749,71307731,71307733,71307735,0,0,0,0,0,0,3.5,780,647,0.9997626844934906,1.0002373155065094
low,71308353,71308379,26,71308379,71308397,71308417,1,1,1,1,71308357,71308373,71308379,71308355,71308357,71308359,0,0,1,0,0,0,3.5,780,647,0.9997626844934906,1.0002373155065094
low,71308608,71308609,1,71308609,71308619,71308661,1,1,1,1,71308609,71308613,71308619,71308609,71308611,71308613,1,1,1,1,1,1,3.5,780,647,0.9997626844934906,1.0002373155065094
low,71308764,71308771,7,71308771,71308777,71308789,1,1,1,1,71308771,71308777,71308781,71308765,71308767,71308769,1,1,1,0,0,0,3.5,780,647,0.9997626844934906,1.0002373155065094
low,71309389,71309431,42,71309431,71309449,71309473,1,1,1,1,71309393,71309401,71309411,71309391,71309393,71309395,0,0,0,0,0,0,3.5,780,647,0.9997626844934906,1.0002373155065094
low,71309596,71309617,21,71309617,71309629,71309633,1,1,1,1,71309597,71309599,71309617,71309597,71309599,71309601,0,0,1,0,0,0,3.5,780,647,0.9997626844934906,1.0002373155065094
low,71309811,71309839,28,71309813,71309839,71309873,2,0,1,1,71309813,71309827,71309837,71309813,71309815,71309817,0,0,0,0,0,0,3.5,780,647,0.9997626844934906,1.0002373155065094
low,71309850,71309873,23,71309873,71309881,71309891,1,1,1,1,71309851,71309857,71309863,71309851,71309853,71309855,0,0,0,0,0,0,3.5,780,647,0.9997626844934906,1.0002373155065094
low,71310047,71310067,20,71310067,71310073,71310077,1,1,1,1,71310049,71310061,71310067,71310049,71310051,71310053,0,0,1,0,0,0,3.5,780,647,0.9997626844934906,1.0002373155065094
low,71310155,71310163,8,71310163,71310181,71310209,1,1,1,1,71310157,71310163,71310167,71310157,71310159,71310161,0,1,1,0,0,0,3.5,780,647,0.9997626844934906,1.0002373155065094
low,71310251,71310259,8,71310259,71310263,71310277,1,1,1,1,71310259,71310263,71310269,71310253,71310255,71310257,1,1,1,0,0,0,3.5,780,647,0.9997626844934906,1.0002373155065094
low,71310359,71310361,2,71310361,71310367,71310389,1,1,1,1,71310361,71310367,71310377,71310361,71310363,71310365,1,1,1,1,1,1,3.5,780,647,0.9997626844934906,1.0002373155065094
low,71310530,71310539,9,71310539,71310541,71310559,1,1,1,1,71310539,71310541,71310559,71310531,71310533,71310535,1,1,1,0,0,0,3.5,780,647,0.9997626844934906,1.0002373155065094
low,71310867,71310887,20,71310887,71310893,71310907,1,1,1,1,71310871,71310881,71310887,71310869,71310871,71310873,0,0,1,0,0,0,3.5,780,647,0.9997626844934906,1.0002373155065094
low,71310936,71310973,37,71310973,71310977,71310979,1,1,1,1,71310947,71310949,71310959,71310937,71310939,71310941,0,0,0,0,0,0,3.5,780,647,0.9997626844934906,1.0002373155065094
low,71311330,71311333,3,71311333,71311343,71311349,1,1,1,1,71311333,71311337,71311343,71311331,71311333,71311335,1,1,1,0,1,1,3.5,780,647,0.9997626844934906,1.0002373155065094
low,71311993,71312039,46,71312039,71312047,71312057,1,1,1,1,71312009,71312011,71312023,71311995,71311997,71311999,0,0,0,0,0,0,3.5,780,647,0.9997626844934906,1.0002373155065094
low,71312018,71312039,21,71312039,71312047,71312057,1,1,1,1,71312023,71312027,71312039,71312019,71312021,71312023,0,0,1,0,0,0,3.5,780,647,0.9997626844934906,1.0002373155065094
low,71312962,71312971,9,71312971,71313007,71313013,1,1,1,1,71312963,71312971,71312981,71312963,71312965,71312967,0,1,1,0,0,0,3.5,780,647,0.9997626844934906,1.0002373155065094
low,71313144,71313163,19,71313163,71313191,71313197,1,1,1,1,71313149,71313157,71313161,71313145,71313147,71313149,0,0,0,0,0,0,3.5,780,647,0.9997626844934906,1.0002373155065094
low,71314177,71314189,12,71314189,71314193,71314247,1,1,1,1,71314181,71314183,71314189,71314179,71314181,71314183,0,0,1,0,0,0,3.5,780,647,0.9997626844934906,1.0002373155065094
low,71314264,71314289,25,71314289,71314297,71314319,1,1,1,1,71314267,71314273,71314279,71314265,71314267,71314269,0,0,0,0,0,0,3.5,780,647,0.9997626844934906,1.0002373155065094
low,71314357,71314363,6,71314361,71314363,71314379,2,0,1,1,71314361,71314363,71314367,71314359,71314361,71314363,0,1,1,0,0,1,3.5,780,647,0.9997626844934906,1.0002373155065094
low,71314540,71314549,9,71314549,71314561,71314571,1,1,1,1,71314547,71314549,71314553,71314541,71314543,71314545,0,1,1,0,0,0,3.5,780,647,0.9997626844934906,1.0002373155065094
low,71314547,71314549,2,71314549,71314561,71314571,1,1,1,1,71314549,71314553,71314561,71314549,71314551,71314553,1,1,1,1,1,1,3.5,780,647,0.9997626844934906,1.0002373155065094
low,71314575,71314613,38,71314589,71314613,71314631,2,0,1,1,71314577,71314583,71314589,71314577,71314579,71314581,0,0,0,0,0,0,3.5,780,647,0.9997626844934906,1.0002373155065094
low,71314765,71314777,12,71314777,71314781,71314807,1,1,1,1,71314769,71314777,71314781,71314767,71314769,71314771,0,1,1,0,0,0,3.5,780,647,0.9997626844934906,1.0002373155065094
low,71314863,71314871,8,71314871,71314879,71314883,1,1,1,1,71314871,71314877,71314879,71314865,71314867,71314869,1,1,1,0,0,0,3.5,780,647,0.9997626844934906,1.0002373155065094
low,71315361,71315383,22,71315383,71315399,71315411,1,1,1,1,71315369,71315371,71315381,71315363,71315365,71315367,0,0,0,0,0,0,3.5,780,647,0.9997626844934906,1.0002373155065094
low,71315875,71315897,22,71315891,71315897,71315929,2,0,1,1,71315879,71315887,71315891,71315877,71315879,71315881,0,0,0,0,0,0,3.5,780,647,0.9997626844934906,1.0002373155065094
low,71315906,71315929,23,71315929,71315947,71315953,1,1,1,1,71315917,71315921,71315927,71315907,71315909,71315911,0,0,0,0,0,0,3.5,780,647,0.9997626844934906,1.0002373155065094
low,71315952,71315953,1,71315953,71315957,71315971,1,1,1,1,71315953,71315957,71315963,71315953,71315955,71315957,1,1,1,1,1,1,3.5,780,647,0.9997626844934906,1.0002373155065094
low,71316012,71316013,1,71316013,71316023,71316029,1,1,1,1,71316013,71316019,71316023,71316013,71316015,71316017,1,1,1,1,1,1,3.5,780,647,0.9997626844934906,1.0002373155065094
low,71316221,71316229,8,71316229,71316247,71316257,1,1,1,1,71316227,71316229,71316233,71316223,71316225,71316227,0,1,1,0,0,0,3.5,780,647,0.9997626844934906,1.0002373155065094
low,71316239,71316247,8,71316247,71316257,71316263,1,1,1,1,71316247,71316251,71316257,71316241,71316243,71316245,1,1,1,0,0,0,3.5,780,647,0.9997626844934906,1.0002373155065094
low,71316264,71316281,17,71316281,71316293,71316299,1,1,1,1,71316269,71316277,71316281,71316265,71316267,71316269,0,0,1,0,0,0,3.5,780,647,0.9997626844934906,1.0002373155065094
low,71316472,71316521,49,71316521,71316527,71316529,1,1,1,1,71316473,71316493,71316499,71316473,71316475,71316477,0,0,0,0,0,0,3.5,780,647,0.9997626844934906,1.0002373155065094
low,71316476,71316521,45,71316521,71316527,71316529,1,1,1,1,71316493,71316499,71316503,71316477,71316479,71316481,0,0,0,0,0,0,3.5,780,647,0.9997626844934906,1.0002373155065094
low,71316507,71316521,14,71316521,71316527,71316529,1,1,1,1,71316517,71316521,71316523,71316509,71316511,71316513,0,1,1,0,0,0,3.5,780,647,0.9997626844934906,1.0002373155065094
low,71316667,71316689,22,71316689,71316691,71316701,1,1,1,1,71316673,71316677,71316689,71316669,71316671,71316673,0,0,1,0,0,0,3.5,780,647,0.9997626844934906,1.0002373155065094
low,71317116,71317121,5,71317117,71317121,71317123,2,0,1,1,71317117,71317121,71317123,71317117,71317119,71317121,0,1,1,0,0,1,3.5,780,647,0.9997626844934906,1.0002373155065094
low,71317194,71317199,5,71317199,71317201,71317219,1,1,1,1,71317199,71317201,71317217,71317195,71317197,71317199,1,1,1,0,0,1,3.5,780,647,0.9997626844934906,1.0002373155065094
low,71317283,71317289,6,71317289,71317291,71317297,1,1,1,1,71317289,71317291,71317297,71317285,71317287,71317289,1,1,1,0,0,1,3.5,780,647,0.9997626844934906,1.0002373155065094
low,71317919,71317927,8,71317927,71317943,71317969,1,1,1,1,71317921,71317927,71317933,71317921,71317923,71317925,0,1,1,0,0,0,3.5,780,647,0.9997626844934906,1.0002373155065094
low,71318273,71318287,14,71318287,71318297,71318309,1,1,1,1,71318287,71318293,71318297,71318275,71318277,71318279,1,1,1,0,0,0,3.5,780,647,0.9997626844934906,1.0002373155065094
low,71318559,71318567,8,71318567,71318617,71318629,1,1,1,1,71318563,71318567,71318573,71318561,71318563,71318565,0,1,1,0,0,0,3.5,780,647,0.9997626844934906,1.0002373155065094
low,71318682,71318717,35,71318717,71318729,71318747,1,1,1,1,71318683,71318693,71318701,71318683,71318685,71318687,0,0,0,0,0,0,3.5,780,647,0.9997626844934906,1.0002373155065094
low,71319108,71319119,11,71319119,71319121,71319133,1,1,1,1,71319109,71319119,71319121,71319109,71319111,71319113,0,1,1,0,0,0,3.5,780,647,0.9997626844934906,1.0002373155065094
low,71319300,71319307,7,71319307,71319317,71319329,1,1,1,1,71319307,71319317,71319319,71319301,71319303,71319305,1,1,1,0,0,0,3.5,780,647,0.9997626844934906,1.0002373155065094
low,71319315,71319317,2,71319317,71319329,71319361,1,1,1,1,71319317,71319319,71319329,71319317,71319319,71319321,1,1,1,1,1,1,3.5,780,647,0.9997626844934906,1.0002373155065094
low,71319395,71319401,6,71319401,71319419,71319421,1,1,1,1,71319397,71319401,71319419,71319397,71319399,71319401,0,1,1,0,0,1,3.5,780,647,0.9997626844934906,1.0002373155065094
low,71319532,71319581,49,71319581,71319587,71319601,1,1,1,1,71319533,71319541,71319551,71319533,71319535,71319537,0,0,0,0,0,0,3.5,780,647,0.9997626844934906,1.0002373155065094
low,71319831,71319839,8,71319839,71319847,71319881,1,1,1,1,71319839,71319841,71319847,71319833,71319835,71319837,1,1,1,0,0,0,3.5,780,647,0.9997626844934906,1.0002373155065094
low,71320242,71320283,41,71320283,71320303,71320307,1,1,1,1,71320247,71320259,71320261,71320243,71320245,71320247,0,0,0,0,0,0,3.5,780,647,0.9997626844934906,1.0002373155065094
low,71320268,71320283,15,71320283,71320303,71320307,1,1,1,1,71320273,71320279,71320283,71320269,71320271,71320273,0,0,1,0,0,0,3.5,780,647,0.9997626844934906,1.0002373155065094
low,71320415,71320451,36,71320421,71320451,71320453,2,0,1,1,71320421,71320427,71320429,71320417,71320419,71320421,0,0,0,0,0,0,3.5,780,647,0.9997626844934906,1.0002373155065094
low,71320715,71320721,6,71320721,71320727,71320747,1,1,1,1,71320721,71320727,71320741,71320717,71320719,71320721,1,1,1,0,0,1,3.5,780,647,0.9997626844934906,1.0002373155065094
low,71321000,71321021,21,71321021,71321023,71321051,1,1,1,1,71321009,71321011,71321017,71321001,71321003,71321005,0,0,0,0,0,0,3.5,780,647,0.9997626844934906,1.0002373155065094
low,71321179,71321197,18,71321197,71321209,71321221,1,1,1,1,71321189,71321191,71321197,71321181,71321183,71321185,0,0,1,0,0,0,3.5,780,647,0.9997626844934906,1.0002373155065094
low,71321332,71321333,1,71321333,71321347,71321351,1,1,1,1,71321333,71321339,71321347,71321333,71321335,71321337,1,1,1,1,1,1,3.5,780,647,0.9997626844934906,1.0002373155065094
low,71321886,71321927,41,71321891,71321923,71321927,3,0,0,1,71321891,71321893,71321897,71321887,71321889,71321891,0,0,0,0,0,0,3.5,780,647,0.9997626844934906,1.0002373155065094
low,71321907,71321927,20,71321923,71321927,71321947,2,0,1,1,71321909,71321911,71321917,71321909,71321911,71321913,0,0,0,0,0,0,3.5,780,647,0.9997626844934906,1.0002373155065094
low,71322253,71322299,46,71322299,71322301,71322319,1,1,1,1,71322263,71322269,71322271,71322255,71322257,71322259,0,0,0,0,0,0,3.5,780,647,0.9997626844934906,1.0002373155065094
low,71322383,71322437,54,71322437,71322467,71322469,1,1,1,1,71322389,71322401,71322403,71322385,71322387,71322389,0,0,0,0,0,0,3.5,780,647,0.9997626844934906,1.0002373155065094
low,71322997,71323003,6,71323003,71323009,71323051,1,1,1,1,71323001,71323003,71323009,71322999,71323001,71323003,0,1,1,0,0,1,3.5,780,647,0.9997626844934906,1.0002373155065094
low,71323147,71323193,46,71323193,71323199,71323237,1,1,1,1,71323157,71323159,71323163,71323149,71323151,71323153,0,0,0,0,0,0,3.5,780,647,0.9997626844934906,1.0002373155065094
low,71323149,71323193,44,71323193,71323199,71323237,1,1,1,1,71323157,71323159,71323163,71323151,71323153,71323155,0,0,0,0,0,0,3.5,780,647,0.9997626844934906,1.0002373155065094
low,71323389,71323423,34,71323423,71323451,71323459,1,1,1,1,71323393,71323403,71323409,71323391,71323393,71323395,0,0,0,0,0,0,3.5,780,647,0.9997626844934906,1.0002373155065094
low,71323476,71323493,17,71323493,71323501,71323513,1,1,1,1,71323477,71323481,71323487,71323477,71323479,71323481,0,0,0,0,0,0,3.5,780,647,0.9997626844934906,1.0002373155065094
low,71323597,71323601,4,71323601,71323639,71323657,1,1,1,1,71323601,71323607,71323613,71323599,71323601,71323603,1,1,1,0,1,1,3.5,780,647,0.9997626844934906,1.0002373155065094
low,71323760,71323841,81,71323841,71323843,71323871,1,1,1,1,71323771,71323781,71323783,71323761,71323763,71323765,0,0,0,0,0,0,3.5,780,647,0.9997626844934906,1.0002373155065094
low,71324112,71324117,5,71324117,71324153,71324159,1,1,1,1,71324117,71324131,71324147,71324113,71324115,71324117,1,1,1,0,0,1,3.5,780,647,0.9997626844934906,1.0002373155065094
low,71324195,71324203,8,71324203,71324221,71324243,1,1,1,1,71324203,71324207,71324213,71324197,71324199,71324201,1,1,1,0,0,0,3.5,780,647,0.9997626844934906,1.0002373155065094
low,71324227,71324243,16,71324243,71324251,71324269,1,1,1,1,71324237,71324243,71324249,71324229,71324231,71324233,0,1,1,0,0,0,3.5,780,647,0.9997626844934906,1.0002373155065094
low,71324390,71324413,23,71324413,71324417,71324437,1,1,1,1,71324399,71324411,71324413,71324391,71324393,71324395,0,0,1,0,0,0,3.5,780,647,0.9997626844934906,1.0002373155065094
low,71324808,71324819,11,71324819,71324821,71324837,1,1,1,1,71324819,71324821,71324831,71324809,71324811,71324813,1,1,1,0,0,0,3.5,780,647,0.9997626844934906,1.0002373155065094
low,71324882,71324933,51,71324933,71324947,71324951,1,1,1,1,71324887,71324893,71324899,71324883,71324885,71324887,0,0,0,0,0,0,3.5,780,647,0.9997626844934906,1.0002373155065094
low,71325151,71325173,22,71325173,71325187,71325197,1,1,1,1,71325157,71325161,71325167,71325153,71325155,71325157,0,0,0,0,0,0,3.5,780,647,0.9997626844934906,1.0002373155065094
low,71325597,71325607,10,71325607,71325629,71325671,1,1,1,1,71325607,71325613,71325619,71325599,71325601,71325603,1,1,1,0,0,0,3.5,780,647,0.9997626844934906,1.0002373155065094
low,71325967,71325971,4,71325971,71325979,71325983,1,1,1,1,71325971,71325973,71325977,71325969,71325971,71325973,1,1,1,0,1,1,3.5,780,647,0.9997626844934906,1.0002373155065094
low,71326462,71326477,15,71326477,71326481,71326483,1,1,1,1,71326469,71326471,71326477,71326463,71326465,71326467,0,0,1,0,0,0,3.5,780,647,0.9997626844934906,1.0002373155065094
low,71326473,71326477,4,71326477,71326481,71326483,1,1,1,1,71326477,71326481,71326483,71326475,71326477,71326479,1,1,1,0,1,1,3.5,780,647,0.9997626844934906,1.0002373155065094
low,71326686,71326687,1,71326687,71326709,71326727,1,1,1,1,71326687,71326691,71326693,71326687,71326689,71326691,1,1,1,1,1,1,3.5,780,647,0.9997626844934906,1.0002373155065094
low,71326921,71326961,40,71326961,71326991,71326993,1,1,1,1,71326939,71326943,71326949,71326923,71326925,71326927,0,0,0,0,0,0,3.5,780,647,0.9997626844934906,1.0002373155065094
low,71326991,71326993,2,71326993,71326999,71327017,1,1,1,1,71326993,71326999,71327017,71326993,71326995,71326997,1,1,1,1,1,1,3.5,780,647,0.9997626844934906,1.0002373155065094
low,71327134,71327143,9,71327143,71327147,71327149,1,1,1,1,71327141,71327143,71327147,71327135,71327137,71327139,0,1,1,0,0,0,3.5,780,647,0.9997626844934906,1.0002373155065094
low,71327217,71327237,20,71327237,71327261,71327279,1,1,1,1,71327219,71327227,71327231,71327219,71327221,71327223,0,0,0,0,0,0,3.5,780,647,0.9997626844934906,1.0002373155065094
low,71327575,71327587,12,71327587,71327611,71327629,1,1,1,1,71327579,71327587,71327591,71327577,71327579,71327581,0,1,1,0,0,0,3.5,780,647,0.9997626844934906,1.0002373155065094
low,71328060,71328079,19,71328079,71328097,71328137,1,1,1,1,71328067,71328077,71328079,71328061,71328063,71328065,0,0,1,0,0,0,3.5,780,647,0.9997626844934906,1.0002373155065094
low,71328469,71328559,90,71328503,71328559,71328571,2,0,1,1,71328473,71328479,71328493,71328471,71328473,71328475,0,0,0,0,0,0,3.5,780,647,0.9997626844934906,1.0002373155065094
low,71329133,71329199,66,71329199,71329213,71329231,1,1,1,1,71329147,71329151,71329157,71329135,71329137,71329139,0,0,0,0,0,0,3.5,780,647,0.9997626844934906,1.0002373155065094
low,71329144,71329199,55,71329199,71329213,71329231,1,1,1,1,71329147,71329151,71329157,71329145,71329147,71329149,0,0,0,0,0,0,3.5,780,647,0.9997626844934906,1.0002373155065094
low,71329211,71329213,2,71329213,71329231,71329253,1,1,1,1,71329213,71329217,71329231,71329213,71329215,71329217,1,1,1,1,1,1,3.5,780,647,0.9997626844934906,1.0002373155065094
low,71330286,71330293,7,71330293,71330299,71330321,1,1,1,1,71330293,71330297,71330299,71330287,71330289,71330291,1,1,1,0,0,0,3.5,780,647,0.9997626844934906,1.0002373155065094
low,71330755,71330767,12,71330767,71330771,71330773,1,1,1,1,71330761,71330767,71330771,71330757,71330759,71330761,0,1,1,0,0,0,3.5,780,647,0.9997626844934906,1.0002373155065094
low,71331286,71331287,1,71331287,71331307,71331317,1,1,1,1,71331287,71331289,71331307,71331287,71331289,71331291,1,1,1,1,1,1,3.5,780,647,0.9997626844934906,1.0002373155065094
low,71332364,71332367,3,71332367,71332369,71332381,1,1,1,1,71332367,71332369,71332379,71332365,71332367,71332369,1,1,1,0,1,1,3.5,780,647,0.9997626844934906,1.0002373155065094
low,71332479,71332501,22,71332501,71332507,71332523,1,1,1,1,71332483,71332487,71332501,71332481,71332483,71332485,0,0,1,0,0,0,3.5,780,647,0.9997626844934906,1.0002373155065094
low,71332817,71332841,24,71332841,71332843,71332847,1,1,1,1,71332819,71332823,71332829,71332819,71332821,71332823,0,0,0,0,0,0,3.5,780,647,0.9997626844934906,1.0002373155065094
low,71333143,71333149,6,71333147,71333149,71333167,2,0,1,1,71333147,71333149,71333153,71333145,71333147,71333149,0,1,1,0,0,1,3.5,780,647,0.9997626844934906,1.0002373155065094
low,71334223,71334233,10,71334233,71334259,71334269,1,1,1,1,71334233,71334239,71334251,71334225,71334227,71334229,1,1,1,0,0,0,3.5,780,647,0.9997626844934906,1.0002373155065094
low,71334834,71334859,25,71334859,71334863,71334869,1,1,1,1,71334841,71334847,71334853,71334835,71334837,71334839,0,0,0,0,0,0,3.5,780,647,0.9997626844934906,1.0002373155065094
low,71334970,71334973,3,71334973,71334997,71335007,1,1,1,1,71334971,71334973,71334979,71334971,71334973,71334975,0,1,1,0,1,1,3.5,780,647,0.9997626844934906,1.0002373155065094
low,71335020,71335027,7,71335021,71335027,71335031,2,0,1,1,71335021,71335027,71335031,71335021,71335023,71335025,0,1,1,0,0,0,3.5,780,647,0.9997626844934906,1.0002373155065094
low,71335032,71335051,19,71335051,71335057,71335067,1,1,1,1,71335037,71335039,71335049,71335033,71335035,71335037,0,0,0,0,0,0,3.5,780,647,0.9997626844934906,1.0002373155065094
low,71335305,71335337,32,71335337,71335357,71335373,1,1,1,1,71335307,71335309,71335321,71335307,71335309,71335311,0,0,0,0,0,0,3.5,780,647,0.9997626844934906,1.0002373155065094
low,71335360,71335373,13,71335373,71335387,71335393,1,1,1,1,71335361,71335373,71335379,71335361,71335363,71335365,0,1,1,0,0,0,3.5,780,647,0.9997626844934906,1.0002373155065094
low,71335755,71335769,14,71335769,71335787,71335793,1,1,1,1,71335763,71335769,71335777,71335757,71335759,71335761,0,1,1,0,0,0,3.5,780,647,0.9997626844934906,1.0002373155065094
low,71335777,71335787,10,71335787,71335793,71335807,1,1,1,1,71335783,71335787,71335793,71335779,71335781,71335783,0,1,1,0,0,0,3.5,780,647,0.9997626844934906,1.0002373155065094
low,71335946,71335967,21,71335967,71335993,71336021,1,1,1,1,71335951,71335963,71335967,71335947,71335949,71335951,0,0,1,0,0,0,3.5,780,647,0.9997626844934906,1.0002373155065094
low,71336035,71336059,24,71336059,71336071,71336077,1,1,1,1,71336039,71336047,71336053,71336037,71336039,71336041,0,0,0,0,0,0,3.5,780,647,0.9997626844934906,1.0002373155065094
low,71336167,71336171,4,71336171,71336189,71336191,1,1,1,1,71336171,71336173,71336183,71336169,71336171,71336173,1,1,1,0,1,1,3.5,780,647,0.9997626844934906,1.0002373155065094
low,71336227,71336231,4,71336231,71336273,71336303,1,1,1,1,71336231,71336249,71336257,71336229,71336231,71336233,1,1,1,0,1,1,3.5,780,647,0.9997626844934906,1.0002373155065094
low,71336388,71336411,23,71336411,71336423,71336429,1,1,1,1,71336389,71336399,71336401,71336389,71336391,71336393,0,0,0,0,0,0,3.5,780,647,0.9997626844934906,1.0002373155065094
low,71336700,71336717,17,71336717,71336719,71336747,1,1,1,1,71336701,71336711,71336717,71336701,71336703,71336705,0,0,1,0,0,0,3.5,780,647,0.9997626844934906,1.0002373155065094
low,71336869,71336893,24,71336891,71336893,71336939,2,0,1,1,71336873,71336891,71336893,71336871,71336873,71336875,0,0,1,0,0,0,3.5,780,647,0.9997626844934906,1.0002373155065094
low,71337288,71337317,29,71337317,71337319,71337323,1,1,1,1,71337289,71337293,71337307,71337289,71337291,71337293,0,0,0,0,0,0,3.5,780,647,0.9997626844934906,1.0002373155065094
low,71337648,71337671,23,71337671,71337689,71337703,1,1,1,1,71337649,71337653,71337659,71337649,71337651,71337653,0,0,0,0,0,0,3.5,780,647,0.9997626844934906,1.0002373155065094
low,71337931,71337943,12,71337943,71337953,71337977,1,1,1,1,71337943,71337947,71337949,71337933,71337935,71337937,1,1,1,0,0,0,3.5,780,647,0.9997626844934906,1.0002373155065094
low,71338404,71338411,7,71338411,71338427,71338439,1,1,1,1,71338411,71338417,71338427,71338405,71338407,71338409,1,1,1,0,0,0,3.5,780,647,0.9997626844934906,1.0002373155065094
low,71339385,71339393,8,71339393,71339407,71339417,1,1,1,1,71339393,71339407,71339413,71339387,71339389,71339391,1,1,1,0,0,0,3.5,780,647,0.9997626844934906,1.0002373155065094
low,71339556,71339557,1,71339557,71339573,71339581,1,1,1,1,71339557,71339561,71339563,71339557,71339559,71339561,1,1,1,1,1,1,3.5,780,647,0.9997626844934906,1.0002373155065094
low,71339985,71340001,16,71340001,71340023,71340119,1,1,1,1,71339987,71339993,71339999,71339987,71339989,71339991,0,0,0,0,0,0,3.5,780,647,0.9997626844934906,1.0002373155065094
low,71339999,71340001,2,71340001,71340023,71340119,1,1,1,1,71340001,71340011,71340013,71340001,71340003,71340005,1,1,1,1,1,1,3.5,780,647,0.9997626844934906,1.0002373155065094
low,71340116,71340127,11,71340119,71340127,71340133,2,0,1,1,71340119,71340121,71340127,71340117,71340119,71340121,0,0,1,0,0,0,3.5,780,647,0.9997626844934906,1.0002373155065094
low,71340380,71340439,59,71340439,71340443,71340463,1,1,1,1,71340389,71340391,71340397,71340381,71340383,71340385,0,0,0,0,0,0,3.5,780,647,0.9997626844934906,1.0002373155065094
low,71340688,71340701,13,71340701,71340719,71340727,1,1,1,1,71340691,71340697,71340701,71340689,71340691,71340693,0,0,1,0,0,0,3.5,780,647,0.9997626844934906,1.0002373155065094
low,71340800,71340803,3,71340803,71340817,71340883,1,1,1,1,71340803,71340809,71340811,71340801,71340803,71340805,1,1,1,0,1,1,3.5,780,647,0.9997626844934906,1.0002373155065094
low,71340801,71340803,2,71340803,71340817,71340883,1,1,1,1,71340803,71340809,71340811,71340803,71340805,71340807,1,1,1,1,1,1,3.5,780,647,0.9997626844934906,1.0002373155065094
low,71340922,71340923,1,71340923,71340949,71340961,1,1,1,1,71340923,71340931,71340937,71340923,71340925,71340927,1,1,1,1,1,1,3.5,780,647,0.9997626844934906,1.0002373155065094
low,71341208,71341211,3,71341211,71341213,71341229,1,1,1,1,71341211,71341213,71341217,71341209,71341211,71341213,1,1,1,0,1,1,3.5,780,647,0.9997626844934906,1.0002373155065094
low,71341515,71341519,4,71341519,71341541,71341547,1,1,1,1,71341519,71341531,71341541,71341517,71341519,71341521,1,1,1,0,1,1,3.5,780,647,0.9997626844934906,1.0002373155065094
low,71341655,71341663,8,71341663,71341709,71341717,1,1,1,1,71341657,71341661,71341663,71341657,71341659,71341661,0,0,1,0,0,0,3.5,780,647,0.9997626844934906,1.0002373155065094
low,71342125,71342153,28,71342153,71342177,71342197,1,1,1,1,71342129,71342137,71342143,71342127,71342129,71342131,0,0,0,0,0,0,3.5,780,647,0.9997626844934906,1.0002373155065094
low,71342152,71342153,1,71342153,71342177,71342197,1,1,1,1,71342153,71342171,71342177,71342153,71342155,71342157,1,1,1,1,1,1,3.5,780,647,0.9997626844934906,1.0002373155065094
low,71342254,71342263,9,71342263,71342267,71342273,1,1,1,1,71342261,71342263,71342267,71342255,71342257,71342259,0,1,1,0,0,0,3.5,780,647,0.9997626844934906,1.0002373155065094
low,71342304,71342309,5,71342309,71342317,71342333,1,1,1,1,71342309,71342311,71342317,71342305,71342307,71342309,1,1,1,0,0,1,3.5,780,647,0.9997626844934906,1.0002373155065094
low,71342718,71342729,11,71342729,71342737,71342743,1,1,1,1,71342723,71342729,71342731,71342719,71342721,71342723,0,1,1,0,0,0,3.5,780,647,0.9997626844934906,1.0002373155065094
low,71342956,71342983,27,71342983,71343011,71343017,1,1,1,1,71342959,71342963,71342969,71342957,71342959,71342961,0,0,0,0,0,0,3.5,780,647,0.9997626844934906,1.0002373155065094
low,71344117,71344127,10,71344123,71344127,71344151,2,0,1,1,71344123,71344127,71344129,71344119,71344121,71344123,0,1,1,0,0,0,3.5,780,647,0.9997626844934906,1.0002373155065094
low,71344368,71344381,13,71344381,71344451,71344453,1,1,1,1,71344369,71344381,71344387,71344369,71344371,71344373,0,1,1,0,0,0,3.5,780,647,0.9997626844934906,1.0002373155065094
low,71344526,71344541,15,71344541,71344549,71344561,1,1,1,1,71344531,71344541,71344543,71344527,71344529,71344531,0,1,1,0,0,0,3.5,780,647,0.9997626844934906,1.0002373155065094
low,71344561,71344619,58,71344619,71344649,71344661,1,1,1,1,71344571,71344573,71344577,71344563,71344565,71344567,0,0,0,0,0,0,3.5,780,647,0.9997626844934906,1.0002373155065094
low,71344688,71344703,15,71344703,71344709,71344739,1,1,1,1,71344697,71344703,71344709,71344689,71344691,71344693,0,1,1,0,0,0,3.5,780,647,0.9997626844934906,1.0002373155065094
low,71344731,71344739,8,71344739,71344787,71344789,1,1,1,1,71344739,71344747,71344751,71344733,71344735,71344737,1,1,1,0,0,0,3.5,780,647,0.9997626844934906,1.0002373155065094
low,71344799,71344811,12,71344811,71344813,71344817,1,1,1,1,71344807,71344811,71344813,71344801,71344803,71344805,0,1,1,0,0,0,3.5,780,647,0.9997626844934906,1.0002373155065094
low,71345138,71345143,5,71345143,71345161,71345189,1,1,1,1,71345143,71345147,71345159,71345139,71345141,71345143,1,1,1,0,0,1,3.5,780,647,0.9997626844934906,1.0002373155065094
low,71345212,71345221,9,71345221,71345227,71345233,1,1,1,1,71345213,71345221,71345227,71345213,71345215,71345217,0,1,1,0,0,0,3.5,780,647,0.9997626844934906,1.0002373155065094
low,71345301,71345303,2,71345303,71345341,71345359,1,1,1,1,71345303,71345317,71345321,71345303,71345305,71345307,1,1,1,1,1,1,3.5,780,647,0.9997626844934906,1.0002373155065094
low,71345398,71345411,13,71345401,71345411,71345429,2,0,1,1,71345401,71345411,71345419,71345399,71345401,71345403,0,1,1,0,0,0,3.5,780,647,0.9997626844934906,1.0002373155065094
low,71345578,71345587,9,71345587,71345591,71345621,1,1,1,1,71345579,71345581,71345587,71345579,71345581,71345583,0,0,1,0,0,0,3.5,780,647,0.9997626844934906,1.0002373155065094
low,71346007,71346013,6,71346013,71346019,71346031,1,1,1,1,71346013,71346017,71346019,71346009,71346011,71346013,1,1,1,0,0,1,3.5,780,647,0.9997626844934906,1.0002373155065094
low,71346112,71346113,1,71346113,71346133,71346139,1,1,1,1,71346113,71346131,71346133,71346113,71346115,71346117,1,1,1,1,1,1,3.5,780,647,0.9997626844934906,1.0002373155065094
low,71346329,71346361,32,71346361,71346367,71346403,1,1,1,1,71346337,71346343,71346347,71346331,71346333,71346335,0,0,0,0,0,0,3.5,780,647,0.9997626844934906,1.0002373155065094
low,71346353,71346361,8,71346361,71346367,71346403,1,1,1,1,71346361,71346367,71346371,71346355,71346357,71346359,1,1,1,0,0,0,3.5,780,647,0.9997626844934906,1.0002373155065094
low,71346456,71346461,5,71346461,71346481,71346497,1,1,1,1,71346461,71346469,71346479,71346457,71346459,71346461,1,1,1,0,0,1,3.5,780,647,0.9997626844934906,1.0002373155065094
low,71346528,71346547,19,71346547,71346557,71346563,1,1,1,1,71346533,71346547,71346551,71346529,71346531,71346533,0,1,1,0,0,0,3.5,780,647,0.9997626844934906,1.0002373155065094
low,71346668,71346677,9,71346677,71346707,71346721,1,1,1,1,71346673,71346677,71346679,71346669,71346671,71346673,0,1,1,0,0,0,3.5,780,647,0.9997626844934906,1.0002373155065094
low,71347130,71347141,11,71347141,71347153,71347189,1,1,1,1,71347139,71347141,71347151,71347131,71347133,71347135,0,1,1,0,0,0,3.5,780,647,0.9997626844934906,1.0002373155065094
low,71347231,71347259,28,71347259,71347313,71347319,1,1,1,1,71347247,71347253,71347259,71347233,71347235,71347237,0,0,1,0,0,0,3.5,780,647,0.9997626844934906,1.0002373155065094
low,71347361,71347373,12,71347373,71347391,71347417,1,1,1,1,71347363,71347369,71347373,71347363,71347365,71347367,0,0,1,0,0,0,3.5,780,647,0.9997626844934906,1.0002373155065094
low,71347733,71347741,8,71347741,71347769,71347777,1,1,1,1,71347739,71347741,71347747,71347735,71347737,71347739,0,1,1,0,0,0,3.5,780,647,0.9997626844934906,1.0002373155065094
low,71347872,71347873,1,71347873,71347889,71347891,1,1,1,1,71347873,71347877,71347879,71347873,71347875,71347877,1,1,1,1,1,1,3.5,780,647,0.9997626844934906,1.0002373155065094
low,71348552,71348581,29,71348581,71348593,71348603,1,1,1,1,71348561,71348567,71348569,71348553,71348555,71348557,0,0,0,0,0,0,3.5,780,647,0.9997626844934906,1.0002373155065094
low,71348656,71348657,1,71348657,71348689,71348699,1,1,1,1,71348657,71348659,71348663,71348657,71348659,71348661,1,1,1,1,1,1,3.5,780,647,0.9997626844934906,1.0002373155065094
low,71348670,71348689,19,71348689,71348699,71348707,1,1,1,1,71348681,71348687,71348689,71348671,71348673,71348675,0,0,1,0,0,0,3.5,780,647,0.9997626844934906,1.0002373155065094
low,71348794,71348801,7,71348801,71348803,71348891,1,1,1,1,71348801,71348803,71348807,71348795,71348797,71348799,1,1,1,0,0,0,3.5,780,647,0.9997626844934906,1.0002373155065094
low,71348961,71348969,8,71348969,71348989,71348993,1,1,1,1,71348969,71348987,71348989,71348963,71348965,71348967,1,1,1,0,0,0,3.5,780,647,0.9997626844934906,1.0002373155065094
low,71349062,71349071,9,71349071,71349079,71349101,1,1,1,1,71349067,71349071,71349073,71349063,71349065,71349067,0,1,1,0,0,0,3.5,780,647,0.9997626844934906,1.0002373155065094
low,71349446,71349449,3,71349449,71349451,71349457,1,1,1,1,71349449,71349451,71349457,71349447,71349449,71349451,1,1,1,0,1,1,3.5,780,647,0.9997626844934906,1.0002373155065094
low,71349566,71349587,21,71349583,71349587,71349589,2,0,1,1,71349569,71349571,71349581,71349567,71349569,71349571,0,0,0,0,0,0,3.5,780,647,0.9997626844934906,1.0002373155065094
low,71349609,71349637,28,71349637,71349643,71349647,1,1,1,1,71349613,71349623,71349631,71349611,71349613,71349615,0,0,0,0,0,0,3.5,780,647,0.9997626844934906,1.0002373155065094
low,71349700,71349709,9,71349701,71349709,71349721,2,0,1,1,71349701,71349709,71349713,71349701,71349703,71349705,0,1,1,0,0,0,3.5,780,647,0.9997626844934906,1.0002373155065094
low,71350085,71350087,2,71350087,71350091,71350099,1,1,1,1,71350087,71350091,71350093,71350087,71350089,71350091,1,1,1,1,1,1,3.5,780,647,0.9997626844934906,1.0002373155065094
low,71350638,71350639,1,71350639,71350661,71350673,1,1,1,1,71350639,71350651,71350661,71350639,71350641,71350643,1,1,1,1,1,1,3.5,780,647,0.9997626844934906,1.0002373155065094
low,71350669,71350673,4,71350673,71350693,71350709,1,1,1,1,71350673,71350679,71350687,71350671,71350673,71350675,1,1,1,0,1,1,3.5,780,647,0.9997626844934906,1.0002373155065094
low,71350825,71350843,18,71350843,71350849,71350859,1,1,1,1,71350831,71350837,71350841,71350827,71350829,71350831,0,0,0,0,0,0,3.5,780,647,0.9997626844934906,1.0002373155065094
low,71351208,71351209,1,71351209,71351219,71351257,1,1,1,1,71351209,71351219,71351233,71351209,71351211,71351213,1,1,1,1,1,1,3.5,780,647,0.9997626844934906,1.0002373155065094
low,71351353,71351383,30,71351383,71351387,71351407,1,1,1,1,71351369,71351377,71351381,71351355,71351357,71351359,0,0,0,0,0,0,3.5,780,647,0.9997626844934906,1.0002373155065094
low,71351456,71351459,3,71351459,71351461,71351507,1,1,1,1,71351459,71351461,71351471,71351457,71351459,71351461,1,1,1,0,1,1,3.5,780,647,0.9997626844934906,1.0002373155065094
low,71352083,71352091,8,71352091,71352097,71352103,1,1,1,1,71352089,71352091,71352097,71352085,71352087,71352089,0,1,1,0,0,0,3.5,780,647,0.9997626844934906,1.0002373155065094
low,71352156,71352161,5,71352161,71352167,71352199,1,1,1,1,71352157,71352161,71352167,71352157,71352159,71352161,0,1,1,0,0,1,3.5,780,647,0.9997626844934906,1.0002373155065094
low,71352244,71352269,25,71352269,71352271,71352301,1,1,1,1,71352251,71352257,71352263,71352245,71352247,71352249,0,0,0,0,0,0,3.5,780,647,0.9997626844934906,1.0002373155065094
low,71352445,71352461,16,71352461,71352473,71352487,1,1,1,1,71352461,71352469,71352473,71352447,71352449,71352451,1,1,1,0,0,0,3.5,780,647,0.9997626844934906,1.0002373155065094
low,71352816,71352821,5,71352821,71352823,71352839,1,1,1,1,71352817,71352821,71352823,71352817,71352819,71352821,0,1,1,0,0,1,3.5,780,647,0.9997626844934906,1.0002373155065094
low,71353085,71353091,6,71353091,71353109,71353127,1,1,1,1,71353091,71353099,71353103,71353087,71353089,71353091,1,1,1,0,0,1,3.5,780,647,0.9997626844934906,1.0002373155065094
low,71353276,71353307,31,71353307,71353309,71353319,1,1,1,1,71353277,71353279,71353283,71353277,71353279,71353281,0,0,0,0,0,0,3.5,780,647,0.9997626844934906,1.0002373155065094
low,71353387,71353409,22,71353409,71353421,71353433,1,1,1,1,71353391,71353393,71353397,71353389,71353391,71353393,0,0,0,0,0,0,3.5,780,647,0.9997626844934906,1.0002373155065094
low,71354150,71354183,33,71354161,71354183,71354191,2,0,1,1,71354159,71354161,71354167,71354151,71354153,71354155,0,0,0,0,0,0,3.5,780,647,0.9997626844934906,1.0002373155065094
low,71354631,71354639,8,71354639,71354683,71354687,1,1,1,1,71354639,71354641,71354651,71354633,71354635,71354637,1,1,1,0,0,0,3.5,780,647,0.9997626844934906,1.0002373155065094
low,71355140,71355161,21,71355161,71355191,71355227,1,1,1,1,71355143,71355149,71355157,71355141,71355143,71355145,0,0,0,0,0,0,3.5,780,647,0.9997626844934906,1.0002373155065094
low,71355160,71355161,1,71355161,71355191,71355227,1,1,1,1,71355161,71355169,71355173,71355161,71355163,71355165,1,1,1,1,1,1,3.5,780,647,0.9997626844934906,1.0002373155065094
low,71355474,71355481,7,71355481,71355509,71355517,1,1,1,1,71355481,71355491,71355497,71355475,71355477,71355479,1,1,1,0,0,0,3.5,780,647,0.9997626844934906,1.0002373155065094
low,71355612,71355643,31,71355617,71355643,71355667,2,0,1,1,71355617,71355619,71355623,71355613,71355615,71355617,0,0,0,0,0,0,3.5,780,647,0.9997626844934906,1.0002373155065094
low,71355850,71355853,3,71355853,71355883,71355899,1,1,1,1,71355853,71355857,71355859,71355851,71355853,71355855,1,1,1,0,1,1,3.5,780,647,0.9997626844934906,1.0002373155065094
low,71356350,71356367,17,71356357,71356367,71356423,2,0,1,1,71356357,71356367,71356379,71356351,71356353,71356355,0,1,1,0,0,0,3.5,780,647,0.9997626844934906,1.0002373155065094
low,71356360,71356367,7,71356367,71356423,71356433,1,1,1,1,71356367,71356379,71356387,71356361,71356363,71356365,1,1,1,0,0,0,3.5,780,647,0.9997626844934906,1.0002373155065094
low,71356393,71356423,30,71356423,71356433,71356447,1,1,1,1,71356399,71356403,71356409,71356395,71356397,71356399,0,0,0,0,0,0,3.5,780,647,0.9997626844934906,1.0002373155065094
low,71356558,71356561,3,71356561,71356573,71356577,1,1,1,1,71356561,71356567,71356573,71356559,71356561,71356563,1,1,1,0,1,1,3.5,780,647,0.9997626844934906,1.0002373155065094
low,71356577,71356591,14,71356591,71356627,71356631,1,1,1,1,71356583,71356589,71356591,71356579,71356581,71356583,0,0,1,0,0,0,3.5,780,647,0.9997626844934906,1.0002373155065094
low,71357001,71357029,28,71357029,71357047,71357051,1,1,1,1,71357003,71357009,71357021,71357003,71357005,71357007,0,0,0,0,0,0,3.5,780,647,0.9997626844934906,1.0002373155065094
low,71357089,71357093,4,71357093,71357131,71357147,1,1,1,1,71357093,71357101,71357107,71357091,71357093,71357095,1,1,1,0,1,1,3.5,780,647,0.9997626844934906,1.0002373155065094
low,71357472,71357509,37,71357509,71357519,71357527,1,1,1,1,71357479,71357491,71357497,71357473,71357475,71357477,0,0,0,0,0,0,3.5,780,647,0.9997626844934906,1.0002373155065094
low,71357702,71357731,29,71357731,71357743,71357761,1,1,1,1,71357717,71357723,71357729,71357703,71357705,71357707,0,0,0,0,0,0,3.5,780,647,0.9997626844934906,1.0002373155065094
low,71357727,71357731,4,71357731,71357743,71357761,1,1,1,1,71357729,71357731,71357743,71357729,71357731,71357733,0,1,1,0,1,1,3.5,780,647,0.9997626844934906,1.0002373155065094
low,71358023,71358047,24,71358047,71358059,71358073,1,1,1,1,71358031,71358037,71358041,71358025,71358027,71358029,0,0,0,0,0,0,3.5,780,647,0.9997626844934906,1.0002373155065094
low,71358406,71358431,25,71358421,71358431,71358481,2,0,1,1,71358407,71358409,71358421,71358407,71358409,71358411,0,0,0,0,0,0,3.5,780,647,0.9997626844934906,1.0002373155065094
low,71358759,71358761,2,71358761,71358769,71358787,1,1,1,1,71358761,71358767,71358769,71358761,71358763,71358765,1,1,1,1,1,1,3.5,780,647,0.9997626844934906,1.0002373155065094
low,71359375,71359381,6,71359381,71359397,71359423,1,1,1,1,71359381,71359391,71359397,71359377,71359379,71359381,1,1,1,0,0,1,3.5,780,647,0.9997626844934906,1.0002373155065094
low,71359400,71359423,23,71359423,71359433,71359439,1,1,1,1,71359403,71359411,71359417,71359401,71359403,71359405,0,0,0,0,0,0,3.5,780,647,0.9997626844934906,1.0002373155065094
low,71359627,71359657,30,71359657,71359663,71359667,1,1,1,1,71359637,71359643,71359657,71359629,71359631,71359633,0,0,1,0,0,0,3.5,780,647,0.9997626844934906,1.0002373155065094
low,71360219,71360221,2,71360221,71360243,71360249,1,1,1,1,71360221,71360227,71360231,71360221,71360223,71360225,1,1,1,1,1,1,3.5,780,647,0.9997626844934906,1.0002373155065094
low,71360466,71360479,13,71360479,71360483,71360489,1,1,1,1,71360473,71360477,71360479,71360467,71360469,71360471,0,0,1,0,0,0,3.5,780,647,0.9997626844934906,1.0002373155065094
low,71360507,71360537,30,71360519,71360537,71360567,2,0,1,1,71360519,71360521,71360533,71360509,71360511,71360513,0,0,0,0,0,0,3.5,780,647,0.9997626844934906,1.0002373155065094
low,71360760,71360777,17,71360777,71360819,71360831,1,1,1,1,71360761,71360767,71360771,71360761,71360763,71360765,0,0,0,0,0,0,3.5,780,647,0.9997626844934906,1.0002373155065094
low,71360895,71360923,28,71360923,71360929,71360953,1,1,1,1,71360897,71360899,71360911,71360897,71360899,71360901,0,0,0,0,0,0,3.5,780,647,0.9997626844934906,1.0002373155065094
low,71361236,71361239,3,71361239,71361259,71361263,1,1,1,1,71361239,71361247,71361253,71361237,71361239,71361241,1,1,1,0,1,1,3.5,780,647,0.9997626844934906,1.0002373155065094
low,71361305,71361307,2,71361307,71361317,71361331,1,1,1,1,71361307,71361313,71361317,71361307,71361309,71361311,1,1,1,1,1,1,3.5,780,647,0.9997626844934906,1.0002373155065094
low,71361504,71361517,13,71361517,71361523,71361527,1,1,1,1,71361509,71361517,71361523,71361505,71361507,71361509,0,1,1,0,0,0,3.5,780,647,0.9997626844934906,1.0002373155065094
low,71361667,71361673,6,71361673,71361679,71361707,1,1,1,1,71361671,71361673,71361677,71361669,71361671,71361673,0,1,1,0,0,1,3.5,780,647,0.9997626844934906,1.0002373155065094
low,71361795,71361817,22,71361817,71361821,71361827,1,1,1,1,71361799,71361803,71361809,71361797,71361799,71361801,0,0,0,0,0,0,3.5,780,647,0.9997626844934906,1.0002373155065094
low,71361824,71361827,3,71361827,71361841,71361877,1,1,1,1,71361827,71361833,71361839,71361825,71361827,71361829,1,1,1,0,1,1,3.5,780,647,0.9997626844934906,1.0002373155065094
low,71361999,71362001,2,71362001,71362013,71362021,1,1,1,1,71362001,71362003,71362007,71362001,71362003,71362005,1,1,1,1,1,1,3.5,780,647,0.9997626844934906,1.0002373155065094
low,71362354,71362373,19,71362373,71362393,71362397,1,1,1,1,71362363,71362367,71362373,71362355,71362357,71362359,0,0,1,0,0,0,3.5,780,647,0.9997626844934906,1.0002373155065094
low,71362506,71362513,7,71362513,71362519,71362531,1,1,1,1,71362507,71362513,71362517,71362507,71362509,71362511,0,1,1,0,0,0,3.5,780,647,0.9997626844934906,1.0002373155065094
low,71362803,71362817,14,71362817,71362847,71362853,1,1,1,1,71362807,71362817,71362829,71362805,71362807,71362809,0,1,1,0,0,0,3.5,780,647,0.9997626844934906,1.0002373155065094
low,71363229,71363239,10,71363231,71363239,71363291,2,0,1,1,71363231,71363233,71363239,71363231,71363233,71363235,0,0,1,0,0,0,3.5,780,647,0.9997626844934906,1.0002373155065094
low,71363442,71363471,29,71363471,71363489,71363497,1,1,1,1,71363443,71363447,71363459,71363443,71363445,71363447,0,0,0,0,0,0,3.5,780,647,0.9997626844934906,1.0002373155065094
low,71363466,71363471,5,71363471,71363489,71363497,1,1,1,1,71363471,71363473,71363477,71363467,71363469,71363471,1,1,1,0,0,1,3.5,780,647,0.9997626844934906,1.0002373155065094
low,71363984,71363989,5,71363989,71363993,71364031,1,1,1,1,71363987,71363989,71363993,71363985,71363987,71363989,0,1,1,0,0,1,3.5,780,647,0.9997626844934906,1.0002373155065094
low,71364345,71364347,2,71364347,71364401,71364409,1,1,1,1,71364347,71364353,71364367,71364347,71364349,71364351,1,1,1,1,1,1,3.5,780,647,0.9997626844934906,1.0002373155065094
low,71364645,71364673,28,71364673,71364677,71364701,1,1,1,1,71364647,71364649,71364659,71364647,71364649,71364651,0,0,0,0,0,0,3.5,780,647,0.9997626844934906,1.0002373155065094
low,71364864,71364899,35,71364899,71364967,71364989,1,1,1,1,71364869,71364871,71364877,71364865,71364867,71364869,0,0,0,0,0,0,3.5,780,647,0.9997626844934906,1.0002373155065094
low,71364978,71364989,11,71364989,71364991,71365013,1,1,1,1,71364983,71364989,71364991,71364979,71364981,71364983,0,1,1,0,0,0,3.5,780,647,0.9997626844934906,1.0002373155065094
low,71365894,71365901,7,71365901,71365909,71365951,1,1,1,1,71365901,71365907,71365909,71365895,71365897,71365899,1,1,1,0,0,0,3.5,780,647,0.9997626844934906,1.0002373155065094
low,71366139,71366149,10,71366149,71366159,71366161,1,1,1,1,71366143,71366149,71366159,71366141,71366143,71366145,0,1,1,0,0,0,3.5,780,647,0.9997626844934906,1.0002373155065094
low,71366177,71366203,26,71366203,71366213,71366219,1,1,1,1,71366179,71366189,71366201,71366179,71366181,71366183,0,0,0,0,0,0,3.5,780,647,0.9997626844934906,1.0002373155065094
low,71366196,71366203,7,71366203,71366213,71366219,1,1,1,1,71366201,71366203,71366209,71366197,71366199,71366201,0,1,1,0,0,0,3.5,780,647,0.9997626844934906,1.0002373155065094
low,71366207,71366213,6,71366213,71366219,71366231,1,1,1,1,71366209,71366213,71366219,71366209,71366211,71366213,0,1,1,0,0,1,3.5,780,647,0.9997626844934906,1.0002373155065094
low,71366345,71366387,42,71366387,71366411,71366417,1,1,1,1,71366353,71366359,71366363,71366347,71366349,71366351,0,0,0,0,0,0,3.5,780,647,0.9997626844934906,1.0002373155065094
low,71366475,71366483,8,71366483,71366501,71366509,1,1,1,1,71366479,71366483,71366497,71366477,71366479,71366481,0,1,1,0,0,0,3.5,780,647,0.9997626844934906,1.0002373155065094
low,71366494,71366509,15,71366501,71366509,71366521,2,0,1,1,71366497,71366501,71366507,71366495,71366497,71366499,0,0,0,0,0,0,3.5,780,647,0.9997626844934906,1.0002373155065094
low,71366721,71366749,28,71366749,71366777,71366791,1,1,1,1,71366741,71366747,71366749,71366723,71366725,71366727,0,0,1,0,0,0,3.5,780,647,0.9997626844934906,1.0002373155065094
low,71366905,71366927,22,71366927,71366951,71366963,1,1,1,1,71366909,71366917,71366921,71366907,71366909,71366911,0,0,0,0,0,0,3.5,780,647,0.9997626844934906,1.0002373155065094
low,71367267,71367271,4,71367271,71367277,71367293,1,1,1,1,71367269,71367271,71367277,71367269,71367271,71367273,0,1,1,0,1,1,3.5,780,647,0.9997626844934906,1.0002373155065094
low,71367615,71367623,8,71367623,71367631,71367661,1,1,1,1,71367617,71367619,71367623,71367617,71367619,71367621,0,0,1,0,0,0,3.5,780,647,0.9997626844934906,1.0002373155065094
low,71367850,71367893,43,71367893,71367899,71367929,1,1,1,1,71367851,71367859,71367871,71367851,71367853,71367855,0,0,0,0,0,0,3.5,780,647,0.9997626844934906,1.0002373155065094
low,71368185,71368189,4,71368189,71368223,71368243,1,1,1,1,71368189,71368201,71368207,71368187,71368189,71368191,1,1,1,0,1,1,3.5,780,647,0.9997626844934906,1.0002373155065094
low,71368310,71368321,11,71368321,71368327,71368337,1,1,1,1,71368321,71368327,71368331,71368311,71368313,71368315,1,1,1,0,0,0,3.5,780,647,0.9997626844934906,1.0002373155065094
low,71368456,71368459,3,71368459,71368501,71368511,1,1,1,1,71368457,71368459,71368463,71368457,71368459,71368461,0,1,1,0,1,1,3.5,780,647,0.9997626844934906,1.0002373155065094
low,71368805,71368853,48,71368853,71368861,71368867,1,1,1,1,71368811,71368813,71368819,71368807,71368809,71368811,0,0,0,0,0,0,3.5,780,647,0.9997626844934906,1.0002373155065094
low,71368926,71368939,13,71368939,71368943,71368981,1,1,1,1,71368933,71368937,71368939,71368927,71368929,71368931,0,0,1,0,0,0,3.5,780,647,0.9997626844934906,1.0002373155065094
low,71368981,71368991,10,71368991,71368993,71369021,1,1,1,1,71368987,71368991,71368993,71368983,71368985,71368987,0,1,1,0,0,0,3.5,780,647,0.9997626844934906,1.0002373155065094
low,71369331,71369341,10,71369341,71369371,71369393,1,1,1,1,71369341,71369351,71369357,71369333,71369335,71369337,1,1,1,0,0,0,3.5,780,647,0.9997626844934906,1.0002373155065094
low,71369518,71369537,19,71369537,71369569,71369611,1,1,1,1,71369521,71369527,71369531,71369519,71369521,71369523,0,0,0,0,0,0,3.5,780,647,0.9997626844934906,1.0002373155065094
low,71369797,71369803,6,71369803,71369813,71369827,1,1,1,1,71369801,71369803,71369807,71369799,71369801,71369803,0,1,1,0,0,1,3.5,780,647,0.9997626844934906,1.0002373155065094
low,71369914,71369917,3,71369917,71369951,71369953,1,1,1,1,71369917,71369923,71369929,71369915,71369917,71369919,1,1,1,0,1,1,3.5,780,647,0.9997626844934906,1.0002373155065094
low,71369934,71369951,17,71369951,71369953,71369993,1,1,1,1,71369939,71369941,71369951,71369935,71369937,71369939,0,0,1,0,0,0,3.5,780,647,0.9997626844934906,1.0002373155065094
low,71369942,71369951,9,71369951,71369953,71369993,1,1,1,1,71369951,71369953,71369959,71369943,71369945,71369947,1,1,1,0,0,0,3.5,780,647,0.9997626844934906,1.0002373155065094
low,71370564,71370569,5,71370569,71370577,71370601,1,1,1,1,71370569,71370571,71370577,71370565,71370567,71370569,1,1,1,0,0,1,3.5,780,647,0.9997626844934906,1.0002373155065094
low,71370590,71370617,27,71370601,71370617,71370643,2,0,1,1,71370599,71370601,71370613,71370591,71370593,71370595,0,0,0,0,0,0,3.5,780,647,0.9997626844934906,1.0002373155065094
low,71370597,71370617,20,71370601,71370617,71370643,2,0,1,1,71370599,71370601,71370613,71370599,71370601,71370603,0,0,0,0,0,0,3.5,780,647,0.9997626844934906,1.0002373155065094
low,71370659,71370661,2,71370661,71370667,71370683,1,1,1,1,71370661,71370667,71370671,71370661,71370663,71370665,1,1,1,1,1,1,3.5,780,647,0.9997626844934906,1.0002373155065094
low,71370900,71370907,7,71370907,71370917,71370931,1,1,1,1,71370907,71370911,71370917,71370901,71370903,71370905,1,1,1,0,0,0,3.5,780,647,0.9997626844934906,1.0002373155065094
low,71372603,71372617,14,71372617,71372641,71372663,1,1,1,1,71372617,71372621,71372627,71372605,71372607,71372609,1,1,1,0,0,0,3.5,780,647,0.9997626844934906,1.0002373155065094
low,71372701,71372723,22,71372723,71372729,71372767,1,1,1,1,71372711,71372713,71372723,71372703,71372705,71372707,0,0,1,0,0,0,3.5,780,647,0.9997626844934906,1.0002373155065094
low,71373135,71373143,8,71373143,71373151,71373161,1,1,1,1,71373143,71373149,71373151,71373137,71373139,71373141,1,1,1,0,0,0,3.5,780,647,0.9997626844934906,1.0002373155065094
low,71373185,71373193,8,71373193,71373217,71373221,1,1,1,1,71373187,71373193,71373199,71373187,71373189,71373191,0,1,1,0,0,0,3.5,780,647,0.9997626844934906,1.0002373155065094
low,71373255,71373257,2,71373257,71373271,71373311,1,1,1,1,71373257,71373271,71373277,71373257,71373259,71373261,1,1,1,1,1,1,3.5,780,647,0.9997626844934906,1.0002373155065094
low,71373428,71373479,51,71373479,71373503,71373517,1,1,1,1,71373431,71373433,71373451,71373429,71373431,71373433,0,0,0,0,0,0,3.5,780,647,0.9997626844934906,1.0002373155065094
low,71373586,71373587,1,71373587,71373697,71373707,1,1,1,1,71373587,71373593,71373607,71373587,71373589,71373591,1,1,1,1,1,1,3.5,780,647,0.9997626844934906,1.0002373155065094
low,71373673,71373697,24,71373697,71373707,71373713,1,1,1,1,71373677,71373683,71373689,71373675,71373677,71373679,0,0,0,0,0,0,3.5,780,647,0.9997626844934906,1.0002373155065094
low,71373748,71373751,3,71373751,71373763,71373767,1,1,1,1,71373749,71373751,71373763,71373749,71373751,71373753,0,1,1,0,1,1,3.5,780,647,0.9997626844934906,1.0002373155065094
low,71374009,71374019,10,71374019,71374057,71374067,1,1,1,1,71374019,71374021,71374027,71374011,71374013,71374015,1,1,1,0,0,0,3.5,780,647,0.9997626844934906,1.0002373155065094
low,71374408,71374441,33,71374441,71374447,71374463,1,1,1,1,71374409,71374411,71374417,71374409,71374411,71374413,0,0,0,0,0,0,3.5,780,647,0.9997626844934906,1.0002373155065094
low,71374784,71374799,15,71374799,71374847,71374861,1,1,1,1,71374799,71374801,71374813,71374785,71374787,71374789,1,1,1,0,0,0,3.5,780,647,0.9997626844934906,1.0002373155065094
low,71375415,71375443,28,71375443,71375449,71375459,1,1,1,1,71375429,71375431,71375441,71375417,71375419,71375421,0,0,0,0,0,0,3.5,780,647,0.9997626844934906,1.0002373155065094
low,71375988,71376007,19,71376007,71376023,71376029,1,1,1,1,71375999,71376001,71376007,71375989,71375991,71375993,0,0,1,0,0,0,3.5,780,647,0.9997626844934906,1.0002373155065094
low,71376125,71376157,32,71376139,71376157,71376187,2,0,1,1,71376127,71376131,71376133,71376127,71376129,71376131,0,0,0,0,0,0,3.5,780,647,0.9997626844934906,1.0002373155065094
low,71376593,71376629,36,71376623,71376629,71376647,2,0,1,1,71376601,71376607,71376611,71376595,71376597,71376599,0,0,0,0,0,0,3.5,780,647,0.9997626844934906,1.0002373155065094
low,71377340,71377343,3,71377343,71377363,71377367,1,1,1,1,71377343,71377351,71377363,71377341,71377343,71377345,1,1,1,0,1,1,3.5,780,647,0.9997626844934906,1.0002373155065094
low,71377377,71377387,10,71377387,71377391,71377399,1,1,1,1,71377379,71377387,71377391,71377379,71377381,71377383,0,1,1,0,0,0,3.5,780,647,0.9997626844934906,1.0002373155065094
low,71377389,71377391,2,71377391,71377399,71377421,1,1,1,1,71377391,71377393,71377399,71377391,71377393,71377395,1,1,1,1,1,1,3.5,780,647,0.9997626844934906,1.0002373155065094
low,71377984,71377987,3,71377987,71378011,71378017,1,1,1,1,71377987,71377991,71377997,71377985,71377987,71377989,1,1,1,0,1,1,3.5,780,647,0.9997626844934906,1.0002373155065094
low,71378026,71378033,7,71378033,71378057,71378059,1,1,1,1,71378029,71378033,71378051,71378027,71378029,71378031,0,1,1,0,0,0,3.5,780,647,0.9997626844934906,1.0002373155065094
low,71378095,71378137,42,71378137,71378147,71378149,1,1,1,1,71378101,71378107,71378113,71378097,71378099,71378101,0,0,0,0,0,0,3.5,780,647,0.9997626844934906,1.0002373155065094
low,71378116,71378137,21,71378137,71378147,71378149,1,1,1,1,71378119,71378123,71378129,71378117,71378119,71378121,0,0,0,0,0,0,3.5,780,647,0.9997626844934906,1.0002373155065094
low,71378143,71378147,4,71378147,71378149,71378173,1,1,1,1,71378147,71378149,71378159,71378145,71378147,71378149,1,1,1,0,1,1,3.5,780,647,0.9997626844934906,1.0002373155065094
low,71378247,71378297,50,71378297,71378299,71378303,1,1,1,1,71378249,71378261,71378267,71378249,71378251,71378253,0,0,0,0,0,0,3.5,780,647,0.9997626844934906,1.0002373155065094
low,71378619,71378621,2,71378621,71378641,71378653,1,1,1,1,71378621,71378623,71378627,71378621,71378623,71378625,1,1,1,1,1,1,3.5,780,647,0.9997626844934906,1.0002373155065094
low,71378676,71378677,1,71378677,71378689,71378701,1,1,1,1,71378677,71378689,71378693,71378677,71378679,71378681,1,1,1,1,1,1,3.5,780,647,0.9997626844934906,1.0002373155065094
low,71378695,71378701,6,71378701,71378707,71378719,1,1,1,1,71378701,71378707,71378711,71378697,71378699,71378701,1,1,1,0,0,1,3.5,780,647,0.9997626844934906,1.0002373155065094
low,71378886,71378891,5,71378891,71378899,71378911,1,1,1,1,71378887,71378891,71378893,71378887,71378889,71378891,0,1,1,0,0,1,3.5,780,647,0.9997626844934906,1.0002373155065094
low,71378924,71378929,5,71378929,71378963,71378987,1,1,1,1,71378927,71378929,71378933,71378925,71378927,71378929,0,1,1,0,0,1,3.5,780,647,0.9997626844934906,1.0002373155065094
low,71378973,71378987,14,71378987,71379013,71379017,1,1,1,1,71378977,71378981,71378987,71378975,71378977,71378979,0,0,1,0,0,0,3.5,780,647,0.9997626844934906,1.0002373155065094
low,71379057,71379079,22,71379079,71379083,71379127,1,1,1,1,71379059,71379071,71379079,71379059,71379061,71379063,0,0,1,0,0,0,3.5,780,647,0.9997626844934906,1.0002373155065094
low,71379253,71379283,30,71379283,71379289,71379331,1,1,1,1,71379263,71379271,71379283,71379255,71379257,71379259,0,0,1,0,0,0,3.5,780,647,0.9997626844934906,1.0002373155065094
low,71379503,71379521,18,71379521,71379533,71379541,1,1,1,1,71379509,71379521,71379533,71379505,71379507,71379509,0,1,1,0,0,0,3.5,780,647,0.9997626844934906,1.0002373155065094
low,71379512,71379521,9,71379521,71379533,71379541,1,1,1,1,71379521,71379533,71379541,71379513,71379515,71379517,1,1,1,0,0,0,3.5,780,647,0.9997626844934906,1.0002373155065094
low,71379743,71379767,24,71379761,71379767,71379773,2,0,1,1,71379757,71379761,71379767,71379745,71379747,71379749,0,0,1,0,0,0,3.5,780,647,0.9997626844934906,1.0002373155065094
low,71379755,71379767,12,71379761,71379767,71379773,2,0,1,1,71379757,71379761,71379767,71379757,71379759,71379761,0,0,1,0,0,0,3.5,780,647,0.9997626844934906,1.0002373155065094
low,71380465,71380493,28,71380493,71380499,71380541,1,1,1,1,71380469,71380471,71380481,71380467,71380469,71380471,0,0,0,0,0,0,3.5,780,647,0.9997626844934906,1.0002373155065094
low,71380920,71380951,31,71380951,71380963,71380987,1,1,1,1,71380921,71380927,71380931,71380921,71380923,71380925,0,0,0,0,0,0,3.5,780,647,0.9997626844934906,1.0002373155065094
low,71380949,71380951,2,71380951,71380963,71380987,1,1,1,1,71380951,71380957,71380961,71380951,71380953,71380955,1,1,1,1,1,1,3.5,780,647,0.9997626844934906,1.0002373155065094
low,71380972,71380987,15,71380987,71380993,71380999,1,1,1,1,71380973,71380979,71380987,71380973,71380975,71380977,0,0,1,0,0,0,3.5,780,647,0.9997626844934906,1.0002373155065094
low,71381117,71381131,14,71381131,71381153,71381179,1,1,1,1,71381129,71381131,71381137,71381119,71381121,71381123,0,1,1,0,0,0,3.5,780,647,0.9997626844934906,1.0002373155065094
low,71381907,71381911,4,71381911,71381923,71381927,1,1,1,1,71381909,71381911,71381923,71381909,71381911,71381913,0,1,1,0,1,1,3.5,780,647,0.9997626844934906,1.0002373155065094
low,71382252,71382263,11,71382257,71382263,71382281,2,0,1,1,71382257,71382263,71382277,71382253,71382255,71382257,0,1,1,0,0,0,3.5,780,647,0.9997626844934906,1.0002373155065094
low,71382417,71382419,2,71382419,71382431,71382433,1,1,1,1,71382419,71382431,71382433,71382419,71382421,71382423,1,1,1,1,1,1,3.5,780,647,0.9997626844934906,1.0002373155065094
low,71382421,71382431,10,71382431,71382433,71382463,1,1,1,1,71382431,71382433,71382457,71382423,71382425,71382427,1,1,1,0,0,0,3.5,780,647,0.9997626844934906,1.0002373155065094
low,71382446,71382463,17,71382463,71382481,71382497,1,1,1,1,71382457,71382461,71382463,71382447,71382449,71382451,0,0,1,0,0,0,3.5,780,647,0.9997626844934906,1.0002373155065094
low,71382476,71382481,5,71382481,71382497,71382499,1,1,1,1,71382481,71382491,71382497,71382477,71382479,71382481,1,1,1,0,0,1,3.5,780,647,0.9997626844934906,1.0002373155065094
low,71382510,71382527,17,71382527,71382529,71382533,1,1,1,1,71382511,71382517,71382523,71382511,71382513,71382515,0,0,0,0,0,0,3.5,780,647,0.9997626844934906,1.0002373155065094
low,71382647,71382653,6,71382653,71382673,71382691,1,1,1,1,71382653,71382667,71382671,71382649,71382651,71382653,1,1,1,0,0,1,3.5,780,647,0.9997626844934906,1.0002373155065094
low,71382937,71382991,54,71382991,71383001,71383021,1,1,1,1,71382947,71382953,71382959,71382939,71382941,71382943,0,0,0,0,0,0,3.5,780,647,0.9997626844934906,1.0002373155065094
low,71383277,71383303,26,71383303,71383313,71383321,1,1,1,1,71383303,71383307,71383309,71383279,71383281,71383283,1,1,1,0,0,0,3.5,780,647,0.9997626844934906,1.0002373155065094
low,71383580,71383591,11,71383591,71383597,71383601,1,1,1,1,71383583,71383591,71383597,71383581,71383583,71383585,0,1,1,0,0,0,3.5,780,647,0.9997626844934906,1.0002373155065094
low,71383656,71383657,1,71383657,71383673,71383679,1,1,1,1,71383657,71383661,71383667,71383657,71383659,71383661,1,1,1,1,1,1,3.5,780,647,0.9997626844934906,1.0002373155065094
low,71383731,71383751,20,71383751,71383771,71383783,1,1,1,1,71383733,71383747,71383751,71383733,71383735,71383737,0,0,1,0,0,0,3.5,780,647,0.9997626844934906,1.0002373155065094
low,71384353,71384363,10,71384363,71384371,71384393,1,1,1,1,71384359,71384363,71384371,71384355,71384357,71384359,0,1,1,0,0,0,3.5,780,647,0.9997626844934906,1.0002373155065094
low,71384670,71384711,41,71384711,71384713,71384737,1,1,1,1,71384671,71384681,71384693,71384671,71384673,71384675,0,0,0,0,0,0,3.5,780,647,0.9997626844934906,1.0002373155065094
low,71385020,71385043,23,71385043,71385047,71385053,1,1,1,1,71385029,71385043,71385047,71385021,71385023,71385025,0,1,1,0,0,0,3.5,780,647,0.9997626844934906,1.0002373155065094
low,71385262,71385263,1,71385263,71385277,71385323,1,1,1,1,71385263,71385271,71385277,71385263,71385265,71385267,1,1,1,1,1,1,3.5,780,647,0.9997626844934906,1.0002373155065094
low,71385909,71385911,2,71385911,71385931,71385943,1,1,1,1,71385911,71385913,71385917,71385911,71385913,71385915,1,1,1,1,1,1,3.5,780,647,0.9997626844934906,1.0002373155065094
low,71385985,71385991,6,71385991,71386031,71386039,1,1,1,1,71385989,71385991,71386001,71385987,71385989,71385991,0,1,1,0,0,1,3.5,780,647,0.9997626844934906,1.0002373155065094
low,71385995,71386031,36,71386031,71386039,71386057,1,1,1,1,71386001,71386013,71386019,71385997,71385999,71386001,0,0,0,0,0,0,3.5,780,647,0.9997626844934906,1.0002373155065094
low,71386341,71386351,10,71386351,71386361,71386379,1,1,1,1,71386351,71386361,71386369,71386343,71386345,71386347,1,1,1,0,0,0,3.5,780,647,0.9997626844934906,1.0002373155065094
low,71387140,71387143,3,71387143,71387159,71387177,1,1,1,1,71387143,71387149,71387153,71387141,71387143,71387145,1,1,1,0,1,1,3.5,780,647,0.9997626844934906,1.0002373155065094
low,71387346,71387359,13,71387359,71387383,71387401,1,1,1,1,71387347,71387353,71387359,71387347,71387349,71387351,0,0,1,0,0,0,3.5,780,647,0.9997626844934906,1.0002373155065094
low,71387543,71387551,8,71387551,71387557,71387567,1,1,1,1,71387549,71387551,71387557,71387545,71387547,71387549,0,1,1,0,0,0,3.5,780,647,0.9997626844934906,1.0002373155065094
low,71388051,71388077,26,71388077,71388103,71388173,1,1,1,1,71388059,71388061,71388071,71388053,71388055,71388057,0,0,0,0,0,0,3.5,780,647,0.9997626844934906,1.0002373155065094
low,71388107,71388173,66,71388173,71388181,71388193,1,1,1,1,71388127,71388131,71388133,71388109,71388111,71388113,0,0,0,0,0,0,3.5,780,647,0.9997626844934906,1.0002373155065094
low,71388155,71388173,18,71388173,71388181,71388193,1,1,1,1,71388157,71388167,71388173,71388157,71388159,71388161,0,0,1,0,0,0,3.5,780,647,0.9997626844934906,1.0002373155065094
low,71388484,71388487,3,71388487,71388497,71388511,1,1,1,1,71388487,71388497,71388503,71388485,71388487,71388489,1,1,1,0,1,1,3.5,780,647,0.9997626844934906,1.0002373155065094
low,71388802,71388809,7,71388809,71388829,71388851,1,1,1,1,71388809,71388817,71388827,71388803,71388805,71388807,1,1,1,0,0,0,3.5,780,647,0.9997626844934906,1.0002373155065094
low,71388989,71389013,24,71389013,71389027,71389037,1,1,1,1,71388991,71388997,71389007,71388991,71388993,71388995,0,0,0,0,0,0,3.5,780,647,0.9997626844934906,1.0002373155065094
low,71389118,71389127,9,71389127,71389133,71389141,1,1,1,1,71389121,71389127,71389133,71389119,71389121,71389123,0,1,1,0,0,0,3.5,780,647,0.9997626844934906,1.0002373155065094
low,71389257,71389291,34,71389291,71389301,71389319,1,1,1,1,71389259,71389261,71389267,71389259,71389261,71389263,0,0,0,0,0,0,3.5,780,647,0.9997626844934906,1.0002373155065094
low,71389596,71389601,5,71389601,71389649,71389673,1,1,1,1,71389597,71389601,71389603,71389597,71389599,71389601,0,1,1,0,0,1,3.5,780,647,0.9997626844934906,1.0002373155065094
low,71389624,71389673,49,71389649,71389673,71389679,2,0,1,1,71389627,71389639,71389649,71389625,71389627,71389629,0,0,0,0,0,0,3.5,780,647,0.9997626844934906,1.0002373155065094
low,71389799,71389841,42,71389811,71389831,71389841,3,0,0,1,71389807,71389811,71389819,71389801,71389803,71389805,0,0,0,0,0,0,3.5,780,647,0.9997626844934906,1.0002373155065094
low,71389929,71389957,28,71389939,71389957,71389991,2,0,1,1,71389931,71389933,71389937,71389931,71389933,71389935,0,0,0,0,0,0,3.5,780,647,0.9997626844934906,1.0002373155065094
low,71389994,71390029,35,71390027,71390029,71390071,2,0,1,1,71390003,71390009,71390017,71389995,71389997,71389999,0,0,0,0,0,0,3.5,780,647,0.9997626844934906,1.0002373155065094
low,71390223,71390237,14,71390237,71390243,71390273,1,1,1,1,71390227,71390233,71390237,71390225,71390227,71390229,0,0,1,0,0,0,3.5,780,647,0.9997626844934906,1.0002373155065094
low,71390233,71390237,4,71390237,71390243,71390273,1,1,1,1,71390237,71390243,71390251,71390235,71390237,71390239,1,1,1,0,1,1,3.5,780,647,0.9997626844934906,1.0002373155065094
low,71390310,71390317,7,71390317,71390323,71390339,1,1,1,1,71390311,71390317,71390323,71390311,71390313,71390315,0,1,1,0,0,0,3.5,780,647,0.9997626844934906,1.0002373155065094
low,71390330,71390339,9,71390339,71390357,71390359,1,1,1,1,71390339,71390351,71390357,71390331,71390333,71390335,1,1,1,0,0,0,3.5,780,647,0.9997626844934906,1.0002373155065094
low,71390355,71390359,4,71390357,71390359,71390377,2,0,1,1,71390357,71390359,71390369,71390357,71390359,71390361,0,1,1,0,1,1,3.5,780,647,0.9997626844934906,1.0002373155065094
low,71390459,71390491,32,71390491,71390513,71390567,1,1,1,1,71390461,71390471,71390477,71390461,71390463,71390465,0,0,0,0,0,0,3.5,780,647,0.9997626844934906,1.0002373155065094
low,71390511,71390513,2,71390513,71390567,71390587,1,1,1,1,71390513,71390519,71390521,71390513,71390515,71390517,1,1,1,1,1,1,3.5,780,647,0.9997626844934906,1.0002373155065094
low,71390543,71390567,24,71390567,71390587,71390591,1,1,1,1,71390549,71390563,71390567,71390545,71390547,71390549,0,0,1,0,0,0,3.5,780,647,0.9997626844934906,1.0002373155065094
low,71390641,71390681,40,71390647,71390681,71390687,2,0,1,1,71390647,71390651,71390653,71390643,71390645,71390647,0,0,0,0,0,0,3.5,780,647,0.9997626844934906,1.0002373155065094
low,71390735,71390741,6,71390741,71390743,71390747,1,1,1,1,71390741,71390743,71390747,71390737,71390739,71390741,1,1,1,0,0,1,3.5,780,647,0.9997626844934906,1.0002373155065094
low,71390885,71390887,2,71390887,71390897,71390911,1,1,1,1,71390887,71390897,71390899,71390887,71390889,71390891,1,1,1,1,1,1,3.5,780,647,0.9997626844934906,1.0002373155065094
low,71391074,71391077,3,71391077,71391097,71391101,1,1,1,1,71391077,71391079,71391083,71391075,71391077,71391079,1,1,1,0,1,1,3.5,780,647,0.9997626844934906,1.0002373155065094
low,71391752,71391763,11,71391763,71391781,71391787,1,1,1,1,71391757,71391763,71391767,71391753,71391755,71391757,0,1,1,0,0,0,3.5,780,647,0.9997626844934906,1.0002373155065094
low,71391797,71391799,2,71391799,71391809,71391811,1,1,1,1,71391799,71391809,71391811,71391799,71391801,71391803,1,1,1,1,1,1,3.5,780,647,0.9997626844934906,1.0002373155065094
low,71392540,71392549,9,71392549,71392561,71392567,1,1,1,1,71392543,71392547,71392549,71392541,71392543,71392545,0,0,1,0,0,0,3.5,780,647,0.9997626844934906,1.0002373155065094
low,71392634,71392663,29,71392637,71392661,71392663,3,0,0,1,71392637,71392649,71392661,71392635,71392637,71392639,0,0,0,0,0,0,3.5,780,647,0.9997626844934906,1.0002373155065094
low,71392645,71392663,18,71392661,71392663,71392681,2,0,1,1,71392649,71392661,71392663,71392647,71392649,71392651,0,0,1,0,0,0,3.5,780,647,0.9997626844934906,1.0002373155065094
low,71392717,71392723,6,71392723,71392733,71392777,1,1,1,1,71392721,71392723,71392729,71392719,71392721,71392723,0,1,1,0,0,1,3.5,780,647,0.9997626844934906,1.0002373155065094
low,71392739,71392777,38,71392777,71392793,71392813,1,1,1,1,71392753,71392757,71392771,71392741,71392743,71392745,0,0,0,0,0,0,3.5,780,647,0.9997626844934906,1.0002373155065094
low,71393309,71393321,12,71393321,71393347,71393359,1,1,1,1,71393321,71393323,71393327,71393311,71393313,71393315,1,1,1,0,0,0,3.5,780,647,0.9997626844934906,1.0002373155065094
low,71393477,71393501,24,71393501,71393521,71393537,1,1,1,1,71393479,71393501,71393503,71393479,71393481,71393483,0,1,1,0,0,0,3.5,780,647,0.9997626844934906,1.0002373155065094
low,71393509,71393521,12,71393521,71393537,71393551,1,1,1,1,71393513,71393519,71393521,71393511,71393513,71393515,0,0,1,0,0,0,3.5,780,647,0.9997626844934906,1.0002373155065094
low,71393732,71393741,9,71393741,71393747,71393759,1,1,1,1,71393741,71393743,71393747,71393733,71393735,71393737,1,1,1,0,0,0,3.5,780,647,0.9997626844934906,1.0002373155065094
low,71394107,71394133,26,71394133,71394151,71394157,1,1,1,1,71394109,71394119,71394121,71394109,71394111,71394113,0,0,0,0,0,0,3.5,780,647,0.9997626844934906,1.0002373155065094
low,71394519,71394523,4,71394523,71394527,71394559,1,1,1,1,71394523,71394527,71394529,71394521,71394523,71394525,1,1,1,0,1,1,3.5,780,647,0.9997626844934906,1.0002373155065094
low,71394666,71394703,37,71394703,71394707,71394721,1,1,1,1,71394667,71394671,71394677,71394667,71394669,71394671,0,0,0,0,0,0,3.5,780,647,0.9997626844934906,1.0002373155065094
low,71394697,71394703,6,71394703,71394707,71394721,1,1,1,1,71394703,71394707,71394709,71394699,71394701,71394703,1,1,1,0,0,1,3.5,780,647,0.9997626844934906,1.0002373155065094
low,71394932,71394943,11,71394943,71394971,71394997,1,1,1,1,71394937,71394941,71394943,71394933,71394935,71394937,0,0,1,0,0,0,3.5,780,647,0.9997626844934906,1.0002373155065094
low,71394996,71394997,1,71394997,71395039,71395043,1,1,1,1,71394997,71395001,71395003,71394997,71394999,71395001,1,1,1,1,1,1,3.5,780,647,0.9997626844934906,1.0002373155065094
low,71395342,71395343,1,71395343,71395349,71395417,1,1,1,1,71395343,71395349,71395351,71395343,71395345,71395347,1,1,1,1,1,1,3.5,780,647,0.9997626844934906,1.0002373155065094
low,71395826,71395837,11,71395837,71395843,71395861,1,1,1,1,71395829,71395837,71395843,71395827,71395829,71395831,0,1,1,0,0,0,3.5,780,647,0.9997626844934906,1.0002373155065094
low,71395870,71395873,3,71395873,71395879,71395897,1,1,1,1,71395871,71395873,71395879,71395871,71395873,71395875,0,1,1,0,1,1,3.5,780,647,0.9997626844934906,1.0002373155065094
low,71396339,71396371,32,71396371,71396389,71396401,1,1,1,1,71396341,71396359,71396363,71396341,71396343,71396345,0,0,0,0,0,0,3.5,780,647,0.9997626844934906,1.0002373155065094
low,71396511,71396513,2,71396513,71396519,71396527,1,1,1,1,71396513,71396519,71396527,71396513,71396515,71396517,1,1,1,1,1,1,3.5,780,647,0.9997626844934906,1.0002373155065094
low,71396698,71396711,13,71396707,71396711,71396729,2,0,1,1,71396701,71396707,71396711,71396699,71396701,71396703,0,0,1,0,0,0,3.5,780,647,0.9997626844934906,1.0002373155065094
low,71396813,71396827,14,71396827,71396839,71396879,1,1,1,1,71396827,71396833,71396837,71396815,71396817,71396819,1,1,1,0,0,0,3.5,780,647,0.9997626844934906,1.0002373155065094
low,71396908,71396909,1,71396909,71396911,71396917,1,1,1,1,71396909,71396911,71396917,71396909,71396911,71396913,1,1,1,1,1,1,3.5,780,647,0.9997626844934906,1.0002373155065094
low,71397460,71397463,3,71397463,71397499,71397539,1,1,1,1,71397461,71397463,71397479,71397461,71397463,71397465,0,1,1,0,1,1,3.5,780,647,0.9997626844934906,1.0002373155065094
low,71397878,71397883,5,71397883,71397889,71397899,1,1,1,1,71397881,71397883,71397889,71397879,71397881,71397883,0,1,1,0,0,1,3.5,780,647,0.9997626844934906,1.0002373155065094
low,71397915,71397959,44,71397959,71397967,71397973,1,1,1,1,71397917,71397919,71397923,71397917,71397919,71397921,0,0,0,0,0,0,3.5,780,647,0.9997626844934906,1.0002373155065094
low,71398120,71398127,7,71398127,71398153,71398157,1,1,1,1,71398121,71398123,71398127,71398121,71398123,71398125,0,0,1,0,0,0,3.5,780,647,0.9997626844934906,1.0002373155065094
low,71398265,71398277,12,71398277,71398289,71398291,1,1,1,1,71398267,71398273,71398277,71398267,71398269,71398271,0,0,1,0,0,0,3.5,780,647,0.9997626844934906,1.0002373155065094
low,71398468,71398469,1,71398469,71398471,71398489,1,1,1,1,71398469,71398471,71398477,71398469,71398471,71398473,1,1,1,1,1,1,3.5,780,647,0.9997626844934906,1.0002373155065094
low,71398819,71398823,4,71398823,71398829,71398837,1,1,1,1,71398823,71398829,71398837,71398821,71398823,71398825,1,1,1,0,1,1,3.5,780,647,0.9997626844934906,1.0002373155065094
low,71399115,71399123,8,71399123,71399129,71399137,1,1,1,1,71399117,71399123,71399129,71399117,71399119,71399121,0,1,1,0,0,0,3.5,780,647,0.9997626844934906,1.0002373155065094
low,71400067,71400083,16,71400083,71400101,71400107,1,1,1,1,71400071,71400079,71400083,71400069,71400071,71400073,0,0,1,0,0,0,3.5,780,647,0.9997626844934906,1.0002373155065094
low,71400281,71400283,2,71400283,71400299,71400319,1,1,1,1,71400283,71400293,71400299,71400283,71400285,71400287,1,1,1,1,1,1,3.5,780,647,0.9997626844934906,1.0002373155065094
low,71401273,71401283,10,71401283,71401289,71401303,1,1,1,1,71401279,71401283,71401289,71401275,71401277,71401279,0,1,1,0,0,0,3.5,780,647,0.9997626844934906,1.0002373155065094
low,71401281,71401283,2,71401283,71401289,71401303,1,1,1,1,71401283,71401289,71401301,71401283,71401285,71401287,1,1,1,1,1,1,3.5,780,647,0.9997626844934906,1.0002373155065094
low,71401475,71401483,8,71401483,71401493,71401501,1,1,1,1,71401481,71401483,71401489,71401477,71401479,71401481,0,1,1,0,0,0,3.5,780,647,0.9997626844934906,1.0002373155065094
low,71401572,71401573,1,71401573,71401579,71401597,1,1,1,1,71401573,71401579,71401597,71401573,71401575,71401577,1,1,1,1,1,1,3.5,780,647,0.9997626844934906,1.0002373155065094
low,71402381,71402413,32,71402413,71402417,71402423,1,1,1,1,71402389,71402393,71402407,71402383,71402385,71402387,0,0,0,0,0,0,3.5,780,647,0.9997626844934906,1.0002373155065094
low,71402519,71402543,24,71402543,71402561,71402581,1,1,1,1,71402521,71402531,71402537,71402521,71402523,71402525,0,0,0,0,0,0,3.5,780,647,0.9997626844934906,1.0002373155065094
low,71403006,71403023,17,71403023,71403041,71403089,1,1,1,1,71403011,71403019,71403023,71403007,71403009,71403011,0,0,1,0,0,0,3.5,780,647,0.9997626844934906,1.0002373155065094
low,71403331,71403341,10,71403341,71403359,71403361,1,1,1,1,71403337,71403341,71403347,71403333,71403335,71403337,0,1,1,0,0,0,3.5,780,647,0.9997626844934906,1.0002373155065094
low,71403381,71403391,10,71403391,71403403,71403413,1,1,1,1,71403389,71403391,71403401,71403383,71403385,71403387,0,1,1,0,0,0,3.5,780,647,0.9997626844934906,1.0002373155065094
low,71403642,71403643,1,71403643,71403677,71403679,1,1,1,1,71403643,71403649,71403659,71403643,71403645,71403647,1,1,1,1,1,1,3.5,780,647,0.9997626844934906,1.0002373155065094
low,71403856,71403863,7,71403863,71403901,71403911,1,1,1,1,71403863,71403869,71403877,71403857,71403859,71403861,1,1,1,0,0,0,3.5,780,647,0.9997626844934906,1.0002373155065094
low,71404117,71404127,10,71404127,71404133,71404141,1,1,1,1,71404127,71404129,71404133,71404119,71404121,71404123,1,1,1,0,0,0,3.5,780,647,0.9997626844934906,1.0002373155065094
low,71404511,71404549,38,71404517,71404549,71404559,2,0,1,1,71404513,71404517,71404519,71404513,71404515,71404517,0,0,0,0,0,0,3.5,780,647,0.9997626844934906,1.0002373155065094
low,71404563,71404589,26,71404589,71404637,71404643,1,1,1,1,71404577,71404579,71404589,71404565,71404567,71404569,0,0,1,0,0,0,3.5,780,647,0.9997626844934906,1.0002373155065094
low,71404696,71404733,37,71404733,71404759,71404769,1,1,1,1,71404703,71404721,71404727,71404697,71404699,71404701,0,0,0,0,0,0,3.5,780,647,0.9997626844934906,1.0002373155065094
low,71404738,71404759,21,71404759,71404769,71404787,1,1,1,1,71404741,71404747,71404759,71404739,71404741,71404743,0,0,1,0,0,0,3.5,780,647,0.9997626844934906,1.0002373155065094
low,71404848,71404849,1,71404849,71404871,71404889,1,1,1,1,71404849,71404859,71404867,71404849,71404851,71404853,1,1,1,1,1,1,3.5,780,647,0.9997626844934906,1.0002373155065094
low,71405318,71405329,11,71405329,71405351,71405417,1,1,1,1,71405329,71405333,71405339,71405319,71405321,71405323,1,1,1,0,0,0,3.5,780,647,0.9997626844934906,1.0002373155065094
low,71405714,71405759,45,71405759,71405771,71405773,1,1,1,1,71405717,71405723,71405749,71405715,71405717,71405719,0,0,0,0,0,0,3.5,780,647,0.9997626844934906,1.0002373155065094
low,71405865,71405909,44,71405909,71405941,71405951,1,1,1,1,71405879,71405881,71405891,71405867,71405869,71405871,0,0,0,0,0,0,3.5,780,647,0.9997626844934906,1.0002373155065094
low,71406444,71406457,13,71406457,71406473,71406481,1,1,1,1,71406449,71406451,71406457,71406445,71406447,71406449,0,0,1,0,0,0,3.5,780,647,0.9997626844934906,1.0002373155065094
low,71406635,71406637,2,71406637,71406649,71406653,1,1,1,1,71406637,71406641,71406649,71406637,71406639,71406641,1,1,1,1,1,1,3.5,780,647,0.9997626844934906,1.0002373155065094
low,71407047,71407081,34,71407057,71407081,71407087,2,0,1,1,71407051,71407057,71407067,71407049,71407051,71407053,0,0,0,0,0,0,3.5,780,647,0.9997626844934906,1.0002373155065094
low,71407079,71407081,2,71407081,71407087,71407093,1,1,1,1,71407081,71407087,71407093,71407081,71407083,71407085,1,1,1,1,1,1,3.5,780,647,0.9997626844934906,1.0002373155065094
low,71407143,71407153,10,71407153,71407159,71407177,1,1,1,1,71407151,71407153,71407159,71407145,71407147,71407149,0,1,1,0,0,0,3.5,780,647,0.9997626844934906,1.0002373155065094
low,71407157,71407177,20,71407159,71407177,71407201,2,0,1,1,71407159,71407163,71407169,71407159,71407161,71407163,0,0,0,0,0,0,3.5,780,647,0.9997626844934906,1.0002373155065094
low,71407628,71407717,89,71407673,71407717,71407727,2,0,1,1,71407631,71407639,71407649,71407629,71407631,71407633,0,0,0,0,0,0,3.5,780,647,0.9997626844934906,1.0002373155065094
low,71407791,71407799,8,71407799,71407813,71407829,1,1,1,1,71407793,71407799,71407807,71407793,71407795,71407797,0,1,1,0,0,0,3.5,780,647,0.9997626844934906,1.0002373155065094
low,71407981,71407991,10,71407991,71408011,71408033,1,1,1,1,71407991,71407993,71407997,71407983,71407985,71407987,1,1,1,0,0,0,3.5,780,647,0.9997626844934906,1.0002373155065094
low,71408539,71408569,30,71408549,71408569,71408573,2,0,1,1,71408543,71408549,71408563,71408541,71408543,71408545,0,0,0,0,0,0,3.5,780,647,0.9997626844934906,1.0002373155065094
low,71408556,71408569,13,71408569,71408573,71408611,1,1,1,1,71408563,71408567,71408569,71408557,71408559,71408561,0,0,1,0,0,0,3.5,780,647,0.9997626844934906,1.0002373155065094
low,71408612,71408621,9,71408621,71408633,71408639,1,1,1,1,71408621,71408627,71408633,71408613,71408615,71408617,1,1,1,0,0,0,3.5,780,647,0.9997626844934906,1.0002373155065094
low,71408690,71408719,29,71408719,71408731,71408737,1,1,1,1,71408693,71408699,71408713,71408691,71408693,71408695,0,0,0,0,0,0,3.5,780,647,0.9997626844934906,1.0002373155065094
low,71408997,71408999,2,71408999,71409053,71409059,1,1,1,1,71408999,71409001,71409007,71408999,71409001,71409003,1,1,1,1,1,1,3.5,780,647,0.9997626844934906,1.0002373155065094
low,71409659,71409661,2,71409661,71409671,71409677,1,1,1,1,71409661,71409671,71409677,71409661,71409663,71409665,1,1,1,1,1,1,3.5,780,647,0.9997626844934906,1.0002373155065094
low,71410379,71410399,20,71410399,71410411,71410483,1,1,1,1,71410393,71410397,71410399,71410381,71410383,71410385,0,0,1,0,0,0,3.5,780,647,0.9997626844934906,1.0002373155065094
low,71410723,71410739,16,71410739,71410747,71410751,1,1,1,1,71410733,71410739,71410741,71410725,71410727,71410729,0,1,1,0,0,0,3.5,780,647,0.9997626844934906,1.0002373155065094
low,71410801,71410817,16,71410817,71410849,71410853,1,1,1,1,71410811,71410813,71410817,71410803,71410805,71410807,0,0,1,0,0,0,3.5,780,647,0.9997626844934906,1.0002373155065094
low,71411035,71411057,22,71411057,71411083,71411099,1,1,1,1,71411047,71411051,71411057,71411037,71411039,71411041,0,0,1,0,0,0,3.5,780,647,0.9997626844934906,1.0002373155065094
low,71411354,71411393,39,71411363,71411393,71411399,2,0,1,1,71411357,71411359,71411363,71411355,71411357,71411359,0,0,0,0,0,0,3.5,780,647,0.9997626844934906,1.0002373155065094
low,71412052,71412067,15,71412067,71412071,71412073,1,1,1,1,71412059,71412067,71412071,71412053,71412055,71412057,0,1,1,0,0,0,3.5,780,647,0.9997626844934906,1.0002373155065094
low,71412273,71412301,28,71412301,71412337,71412371,1,1,1,1,71412277,71412281,71412283,71412275,71412277,71412279,0,0,0,0,0,0,3.5,780,647,0.9997626844934906,1.0002373155065094
low,71412406,71412409,3,71412409,71412421,71412449,1,1,1,1,71412409,71412421,71412433,71412407,71412409,71412411,1,1,1,0,1,1,3.5,780,647,0.9997626844934906,1.0002373155065094
low,71412687,71412689,2,71412689,71412709,71412713,1,1,1,1,71412689,71412701,71412707,71412689,71412691,71412693,1,1,1,1,1,1,3.5,780,647,0.9997626844934906,1.0002373155065094
low,71412696,71412709,13,71412709,71412713,71412721,1,1,1,1,71412701,71412707,71412709,71412697,71412699,71412701,0,0,1,0,0,0,3.5,780,647,0.9997626844934906,1.0002373155065094
low,71412908,71412911,3,71412911,71412917,71412931,1,1,1,1,71412911,71412917,71412919,71412909,71412911,71412913,1,1,1,0,1,1,3.5,780,647,0.9997626844934906,1.0002373155065094
low,71413916,71413939,23,71413939,71413943,71413961,1,1,1,1,71413931,71413933,71413939,71413917,71413919,71413921,0,0,1,0,0,0,3.5,780,647,0.9997626844934906,1.0002373155065094
low,71414088,71414089,1,71414089,71414129,71414177,1,1,1,1,71414089,71414099,71414107,71414089,71414091,71414093,1,1,1,1,1,1,3.5,780,647,0.9997626844934906,1.0002373155065094
low,71414178,71414237,59,71414237,71414303,71414309,1,1,1,1,71414183,71414191,71414197,71414179,71414181,71414183,0,0,0,0,0,0,3.5,780,647,0.9997626844934906,1.0002373155065094
low,71414197,71414237,40,71414237,71414303,71414309,1,1,1,1,71414201,71414207,71414209,71414199,71414201,71414203,0,0,0,0,0,0,3.5,780,647,0.9997626844934906,1.0002373155065094
low,71414255,71414303,48,71414303,71414309,71414311,1,1,1,1,71414257,71414261,71414267,71414257,71414259,71414261,0,0,0,0,0,0,3.5,780,647,0.9997626844934906,1.0002373155065094
low,71414692,71414719,27,71414719,71414737,71414789,1,1,1,1,71414699,71414713,71414719,71414693,71414695,71414697,0,0,1,0,0,0,3.5,780,647,0.9997626844934906,1.0002373155065094
low,71414748,71414789,41,71414789,71414801,71414803,1,1,1,1,71414753,71414767,71414771,71414749,71414751,71414753,0,0,0,0,0,0,3.5,780,647,0.9997626844934906,1.0002373155065094
low,71414836,71414857,21,71414857,71414869,71414887,1,1,1,1,71414843,71414851,71414857,71414837,71414839,71414841,0,0,1,0,0,0,3.5,780,647,0.9997626844934906,1.0002373155065094
low,71415106,71415107,1,71415107,71415119,71415121,1,1,1,1,71415107,71415109,71415119,71415107,71415109,71415111,1,1,1,1,1,1,3.5,780,647,0.9997626844934906,1.0002373155065094
low,71415300,71415341,41,71415341,71415347,71415361,1,1,1,1,71415301,71415307,71415329,71415301,71415303,71415305,0,0,0,0,0,0,3.5,780,647,0.9997626844934906,1.0002373155065094
low,71415959,71416001,42,71416001,71416013,71416021,1,1,1,1,71415961,71415973,71415977,71415961,71415963,71415965,0,0,0,0,0,0,3.5,780,647,0.9997626844934906,1.0002373155065094
low,71416990,71416997,7,71416997,71417009,71417011,1,1,1,1,71416993,71416997,71416999,71416991,71416993,71416995,0,1,1,0,0,0,3.5,780,647,0.9997626844934906,1.0002373155065094
low,71417023,71417033,10,71417033,71417057,71417077,1,1,1,1,71417033,71417039,71417041,71417025,71417027,71417029,1,1,1,0,0,0,3.5,780,647,0.9997626844934906,1.0002373155065094
low,71417154,71417161,7,71417161,71417167,71417173,1,1,1,1,71417161,71417167,71417173,71417155,71417157,71417159,1,1,1,0,0,0,3.5,780,647,0.9997626844934906,1.0002373155065094
low,71417606,71417611,5,71417611,71417639,71417653,1,1,1,1,71417609,71417611,71417617,71417607,71417609,71417611,0,1,1,0,0,1,3.5,780,647,0.9997626844934906,1.0002373155065094
low,71417829,71417861,32,71417861,71417869,71417873,1,1,1,1,71417831,71417837,71417839,71417831,71417833,71417835,0,0,0,0,0,0,3.5,780,647,0.9997626844934906,1.0002373155065094
low,71418022,71418031,9,71418031,71418041,71418043,1,1,1,1,71418023,71418029,71418031,71418023,71418025,71418027,0,0,1,0,0,0,3.5,780,647,0.9997626844934906,1.0002373155065094
low,71418195,71418199,4,71418199,71418209,71418253,1,1,1,1,71418199,71418203,71418209,71418197,71418199,71418201,1,1,1,0,1,1,3.5,780,647,0.9997626844934906,1.0002373155065094
low,71418728,71418731,3,71418731,71418797,71418811,1,1,1,1,71418731,71418733,71418757,71418729,71418731,71418733,1,1,1,0,1,1,3.5,780,647,0.9997626844934906,1.0002373155065094
low,71418897,71418901,4,71418901,71418913,71418937,1,1,1,1,71418899,71418901,71418911,71418899,71418901,71418903,0,1,1,0,1,1,3.5,780,647,0.9997626844934906,1.0002373155065094
low,71418994,71419027,33,71419021,71419027,71419079,2,0,1,1,71419001,71419003,71419009,71418995,71418997,71418999,0,0,0,0,0,0,3.5,780,647,0.9997626844934906,1.0002373155065094
low,71419192,71419217,25,71419217,71419219,71419223,1,1,1,1,71419207,71419211,71419213,71419193,71419195,71419197,0,0,0,0,0,0,3.5,780,647,0.9997626844934906,1.0002373155065094
low,71419272,71419279,7,71419279,71419297,71419343,1,1,1,1,71419273,71419277,71419279,71419273,71419275,71419277,0,0,1,0,0,0,3.5,780,647,0.9997626844934906,1.0002373155065094
low,71419346,71419351,5,71419351,71419357,71419391,1,1,1,1,71419349,71419351,71419357,71419347,71419349,71419351,0,1,1,0,0,1,3.5,780,647,0.9997626844934906,1.0002373155065094
low,71419462,71419487,25,71419487,71419493,71419501,1,1,1,1,71419463,71419471,71419477,71419463,71419465,71419467,0,0,0,0,0,0,3.5,780,647,0.9997626844934906,1.0002373155065094
low,71419778,71419787,9,71419787,71419793,71419801,1,1,1,1,71419781,71419783,71419787,71419779,71419781,71419783,0,0,1,0,0,0,3.5,780,647,0.9997626844934906,1.0002373155065094
low,71419870,71419883,13,71419883,71419889,71419921,1,1,1,1,71419871,71419877,71419883,71419871,71419873,71419875,0,0,1,0,0,0,3.5,780,647,0.9997626844934906,1.0002373155065094
low,71420009,71420023,14,71420023,71420059,71420087,1,1,1,1,71420017,71420021,71420023,71420011,71420013,71420015,0,0,1,0,0,0,3.5,780,647,0.9997626844934906,1.0002373155065094
low,71420063,71420087,24,71420087,71420093,71420099,1,1,1,1,71420071,71420081,71420087,71420065,71420067,71420069,0,0,1,0,0,0,3.5,780,647,0.9997626844934906,1.0002373155065094
low,71420305,71420317,12,71420317,71420333,71420339,1,1,1,1,71420309,71420311,71420317,71420307,71420309,71420311,0,0,1,0,0,0,3.5,780,647,0.9997626844934906,1.0002373155065094
low,71420543,71420551,8,71420551,71420561,71420597,1,1,1,1,71420549,71420551,71420561,71420545,71420547,71420549,0,1,1,0,0,0,3.5,780,647,0.9997626844934906,1.0002373155065094
low,71420620,71420623,3,71420623,71420651,71420663,1,1,1,1,71420623,71420627,71420633,71420621,71420623,71420625,1,1,1,0,1,1,3.5,780,647,0.9997626844934906,1.0002373155065094
low,71420948,71420953,5,71420953,71420963,71420969,1,1,1,1,71420953,71420959,71420963,71420949,71420951,71420953,1,1,1,0,0,1,3.5,780,647,0.9997626844934906,1.0002373155065094
low,71421855,71421859,4,71421859,71421863,71421869,1,1,1,1,71421859,71421863,71421869,71421857,71421859,71421861,1,1,1,0,1,1,3.5,780,647,0.9997626844934906,1.0002373155065094
low,71422341,71422367,26,71422367,71422381,71422433,1,1,1,1,71422343,71422357,71422361,71422343,71422345,71422347,0,0,0,0,0,0,3.5,780,647,0.9997626844934906,1.0002373155065094
low,71422532,71422537,5,71422537,71422541,71422553,1,1,1,1,71422537,71422541,71422543,71422533,71422535,71422537,1,1,1,0,0,1,3.5,780,647,0.9997626844934906,1.0002373155065094
low,71422589,71422609,20,71422609,71422619,71422633,1,1,1,1,71422591,71422597,71422601,71422591,71422593,71422595,0,0,0,0,0,0,3.5,780,647,0.9997626844934906,1.0002373155065094
low,71422741,71422759,18,71422759,71422783,71422789,1,1,1,1,71422753,71422759,71422777,71422743,71422745,71422747,0,1,1,0,0,0,3.5,780,647,0.9997626844934906,1.0002373155065094
low,71423317,71423321,4,71423321,71423323,71423333,1,1,1,1,71423321,71423323,71423327,71423319,71423321,71423323,1,1,1,0,1,1,3.5,780,647,0.9997626844934906,1.0002373155065094
low,71423871,71423881,10,71423881,71423893,71423909,1,1,1,1,71423873,71423879,71423881,71423873,71423875,71423877,0,0,1,0,0,0,3.5,780,647,0.9997626844934906,1.0002373155065094
low,71424099,71424109,10,71424109,71424139,71424151,1,1,1,1,71424103,71424107,71424109,71424101,71424103,71424105,0,0,1,0,0,0,3.5,780,647,0.9997626844934906,1.0002373155065094
low,71424341,71424347,6,71424347,71424371,71424373,1,1,1,1,71424343,71424347,71424349,71424343,71424345,71424347,0,1,1,0,0,1,3.5,780,647,0.9997626844934906,1.0002373155065094
low,71424804,71424809,5,71424809,71424823,71424827,1,1,1,1,71424809,71424811,71424817,71424805,71424807,71424809,1,1,1,0,0,1,3.5,780,647,0.9997626844934906,1.0002373155065094
low,71425225,71425229,4,71425229,71425267,71425273,1,1,1,1,71425229,71425241,71425243,71425227,71425229,71425231,1,1,1,0,1,1,3.5,780,647,0.9997626844934906,1.0002373155065094
low,71425306,71425307,1,71425307,71425309,71425331,1,1,1,1,71425307,71425309,71425331,71425307,71425309,71425311,1,1,1,1,1,1,3.5,780,647,0.9997626844934906,1.0002373155065094
low,71425466,71425469,3,71425469,71425493,71425499,1,1,1,1,71425469,71425477,71425481,71425467,71425469,71425471,1,1,1,0,1,1,3.5,780,647,0.9997626844934906,1.0002373155065094
low,71425936,71425951,15,71425951,71425969,71425979,1,1,1,1,71425943,71425951,71425957,71425937,71425939,71425941,0,1,1,0,0,0,3.5,780,647,0.9997626844934906,1.0002373155065094
low,71426472,71426479,7,71426479,71426513,71426519,1,1,1,1,71426473,71426479,71426483,71426473,71426475,71426477,0,1,1,0,0,0,3.5,780,647,0.9997626844934906,1.0002373155065094
low,71427540,71427547,7,71427547,71427589,71427611,1,1,1,1,71427541,71427547,71427553,71427541,71427543,71427545,0,1,1,0,0,0,3.5,780,647,0.9997626844934906,1.0002373155065094
low,71428070,71428081,11,71428081,71428099,71428121,1,1,1,1,71428079,71428081,71428099,71428071,71428073,71428075,0,1,1,0,0,0,3.5,780,647,0.9997626844934906,1.0002373155065094
low,71428837,71428853,16,71428853,71428871,71428873,1,1,1,1,71428843,71428853,71428859,71428839,71428841,71428843,0,1,1,0,0,0,3.5,780,647,0.9997626844934906,1.0002373155065094
low,71428847,71428853,6,71428853,71428871,71428873,1,1,1,1,71428853,71428859,71428867,71428849,71428851,71428853,1,1,1,0,0,1,3.5,780,647,0.9997626844934906,1.0002373155065094
low,71429524,71429537,13,71429537,71429587,71429629,1,1,1,1,71429537,71429539,71429543,71429525,71429527,71429529,1,1,1,0,0,0,3.5,780,647,0.9997626844934906,1.0002373155065094
low,71429739,71429747,8,71429747,71429773,71429777,1,1,1,1,71429741,71429747,71429749,71429741,71429743,71429745,0,1,1,0,0,0,3.5,780,647,0.9997626844934906,1.0002373155065094
low,71430414,71430419,5,71430419,71430449,71430497,1,1,1,1,71430419,71430421,71430427,71430415,71430417,71430419,1,1,1,0,0,1,3.5,780,647,0.9997626844934906,1.0002373155065094
low,71430473,71430497,24,71430497,71430503,71430511,1,1,1,1,71430487,71430493,71430497,71430475,71430477,71430479,0,0,1,0,0,0,3.5,780,647,0.9997626844934906,1.0002373155065094
low,71430706,71430781,75,71430731,71430781,71430797,2,0,1,1,71430707,71430713,71430721,71430707,71430709,71430711,0,0,0,0,0,0,3.5,780,647,0.9997626844934906,1.0002373155065094
low,71430762,71430781,19,71430781,71430797,71430811,1,1,1,1,71430763,71430767,71430769,71430763,71430765,71430767,0,0,0,0,0,0,3.5,780,647,0.9997626844934906,1.0002373155065094
low,71430941,71430943,2,71430943,71430949,71430959,1,1,1,1,71430943,71430949,71430959,71430943,71430945,71430947,1,1,1,1,1,1,3.5,780,647,0.9997626844934906,1.0002373155065094
low,71431097,71431103,6,71431103,71431109,71431111,1,1,1,1,71431099,71431103,71431109,71431099,71431101,71431103,0,1,1,0,0,1,3.5,780,647,0.9997626844934906,1.0002373155065094
low,71431549,71431567,18,71431567,71431573,71431597,1,1,1,1,71431559,71431561,71431567,71431551,71431553,71431555,0,0,1,0,0,0,3.5,780,647,0.9997626844934906,1.0002373155065094
low,71431753,71431769,16,71431769,71431771,71431777,1,1,1,1,71431757,71431769,71431771,71431755,71431757,71431759,0,1,1,0,0,0,3.5,780,647,0.9997626844934906,1.0002373155065094
low,71432474,71432477,3,71432477,71432489,71432507,1,1,1,1,71432477,71432479,71432483,71432475,71432477,71432479,1,1,1,0,1,1,3.5,780,647,0.9997626844934906,1.0002373155065094
low,71433343,71433359,16,71433359,71433389,71433391,1,1,1,1,71433347,71433353,71433359,71433345,71433347,71433349,0,0,1,0,0,0,3.5,780,647,0.9997626844934906,1.0002373155065094
low,71433588,71433611,23,71433611,71433619,71433631,1,1,1,1,71433589,71433599,71433601,71433589,71433591,71433593,0,0,0,0,0,0,3.5,780,647,0.9997626844934906,1.0002373155065094
low,71433973,71433991,18,71433991,71433997,71434009,1,1,1,1,71433979,71433991,71433997,71433975,71433977,71433979,0,1,1,0,0,0,3.5,780,647,0.9997626844934906,1.0002373155065094
low,71434006,71434009,3,71434009,71434019,71434037,1,1,1,1,71434007,71434009,71434019,71434007,71434009,71434011,0,1,1,0,1,1,3.5,780,647,0.9997626844934906,1.0002373155065094
low,71434538,71434543,5,71434543,71434549,71434603,1,1,1,1,71434541,71434543,71434549,71434539,71434541,71434543,0,1,1,0,0,1,3.5,780,647,0.9997626844934906,1.0002373155065094
low,71434708,71434747,39,71434747,71434763,71434817,1,1,1,1,71434709,71434717,71434721,71434709,71434711,71434713,0,0,0,0,0,0,3.5,780,647,0.9997626844934906,1.0002373155065094
low,71434914,71434919,5,71434919,71434933,71434973,1,1,1,1,71434919,71434921,71434931,71434915,71434917,71434919,1,1,1,0,0,1,3.5,780,647,0.9997626844934906,1.0002373155065094
low,71435329,71435339,10,71435339,71435363,71435387,1,1,1,1,71435333,71435339,71435341,71435331,71435333,71435335,0,1,1,0,0,0,3.5,780,647,0.9997626844934906,1.0002373155065094
low,71435790,71435803,13,71435803,71435809,71435821,1,1,1,1,71435797,71435803,71435807,71435791,71435793,71435795,0,1,1,0,0,0,3.5,780,647,0.9997626844934906,1.0002373155065094
low,71435915,71435929,14,71435929,71435933,71435983,1,1,1,1,71435927,71435929,71435933,71435917,71435919,71435921,0,1,1,0,0,0,3.5,780,647,0.9997626844934906,1.0002373155065094
low,71436049,71436083,34,71436073,71436083,71436107,2,0,1,1,71436059,71436061,71436073,71436051,71436053,71436055,0,0,0,0,0,0,3.5,780,647,0.9997626844934906,1.0002373155065094
low,71436146,71436149,3,71436149,71436163,71436179,1,1,1,1,71436149,71436151,71436161,71436147,71436149,71436151,1,1,1,0,1,1,3.5,780,647,0.9997626844934906,1.0002373155065094
low,71436179,71436199,20,71436187,71436199,71436203,2,0,1,1,71436187,71436191,71436199,71436181,71436183,71436185,0,0,1,0,0,0,3.5,780,647,0.9997626844934906,1.0002373155065094
low,71436263,71436283,20,71436269,71436283,71436289,2,0,1,1,71436269,71436271,71436283,71436265,71436267,71436269,0,0,1,0,0,0,3.5,780,647,0.9997626844934906,1.0002373155065094
low,71436302,71436317,15,71436317,71436331,71436353,1,1,1,1,71436307,71436311,71436317,71436303,71436305,71436307,0,0,1,0,0,0,3.5,780,647,0.9997626844934906,1.0002373155065094
low,71436361,71436377,16,71436377,71436403,71436427,1,1,1,1,71436373,71436377,71436383,71436363,71436365,71436367,0,1,1,0,0,0,3.5,780,647,0.9997626844934906,1.0002373155065094
low,71436469,71436479,10,71436479,71436481,71436487,1,1,1,1,71436473,71436479,71436481,71436471,71436473,71436475,0,1,1,0,0,0,3.5,780,647,0.9997626844934906,1.0002373155065094
low,71436673,71436691,18,71436691,71436707,71436749,1,1,1,1,71436679,71436683,71436691,71436675,71436677,71436679,0,0,1,0,0,0,3.5,780,647,0.9997626844934906,1.0002373155065094
low,71436728,71436763,35,71436749,71436763,71436769,2,0,1,1,71436731,71436733,71436749,71436729,71436731,71436733,0,0,0,0,0,0,3.5,780,647,0.9997626844934906,1.0002373155065094
low,71436761,71436763,2,71436763,71436769,71436791,1,1,1,1,71436763,71436767,71436769,71436763,71436765,71436767,1,1,1,1,1,1,3.5,780,647,0.9997626844934906,1.0002373155065094
low,71436904,71436971,67,71436971,71436977,71436983,1,1,1,1,71436913,71436917,71436923,71436905,71436907,71436909,0,0,0,0,0,0,3.5,780,647,0.9997626844934906,1.0002373155065094
low,71437582,71437591,9,71437591,71437601,71437631,1,1,1,1,71437589,71437591,71437601,71437583,71437585,71437587,0,1,1,0,0,0,3.5,780,647,0.9997626844934906,1.0002373155065094
low,71437758,71437763,5,71437763,71437781,71437811,1,1,1,1,71437763,71437771,71437781,71437759,71437761,71437763,1,1,1,0,0,1,3.5,780,647,0.9997626844934906,1.0002373155065094
low,71437776,71437781,5,71437781,71437811,71437823,1,1,1,1,71437781,71437783,71437787,71437777,71437779,71437781,1,1,1,0,0,1,3.5,780,647,0.9997626844934906,1.0002373155065094
low,71438141,71438149,8,71438149,71438189,71438201,1,1,1,1,71438149,71438153,71438167,71438143,71438145,71438147,1,1,1,0,0,0,3.5,780,647,0.9997626844934906,1.0002373155065094
low,71438239,71438249,10,71438249,71438287,71438293,1,1,1,1,71438243,71438249,71438251,71438241,71438243,71438245,0,1,1,0,0,0,3.5,780,647,0.9997626844934906,1.0002373155065094
low,71438249,71438287,38,71438287,71438293,71438303,1,1,1,1,71438251,71438261,71438273,71438251,71438253,71438255,0,0,0,0,0,0,3.5,780,647,0.9997626844934906,1.0002373155065094
low,71438260,71438287,27,71438287,71438293,71438303,1,1,1,1,71438261,71438273,71438287,71438261,71438263,71438265,0,0,1,0,0,0,3.5,780,647,0.9997626844934906,1.0002373155065094
low,71438270,71438287,17,71438287,71438293,71438303,1,1,1,1,71438273,71438287,71438291,71438271,71438273,71438275,0,1,1,0,0,0,3.5,780,647,0.9997626844934906,1.0002373155065094
low,71438432,71438531,99,71438531,71438533,71438561,1,1,1,1,71438441,71438443,71438447,71438433,71438435,71438437,0,0,0,0,0,0,3.5,780,647,0.9997626844934906,1.0002373155065094
low,71438722,71438729,7,71438729,71438761,71438771,1,1,1,1,71438723,71438729,71438737,71438723,71438725,71438727,0,1,1,0,0,0,3.5,780,647,0.9997626844934906,1.0002373155065094
low,71439485,71439493,8,71439493,71439503,71439517,1,1,1,1,71439493,71439497,71439503,71439487,71439489,71439491,1,1,1,0,0,0,3.5,780,647,0.9997626844934906,1.0002373155065094
low,71439847,71439857,10,71439857,71439877,71439881,1,1,1,1,71439853,71439857,71439859,71439849,71439851,71439853,0,1,1,0,0,0,3.5,780,647,0.9997626844934906,1.0002373155065094
low,71440218,71440223,5,71440223,71440249,71440261,1,1,1,1,71440219,71440223,71440241,71440219,71440221,71440223,0,1,1,0,0,1,3.5,780,647,0.9997626844934906,1.0002373155065094
low,71440256,71440261,5,71440261,71440279,71440283,1,1,1,1,71440261,71440267,71440279,71440257,71440259,71440261,1,1,1,0,0,1,3.5,780,647,0.9997626844934906,1.0002373155065094
low,71440323,71440331,8,71440331,71440339,71440349,1,1,1,1,71440331,71440333,71440337,71440325,71440327,71440329,1,1,1,0,0,0,3.5,780,647,0.9997626844934906,1.0002373155065094
low,71440635,71440637,2,71440637,71440643,71440657,1,1,1,1,71440637,71440639,71440643,71440637,71440639,71440641,1,1,1,1,1,1,3.5,780,647,0.9997626844934906,1.0002373155065094
low,71441037,71441039,2,71441039,71441047,71441077,1,1,1,1,71441039,71441047,71441053,71441039,71441041,71441043,1,1,1,1,1,1,3.5,780,647,0.9997626844934906,1.0002373155065094
low,71441070,71441077,7,71441077,71441113,71441129,1,1,1,1,71441077,71441081,71441087,71441071,71441073,71441075,1,1,1,0,0,0,3.5,780,647,0.9997626844934906,1.0002373155065094
low,71442397,71442403,6,71442403,71442419,71442431,1,1,1,1,71442401,71442403,71442407,71442399,71442401,71442403,0,1,1,0,0,1,3.5,780,647,0.9997626844934906,1.0002373155065094
low,71442423,71442431,8,71442431,71442461,71442467,1,1,1,1,71442431,71442433,71442443,71442425,71442427,71442429,1,1,1,0,0,0,3.5,780,647,0.9997626844934906,1.0002373155065094
low,71442428,71442431,3,71442431,71442461,71442467,1,1,1,1,71442431,71442433,71442443,71442429,71442431,71442433,1,1,1,0,1,1,3.5,780,647,0.9997626844934906,1.0002373155065094
low,71443053,71443079,26,71443079,71443091,71443093,1,1,1,1,71443063,71443067,71443069,71443055,71443057,71443059,0,0,0,0,0,0,3.5,780,647,0.9997626844934906,1.0002373155065094
low,71444211,71444227,16,71444227,71444239,71444273,1,1,1,1,71444213,71444221,71444227,71444213,71444215,71444217,0,0,1,0,0,0,3.5,780,647,0.9997626844934906,1.0002373155065094
low,71444474,71444479,5,71444479,71444497,71444533,1,1,1,1,71444479,71444491,71444497,71444475,71444477,71444479,1,1,1,0,0,1,3.5,780,647,0.9997626844934906,1.0002373155065094
low,71444629,71444641,12,71444641,71444663,71444683,1,1,1,1,71444641,71444651,71444657,71444631,71444633,71444635,1,1,1,0,0,0,3.5,780,647,0.9997626844934906,1.0002373155065094
low,71444992,71445037,45,71445037,71445043,71445071,1,1,1,1,71444993,71445001,71445007,71444993,71444995,71444997,0,0,0,0,0,0,3.5,780,647,0.9997626844934906,1.0002373155065094
low,71445412,71445443,31,71445419,71445443,71445469,2,0,1,1,71445419,71445421,71445427,71445413,71445415,71445417,0,0,0,0,0,0,3.5,780,647,0.9997626844934906,1.0002373155065094
low,71445703,71445727,24,71445727,71445767,71445799,1,1,1,1,71445707,71445709,71445721,71445705,71445707,71445709,0,0,0,0,0,0,3.5,780,647,0.9997626844934906,1.0002373155065094
low,71445845,71445859,14,71445859,71445893,71445923,1,1,1,1,71445851,71445853,71445859,71445847,71445849,71445851,0,0,1,0,0,0,3.5,780,647,0.9997626844934906,1.0002373155065094
low,71446143,71446159,16,71446153,71446159,71446181,2,0,1,1,71446147,71446153,71446157,71446145,71446147,71446149,0,0,0,0,0,0,3.5,780,647,0.9997626844934906,1.0002373155065094
low,71446672,71446709,37,71446709,71446729,71446759,1,1,1,1,71446673,71446679,71446681,71446673,71446675,71446677,0,0,0,0,0,0,3.5,780,647,0.9997626844934906,1.0002373155065094
low,71446880,71446891,11,71446891,71446927,71446939,1,1,1,1,71446883,71446889,71446891,71446881,71446883,71446885,0,0,1,0,0,0,3.5,780,647,0.9997626844934906,1.0002373155065094
low,71447068,71447069,1,71447069,71447081,71447093,1,1,1,1,71447069,71447071,71447081,71447069,71447071,71447073,1,1,1,1,1,1,3.5,780,647,0.9997626844934906,1.0002373155065094
low,71447317,71447323,6,71447323,71447347,71447351,1,1,1,1,71447323,71447333,71447339,71447319,71447321,71447323,1,1,1,0,0,1,3.5,780,647,0.9997626844934906,1.0002373155065094
low,71447552,71447557,5,71447557,71447573,71447609,1,1,1,1,71447557,71447567,71447569,71447553,71447555,71447557,1,1,1,0,0,1,3.5,780,647,0.9997626844934906,1.0002373155065094
low,71447559,71447573,14,71447573,71447609,71447611,1,1,1,1,71447567,71447569,71447573,71447561,71447563,71447565,0,0,1,0,0,0,3.5,780,647,0.9997626844934906,1.0002373155065094
low,71447597,71447609,12,71447609,71447611,71447633,1,1,1,1,71447599,71447603,71447609,71447599,71447601,71447603,0,0,1,0,0,0,3.5,780,647,0.9997626844934906,1.0002373155065094
low,71447938,71447989,51,71447989,71447993,71448001,1,1,1,1,71447939,71447941,71447947,71447939,71447941,71447943,0,0,0,0,0,0,3.5,780,647,0.9997626844934906,1.0002373155065094
low,71448398,71448427,29,71448427,71448437,71448449,1,1,1,1,71448401,71448407,71448409,71448399,71448401,71448403,0,0,0,0,0,0,3.5,780,647,0.9997626844934906,1.0002373155065094
low,71448814,71448851,37,71448851,71448859,71448869,1,1,1,1,71448821,71448823,71448827,71448815,71448817,71448819,0,0,0,0,0,0,3.5,780,647,0.9997626844934906,1.0002373155065094
low,71448871,71448877,6,71448877,71448889,71448901,1,1,1,1,71448877,71448887,71448889,71448873,71448875,71448877,1,1,1,0,0,1,3.5,780,647,0.9997626844934906,1.0002373155065094
low,71449368,71449379,11,71449379,71449381,71449393,1,1,1,1,71449369,71449373,71449379,71449369,71449371,71449373,0,0,1,0,0,0,3.5,780,647,0.9997626844934906,1.0002373155065094
low,71449828,71449837,9,71449837,71449841,71449843,1,1,1,1,71449831,71449837,71449841,71449829,71449831,71449833,0,1,1,0,0,0,3.5,780,647,0.9997626844934906,1.0002373155065094
low,71450001,71450033,32,71450033,71450039,71450053,1,1,1,1,71450003,71450009,71450011,71450003,71450005,71450007,0,0,0,0,0,0,3.5,780,647,0.9997626844934906,1.0002373155065094
low,71450043,71450053,10,71450053,71450063,71450077,1,1,1,1,71450047,71450053,71450059,71450045,71450047,71450049,0,1,1,0,0,0,3.5,780,647,0.9997626844934906,1.0002373155065094
low,71450605,71450611,6,71450611,71450683,71450689,1,1,1,1,71450611,71450623,71450629,71450607,71450609,71450611,1,1,1,0,0,1,3.5,780,647,0.9997626844934906,1.0002373155065094
low,71450614,71450683,69,71450683,71450689,71450759,1,1,1,1,71450623,71450629,71450633,71450615,71450617,71450619,0,0,0,0,0,0,3.5,780,647,0.9997626844934906,1.0002373155065094
low,71451015,71451053,38,71451031,71451053,71451059,2,0,1,1,71451019,71451031,71451043,71451017,71451019,71451021,0,0,0,0,0,0,3.5,780,647,0.9997626844934906,1.0002373155065094
low,71451068,71451097,29,71451091,71451097,71451101,2,0,1,1,71451071,71451073,71451089,71451069,71451071,71451073,0,0,0,0,0,0,3.5,780,647,0.9997626844934906,1.0002373155065094
low,71451183,71451197,14,71451197,71451209,71451217,1,1,1,1,71451197,71451199,71451203,71451185,71451187,71451189,1,1,1,0,0,0,3.5,780,647,0.9997626844934906,1.0002373155065094
low,71451293,71451299,6,71451299,71451307,71451349,1,1,1,1,71451299,71451301,71451307,71451295,71451297,71451299,1,1,1,0,0,1,3.5,780,647,0.9997626844934906,1.0002373155065094
low,71451416,71451427,11,71451427,71451431,71451437,1,1,1,1,71451421,71451427,71451431,71451417,71451419,71451421,0,1,1,0,0,0,3.5,780,647,0.9997626844934906,1.0002373155065094
low,71451756,71451803,47,71451803,71451827,71451829,1,1,1,1,71451763,71451767,71451769,71451757,71451759,71451761,0,0,0,0,0,0,3.5,780,647,0.9997626844934906,1.0002373155065094
low,71451947,71451979,32,71451979,71451983,71451997,1,1,1,1,71451949,71451953,71451959,71451949,71451951,71451953,0,0,0,0,0,0,3.5,780,647,0.9997626844934906,1.0002373155065094
low,71452077,71452093,16,71452093,71452133,71452151,1,1,1,1,71452079,71452081,71452091,71452079,71452081,71452083,0,0,0,0,0,0,3.5,780,647,0.9997626844934906,1.0002373155065094
low,71452369,71452373,4,71452373,71452379,71452387,1,1,1,1,71452373,71452379,71452387,71452371,71452373,71452375,1,1,1,0,1,1,3.5,780,647,0.9997626844934906,1.0002373155065094
low,71452438,71452441,3,71452441,71452471,71452477,1,1,1,1,71452439,71452441,71452453,71452439,71452441,71452443,0,1,1,0,1,1,3.5,780,647,0.9997626844934906,1.0002373155065094
low,71452521,71452523,2,71452523,71452529,71452531,1,1,1,1,71452523,71452529,71452531,71452523,71452525,71452527,1,1,1,1,1,1,3.5,780,647,0.9997626844934906,1.0002373155065094
low,71452638,71452657,19,71452657,71452663,71452669,1,1,1,1,71452639,71452643,71452657,71452639,71452641,71452643,0,0,1,0,0,0,3.5,780,647,0.9997626844934906,1.0002373155065094
low,71452774,71452807,33,71452807,71452813,71452817,1,1,1,1,71452783,71452793,71452807,71452775,71452777,71452779,0,0,1,0,0,0,3.5,780,647,0.9997626844934906,1.0002373155065094
low,71453002,71453003,1,71453003,71453059,71453087,1,1,1,1,71453003,71453009,71453017,71453003,71453005,71453007,1,1,1,1,1,1,3.5,780,647,0.9997626844934906,1.0002373155065094
low,71453183,71453191,8,71453191,71453197,71453231,1,1,1,1,71453189,71453191,71453197,71453185,71453187,71453189,0,1,1,0,0,0,3.5,780,647,0.9997626844934906,1.0002373155065094
low,71453346,71453377,31,71453377,71453429,71453449,1,1,1,1,71453351,71453353,71453359,71453347,71453349,71453351,0,0,0,0,0,0,3.5,780,647,0.9997626844934906,1.0002373155065094
low,71453542,71453563,21,71453563,71453579,71453581,1,1,1,1,71453549,71453561,71453563,71453543,71453545,71453547,0,0,1,0,0,0,3.5,780,647,0.9997626844934906,1.0002373155065094
low,71453924,71453947,23,71453947,71453951,71453957,1,1,1,1,71453929,71453933,71453947,71453925,71453927,71453929,0,0,1,0,0,0,3.5,780,647,0.9997626844934906,1.0002373155065094
low,71454044,71454107,63,71454083,71454107,71454109,2,0,1,1,71454049,71454059,71454067,71454045,71454047,71454049,0,0,0,0,0,0,3.5,780,647,0.9997626844934906,1.0002373155065094
low,71454133,71454139,6,71454139,71454143,71454151,1,1,1,1,71454137,71454139,71454143,71454135,71454137,71454139,0,1,1,0,0,1,3.5,780,647,0.9997626844934906,1.0002373155065094
low,71454422,71454503,81,71454503,71454527,71454529,1,1,1,1,71454431,71454433,71454437,71454423,71454425,71454427,0,0,0,0,0,0,3.5,780,647,0.9997626844934906,1.0002373155065094
low,71454584,71454599,15,71454599,71454601,71454619,1,1,1,1,71454589,71454599,71454601,71454585,71454587,71454589,0,1,1,0,0,0,3.5,780,647,0.9997626844934906,1.0002373155065094
low,71454626,71454667,41,71454667,71454697,71454703,1,1,1,1,71454631,71454641,71454653,71454627,71454629,71454631,0,0,0,0,0,0,3.5,780,647,0.9997626844934906,1.0002373155065094
low,71454933,71454937,4,71454937,71454941,71454967,1,1,1,1,71454937,71454941,71454947,71454935,71454937,71454939,1,1,1,0,1,1,3.5,780,647,0.9997626844934906,1.0002373155065094
low,71454994,71455019,25,71455019,71455051,71455057,1,1,1,1,71455001,71455003,71455009,71454995,71454997,71454999,0,0,0,0,0,0,3.5,780,647,0.9997626844934906,1.0002373155065094
low,71455447,71455453,6,71455453,71455469,71455477,1,1,1,1,71455451,71455453,71455459,71455449,71455451,71455453,0,1,1,0,0,1,3.5,780,647,0.9997626844934906,1.0002373155065094
low,71455710,71455711,1,71455711,71455717,71455759,1,1,1,1,71455711,71455717,71455721,71455711,71455713,71455715,1,1,1,1,1,1,3.5,780,647,0.9997626844934906,1.0002373155065094
low,71455890,71455919,29,71455919,71455957,71455973,1,1,1,1,71455897,71455907,71455919,71455891,71455893,71455895,0,0,1,0,0,0,3.5,780,647,0.9997626844934906,1.0002373155065094
low,71455948,71455957,9,71455957,71455973,71455997,1,1,1,1,71455949,71455957,71455961,71455949,71455951,71455953,0,1,1,0,0,0,3.5,780,647,0.9997626844934906,1.0002373155065094
low,71455979,71455997,18,71455997,71455999,71456003,1,1,1,1,71455987,71455991,71455997,71455981,71455983,71455985,0,0,1,0,0,0,3.5,780,647,0.9997626844934906,1.0002373155065094
low,71456982,71456989,7,71456989,71456993,71457007,1,1,1,1,71456989,71456993,71456999,71456983,71456985,71456987,1,1,1,0,0,0,3.5,780,647,0.9997626844934906,1.0002373155065094
low,71458240,71458243,3,71458243,71458249,71458271,1,1,1,1,71458241,71458243,71458249,71458241,71458243,71458245,0,1,1,0,1,1,3.5,780,647,0.9997626844934906,1.0002373155065094
low,71458614,71458637,23,71458637,71458643,71458663,1,1,1,1,71458619,71458627,71458637,71458615,71458617,71458619,0,0,1,0,0,0,3.5,780,647,0.9997626844934906,1.0002373155065094
low,71459021,71459033,12,71459033,71459039,71459071,1,1,1,1,71459023,71459027,71459029,71459023,71459025,71459027,0,0,0,0,0,0,3.5,780,647,0.9997626844934906,1.0002373155065094
low,71459165,71459203,38,71459191,71459203,71459233,2,0,1,1,71459173,71459189,71459191,71459167,71459169,71459171,0,0,0,0,0,0,3.5,780,647,0.9997626844934906,1.0002373155065094
low,71459988,71460013,25,71460013,71460029,71460041,1,1,1,1,71459989,71460001,71460013,71459989,71459991,71459993,0,0,1,0,0,0,3.5,780,647,0.9997626844934906,1.0002373155065094
low,71460216,71460217,1,71460217,71460247,71460329,1,1,1,1,71460217,71460223,71460227,71460217,71460219,71460221,1,1,1,1,1,1,3.5,780,647,0.9997626844934906,1.0002373155065094
low,71460430,71460443,13,71460439,71460443,71460449,2,0,1,1,71460439,71460443,71460449,71460431,71460433,71460435,0,1,1,0,0,0,3.5,780,647,0.9997626844934906,1.0002373155065094
low,71460431,71460443,12,71460439,71460443,71460449,2,0,1,1,71460439,71460443,71460449,71460433,71460435,71460437,0,1,1,0,0,0,3.5,780,647,0.9997626844934906,1.0002373155065094
low,71460459,71460461,2,71460461,71460497,71460527,1,1,1,1,71460461,71460479,71460481,71460461,71460463,71460465,1,1,1,1,1,1,3.5,780,647,0.9997626844934906,1.0002373155065094
low,71460491,71460497,6,71460497,71460527,71460533,1,1,1,1,71460497,71460509,71460511,71460493,71460495,71460497,1,1,1,0,0,1,3.5,780,647,0.9997626844934906,1.0002373155065094
low,71461140,71461199,59,71461157,71461199,71461211,2,0,1,1,71461141,71461151,71461153,71461141,71461143,71461145,0,0,0,0,0,0,3.5,780,647,0.9997626844934906,1.0002373155065094
low,71461467,71461477,10,71461477,71461487,71461499,1,1,1,1,71461469,71461471,71461477,71461469,71461471,71461473,0,0,1,0,0,0,3.5,780,647,0.9997626844934906,1.0002373155065094
low,71461513,71461517,4,71461517,71461519,71461601,1,1,1,1,71461517,71461519,71461531,71461515,71461517,71461519,1,1,1,0,1,1,3.5,780,647,0.9997626844934906,1.0002373155065094
low,71461770,71461783,13,71461783,71461801,71461813,1,1,1,1,71461777,71461781,71461783,71461771,71461773,71461775,0,0,1,0,0,0,3.5,780,647,0.9997626844934906,1.0002373155065094
low,71461899,71461903,4,71461903,71461933,71461939,1,1,1,1,71461903,71461909,71461913,71461901,71461903,71461905,1,1,1,0,1,1,3.5,780,647,0.9997626844934906,1.0002373155065094
low,71461984,71461987,3,71461987,71461993,71462009,1,1,1,1,71461987,71461991,71461993,71461985,71461987,71461989,1,1,1,0,1,1,3.5,780,647,0.9997626844934906,1.0002373155065094
low,71462081,71462107,26,71462107,71462117,71462143,1,1,1,1,71462087,71462089,71462093,71462083,71462085,71462087,0,0,0,0,0,0,3.5,780,647,0.9997626844934906,1.0002373155065094
low,71462743,71462767,24,71462767,71462777,71462869,1,1,1,1,71462749,71462753,71462759,71462745,71462747,71462749,0,0,0,0,0,0,3.5,780,647,0.9997626844934906,1.0002373155065094
low,71462857,71462869,12,71462869,71462879,71462891,1,1,1,1,71462861,71462869,71462879,71462859,71462861,71462863,0,1,1,0,0,0,3.5,780,647,0.9997626844934906,1.0002373155065094
low,71462921,71462939,18,71462939,71462969,71462977,1,1,1,1,71462927,71462929,71462939,71462923,71462925,71462927,0,0,1,0,0,0,3.5,780,647,0.9997626844934906,1.0002373155065094
low,71463495,71463499,4,71463499,71463527,71463571,1,1,1,1,71463499,71463517,71463521,71463497,71463499,71463501,1,1,1,0,1,1,3.5,780,647,0.9997626844934906,1.0002373155065094
low,71463602,71463611,9,71463611,71463659,71463671,1,1,1,1,71463607,71463611,71463619,71463603,71463605,71463607,0,1,1,0,0,0,3.5,780,647,0.9997626844934906,1.0002373155065094
low,71464319,71464321,2,71464321,71464333,71464343,1,1,1,1,71464321,71464331,71464333,71464321,71464323,71464325,1,1,1,1,1,1,3.5,780,647,0.9997626844934906,1.0002373155065094
low,71464594,71464609,15,71464607,71464609,71464621,2,0,1,1,71464597,71464607,71464609,71464595,71464597,71464599,0,0,1,0,0,0,3.5,780,647,0.9997626844934906,1.0002373155065094
low,71464633,71464637,4,71464637,71464639,71464661,1,1,1,1,71464637,71464639,71464649,71464635,71464637,71464639,1,1,1,0,1,1,3.5,780,647,0.9997626844934906,1.0002373155065094
low,71464634,71464637,3,71464637,71464639,71464661,1,1,1,1,71464637,71464639,71464649,71464635,71464637,71464639,1,1,1,0,1,1,3.5,780,647,0.9997626844934906,1.0002373155065094
low,71464763,71464781,18,71464781,71464793,71464801,1,1,1,1,71464769,71464777,71464781,71464765,71464767,71464769,0,0,1,0,0,0,3.5,780,647,0.9997626844934906,1.0002373155065094
low,71464995,71464999,4,71464999,71465039,71465047,1,1,1,1,71464997,71464999,71465003,71464997,71464999,71465001,0,1,1,0,1,1,3.5,780,647,0.9997626844934906,1.0002373155065094
low,71465156,71465159,3,71465159,71465179,71465189,1,1,1,1,71465159,71465167,71465171,71465157,71465159,71465161,1,1,1,0,1,1,3.5,780,647,0.9997626844934906,1.0002373155065094
low,71465169,71465179,10,71465179,71465189,71465227,1,1,1,1,71465171,71465179,71465183,71465171,71465173,71465175,0,1,1,0,0,0,3.5,780,647,0.9997626844934906,1.0002373155065094
low,71465981,71466001,20,71465987,71466001,71466029,2,0,1,1,71465983,71465987,71465993,71465983,71465985,71465987,0,0,0,0,0,0,3.5,780,647,0.9997626844934906,1.0002373155065094
low,71466094,71466107,13,71466107,71466149,71466167,1,1,1,1,71466097,71466103,71466107,71466095,71466097,71466099,0,0,1,0,0,0,3.5,780,647,0.9997626844934906,1.0002373155065094
low,71466220,71466229,9,71466229,71466233,71466289,1,1,1,1,71466223,71466229,71466233,71466221,71466223,71466225,0,1,1,0,0,0,3.5,780,647,0.9997626844934906,1.0002373155065094
low,71466362,71466379,17,71466379,71466383,71466389,1,1,1,1,71466371,71466377,71466379,71466363,71466365,71466367,0,0,1,0,0,0,3.5,780,647,0.9997626844934906,1.0002373155065094
low,71466636,71466667,31,71466667,71466673,71466677,1,1,1,1,71466641,71466649,71466653,71466637,71466639,71466641,0,0,0,0,0,0,3.5,780,647,0.9997626844934906,1.0002373155065094
low,71466733,71466739,6,71466739,71466751,71466757,1,1,1,1,71466737,71466739,71466743,71466735,71466737,71466739,0,1,1,0,0,1,3.5,780,647,0.9997626844934906,1.0002373155065094
low,71466931,71466947,16,71466947,71466959,71466971,1,1,1,1,71466937,71466943,71466947,71466933,71466935,71466937,0,0,1,0,0,0,3.5,780,647,0.9997626844934906,1.0002373155065094
low,71467043,71467057,14,71467057,71467061,71467063,1,1,1,1,71467051,71467057,71467061,71467045,71467047,71467049,0,1,1,0,0,0,3.5,780,647,0.9997626844934906,1.0002373155065094
low,71467086,71467087,1,71467087,71467093,71467103,1,1,1,1,71467087,71467091,71467093,71467087,71467089,71467091,1,1,1,1,1,1,3.5,780,647,0.9997626844934906,1.0002373155065094
low,71467363,71467367,4,71467367,71467381,71467411,1,1,1,1,71467367,71467369,71467373,71467365,71467367,71467369,1,1,1,0,1,1,3.5,780,647,0.9997626844934906,1.0002373155065094
low,71467970,71467973,3,71467973,71467993,71467997,1,1,1,1,71467973,71467993,71467997,71467971,71467973,71467975,1,1,1,0,1,1,3.5,780,647,0.9997626844934906,1.0002373155065094
low,71468068,71468071,3,71468071,71468081,71468087,1,1,1,1,71468069,71468071,71468077,71468069,71468071,71468073,0,1,1,0,1,1,3.5,780,647,0.9997626844934906,1.0002373155065094
low,71468075,71468081,6,71468081,71468087,71468099,1,1,1,1,71468077,71468081,71468083,71468077,71468079,71468081,0,1,1,0,0,1,3.5,780,647,0.9997626844934906,1.0002373155065094
low,71468424,71468447,23,71468447,71468461,71468471,1,1,1,1,71468431,71468437,71468447,71468425,71468427,71468429,0,0,1,0,0,0,3.5,780,647,0.9997626844934906,1.0002373155065094
low,71468683,71468687,4,71468687,71468689,71468701,1,1,1,1,71468687,71468689,71468693,71468685,71468687,71468689,1,1,1,0,1,1,3.5,780,647,0.9997626844934906,1.0002373155065094
low,71469346,71469347,1,71469347,71469367,71469371,1,1,1,1,71469347,71469353,71469361,71469347,71469349,71469351,1,1,1,1,1,1,3.5,780,647,0.9997626844934906,1.0002373155065094
low,71469418,71469421,3,71469421,71469451,71469499,1,1,1,1,71469421,71469439,71469443,71469419,71469421,71469423,1,1,1,0,1,1,3.5,780,647,0.9997626844934906,1.0002373155065094
low,71469551,71469553,2,71469553,71469571,71469589,1,1,1,1,71469553,71469557,71469569,71469553,71469555,71469557,1,1,1,1,1,1,3.5,780,647,0.9997626844934906,1.0002373155065094
low,71469588,71469589,1,71469589,71469611,71469617,1,1,1,1,71469589,71469599,71469611,71469589,71469591,71469593,1,1,1,1,1,1,3.5,780,647,0.9997626844934906,1.0002373155065094
low,71469753,71469757,4,71469757,71469767,71469793,1,1,1,1,71469757,71469767,71469779,71469755,71469757,71469759,1,1,1,0,1,1,3.5,780,647,0.9997626844934906,1.0002373155065094
low,71470116,71470117,1,71470117,71470141,71470169,1,1,1,1,71470117,71470121,71470127,71470117,71470119,71470121,1,1,1,1,1,1,3.5,780,647,0.9997626844934906,1.0002373155065094
low,71470250,71470291,41,71470291,71470313,71470331,1,1,1,1,71470253,71470271,71470277,71470251,71470253,71470255,0,0,0,0,0,0,3.5,780,647,0.9997626844934906,1.0002373155065094
low,71470568,71470657,89,71470657,71470661,71470673,1,1,1,1,71470573,71470577,71470579,71470569,71470571,71470573,0,0,0,0,0,0,3.5,780,647,0.9997626844934906,1.0002373155065094
low,71470846,71470891,45,71470891,71470909,71470937,1,1,1,1,71470849,71470853,71470859,71470847,71470849,71470851,0,0,0,0,0,0,3.5,780,647,0.9997626844934906,1.0002373155065094
low,71470920,71470937,17,71470937,71470961,71470963,1,1,1,1,71470921,71470933,71470937,71470921,71470923,71470925,0,0,1,0,0,0,3.5,780,647,0.9997626844934906,1.0002373155065094
low,71471243,71471269,26,71471269,71471273,71471287,1,1,1,1,71471249,71471251,71471261,71471245,71471247,71471249,0,0,0,0,0,0,3.5,780,647,0.9997626844934906,1.0002373155065094
low,71471397,71471423,26,71471423,71471431,71471467,1,1,1,1,71471401,71471423,71471429,71471399,71471401,71471403,0,1,1,0,0,0,3.5,780,647,0.9997626844934906,1.0002373155065094
low,71471480,71471489,9,71471489,71471551,71471591,1,1,1,1,71471489,71471497,71471501,71471481,71471483,71471485,1,1,1,0,0,0,3.5,780,647,0.9997626844934906,1.0002373155065094
low,71472131,71472133,2,71472133,71472139,71472151,1,1,1,1,71472133,71472139,71472143,71472133,71472135,71472137,1,1,1,1,1,1,3.5,780,647,0.9997626844934906,1.0002373155065094
low,71472864,71472893,29,71472893,71472899,71472901,1,1,1,1,71472871,71472881,71472883,71472865,71472867,71472869,0,0,0,0,0,0,3.5,780,647,0.9997626844934906,1.0002373155065094
low,71473161,71473169,8,71473169,71473183,71473201,1,1,1,1,71473163,71473169,71473177,71473163,71473165,71473167,0,1,1,0,0,0,3.5,780,647,0.9997626844934906,1.0002373155065094
low,71473452,71473453,1,71473453,71473463,71473471,1,1,1,1,71473453,71473463,71473469,71473453,71473455,71473457,1,1,1,1,1,1,3.5,780,647,0.9997626844934906,1.0002373155065094
low,71473501,71473513,12,71473513,71473531,71473543,1,1,1,1,71473511,71473513,71473517,71473503,71473505,71473507,0,1,1,0,0,0,3.5,780,647,0.9997626844934906,1.0002373155065094
low,71474392,71474393,1,71474393,71474401,71474411,1,1,1,1,71474393,71474399,71474401,71474393,71474395,71474397,1,1,1,1,1,1,3.5,780,647,0.9997626844934906,1.0002373155065094
low,71474622,71474629,7,71474629,71474651,71474653,1,1,1,1,71474629,71474633,71474651,71474623,71474625,71474627,1,1,1,0,0,0,3.5,780,647,0.9997626844934906,1.0002373155065094
low,71474768,71474801,33,71474801,71474803,71474807,1,1,1,1,71474771,71474773,71474779,71474769,71474771,71474773,0,0,0,0,0,0,3.5,780,647,0.9997626844934906,1.0002373155065094
low,71474888,71474891,3,71474891,71474911,71474917,1,1,1,1,71474891,71474899,71474911,71474889,71474891,71474893,1,1,1,0,1,1,3.5,780,647,0.9997626844934906,1.0002373155065094
low,71475001,71475031,30,71475023,71475031,71475043,2,0,1,1,71475011,71475013,71475023,71475003,71475005,71475007,0,0,0,0,0,0,3.5,780,647,0.9997626844934906,1.0002373155065094
low,71475493,71475557,64,71475557,71475577,71475619,1,1,1,1,71475499,71475527,71475529,71475495,71475497,71475499,0,0,0,0,0,0,3.5,780,647,0.9997626844934906,1.0002373155065094
low,71476307,71476319,12,71476319,71476333,71476393,1,1,1,1,71476319,71476331,71476333,71476309,71476311,71476313,1,1,1,0,0,0,3.5,780,647,0.9997626844934906,1.0002373155065094
low,71476648,71476649,1,71476649,71476673,71476679,1,1,1,1,71476649,71476661,71476667,71476649,71476651,71476653,1,1,1,1,1,1,3.5,780,647,0.9997626844934906,1.0002373155065094
low,71476863,71476877,14,71476877,71476897,71476901,1,1,1,1,71476871,71476877,71476883,71476865,71476867,71476869,0,1,1,0,0,0,3.5,780,647,0.9997626844934906,1.0002373155065094
low,71476916,71476921,5,71476921,71476931,71476943,1,1,1,1,71476919,71476921,71476927,71476917,71476919,71476921,0,1,1,0,0,1,3.5,780,647,0.9997626844934906,1.0002373155065094
low,71477154,71477173,19,71477167,71477173,71477179,2,0,1,1,71477167,71477171,71477173,71477155,71477157,71477159,0,0,1,0,0,0,3.5,780,647,0.9997626844934906,1.0002373155065094
low,71477461,71477479,18,71477479,71477507,71477509,1,1,1,1,71477467,71477473,71477477,71477463,71477465,71477467,0,0,0,0,0,0,3.5,780,647,0.9997626844934906,1.0002373155065094
low,71477587,71477597,10,71477597,71477603,71477621,1,1,1,1,71477591,71477597,71477599,71477589,71477591,71477593,0,1,1,0,0,0,3.5,780,647,0.9997626844934906,1.0002373155065094
low,71477805,71477807,2,71477807,71477839,71477881,1,1,1,1,71477807,71477821,71477827,71477807,71477809,71477811,1,1,1,1,1,1,3.5,780,647,0.9997626844934906,1.0002373155065094
low,71477889,71477893,4,71477893,71477897,71477899,1,1,1,1,71477891,71477893,71477897,71477891,71477893,71477895,0,1,1,0,1,1,3.5,780,647,0.9997626844934906,1.0002373155065094
low,71478656,71478661,5,71478661,71478679,71478683,1,1,1,1,71478661,71478677,71478679,71478657,71478659,71478661,1,1,1,0,0,1,3.5,780,647,0.9997626844934906,1.0002373155065094
low,71479338,71479357,19,71479357,71479361,71479363,1,1,1,1,71479351,71479357,71479361,71479339,71479341,71479343,0,1,1,0,0,0,3.5,780,647,0.9997626844934906,1.0002373155065094
low,71480286,71480287,1,71480287,71480309,71480317,1,1,1,1,71480287,71480293,71480303,71480287,71480289,71480291,1,1,1,1,1,1,3.5,780,647,0.9997626844934906,1.0002373155065094
low,71480598,71480609,11,71480609,71480627,71480639,1,1,1,1,71480599,71480609,71480611,71480599,71480601,71480603,0,1,1,0,0,0,3.5,780,647,0.9997626844934906,1.0002373155065094
low,71480900,71480909,9,71480909,71480933,71480951,1,1,1,1,71480909,71480917,71480921,71480901,71480903,71480905,1,1,1,0,0,0,3.5,780,647,0.9997626844934906,1.0002373155065094
low,71481376,71481419,43,71481419,71481461,71481463,1,1,1,1,71481383,71481391,71481407,71481377,71481379,71481381,0,0,0,0,0,0,3.5,780,647,0.9997626844934906,1.0002373155065094
low,71481475,71481479,4,71481479,71481497,71481503,1,1,1,1,71481479,71481497,71481499,71481477,71481479,71481481,1,1,1,0,1,1,3.5,780,647,0.9997626844934906,1.0002373155065094
low,71482132,71482139,7,71482139,71482153,71482163,1,1,1,1,71482133,71482139,71482141,71482133,71482135,71482137,0,1,1,0,0,0,3.5,780,647,0.9997626844934906,1.0002373155065094
low,71482147,71482163,16,71482153,71482163,71482171,2,0,1,1,71482153,71482157,71482163,71482149,71482151,71482153,0,0,1,0,0,0,3.5,780,647,0.9997626844934906,1.0002373155065094
low,71482276,71482277,1,71482277,71482283,71482291,1,1,1,1,71482277,71482283,71482289,71482277,71482279,71482281,1,1,1,1,1,1,3.5,780,647,0.9997626844934906,1.0002373155065094
low,71482445,71482451,6,71482451,71482457,71482471,1,1,1,1,71482447,71482451,71482457,71482447,71482449,71482451,0,1,1,0,0,1,3.5,780,647,0.9997626844934906,1.0002373155065094
low,71482697,71482699,2,71482699,71482703,71482717,1,1,1,1,71482699,71482703,71482711,71482699,71482701,71482703,1,1,1,1,1,1,3.5,780,647,0.9997626844934906,1.0002373155065094
low,71482815,71482843,28,71482843,71482861,71482877,1,1,1,1,71482819,71482823,71482837,71482817,71482819,71482821,0,0,0,0,0,0,3.5,780,647,0.9997626844934906,1.0002373155065094
low,71482871,71482877,6,71482877,71482891,71482907,1,1,1,1,71482877,71482889,71482891,71482873,71482875,71482877,1,1,1,0,0,1,3.5,780,647,0.9997626844934906,1.0002373155065094
low,71483394,71483413,19,71483413,71483417,71483431,1,1,1,1,71483407,71483411,71483413,71483395,71483397,71483399,0,0,1,0,0,0,3.5,780,647,0.9997626844934906,1.0002373155065094
low,71483796,71483801,5,71483801,71483831,71483837,1,1,1,1,71483801,71483803,71483807,71483797,71483799,71483801,1,1,1,0,0,1,3.5,780,647,0.9997626844934906,1.0002373155065094
low,71483830,71483831,1,71483831,71483837,71483843,1,1,1,1,71483831,71483837,71483843,71483831,71483833,71483835,1,1,1,1,1,1,3.5,780,647,0.9997626844934906,1.0002373155065094
low,71483838,71483843,5,71483843,71483857,71483873,1,1,1,1,71483843,71483849,71483851,71483839,71483841,71483843,1,1,1,0,0,1,3.5,780,647,0.9997626844934906,1.0002373155065094
low,71484471,71484487,16,71484487,71484499,71484527,1,1,1,1,71484481,71484487,71484493,71484473,71484475,71484477,0,1,1,0,0,0,3.5,780,647,0.9997626844934906,1.0002373155065094
low,71484571,71484583,12,71484583,71484599,71484653,1,1,1,1,71484577,71484583,71484587,71484573,71484575,71484577,0,1,1,0,0,0,3.5,780,647,0.9997626844934906,1.0002373155065094
low,71484763,71484767,4,71484767,71484857,71484883,1,1,1,1,71484767,71484769,71484773,71484765,71484767,71484769,1,1,1,0,1,1,3.5,780,647,0.9997626844934906,1.0002373155065094
low,71485066,71485069,3,71485069,71485079,71485097,1,1,1,1,71485067,71485069,71485079,71485067,71485069,71485071,0,1,1,0,1,1,3.5,780,647,0.9997626844934906,1.0002373155065094
low,71485342,71485409,67,71485343,71485409,71485417,2,0,1,1,71485343,71485361,71485363,71485343,71485345,71485347,0,0,0,0,0,0,3.5,780,647,0.9997626844934906,1.0002373155065094
low,71485754,71485759,5,71485759,71485763,71485787,1,1,1,1,71485759,71485763,71485769,71485755,71485757,71485759,1,1,1,0,0,1,3.5,780,647,0.9997626844934906,1.0002373155065094
low,71486000,71486027,27,71486021,71486027,71486033,2,0,1,1,71486011,71486017,71486021,71486001,71486003,71486005,0,0,0,0,0,0,3.5,780,647,0.9997626844934906,1.0002373155065094
low,71486094,71486099,5,71486099,71486101,71486123,1,1,1,1,71486099,71486101,71486111,71486095,71486097,71486099,1,1,1,0,0,1,3.5,780,647,0.9997626844934906,1.0002373155065094
low,71486776,71486801,25,71486801,71486813,71486843,1,1,1,1,71486777,71486791,71486801,71486777,71486779,71486781,0,0,1,0,0,0,3.5,780,647,0.9997626844934906,1.0002373155065094
low,71486848,71486861,13,71486861,71486867,71486879,1,1,1,1,71486851,71486861,71486867,71486849,71486851,71486853,0,1,1,0,0,0,3.5,780,647,0.9997626844934906,1.0002373155065094
low,71486884,71486927,43,71486927,71486951,71486957,1,1,1,1,71486893,71486897,71486903,71486885,71486887,71486889,0,0,0,0,0,0,3.5,780,647,0.9997626844934906,1.0002373155065094
low,71486912,71486927,15,71486927,71486951,71486957,1,1,1,1,71486917,71486923,71486927,71486913,71486915,71486917,0,0,1,0,0,0,3.5,780,647,0.9997626844934906,1.0002373155065094
low,71487737,71487751,14,71487751,71487769,71487803,1,1,1,1,71487739,71487743,71487751,71487739,71487741,71487743,0,0,1,0,0,0,3.5,780,647,0.9997626844934906,1.0002373155065094
low,71487922,71487931,9,71487931,71487961,71487967,1,1,1,1,71487931,71487943,71487947,71487923,71487925,71487927,1,1,1,0,0,0,3.5,780,647,0.9997626844934906,1.0002373155065094
low,71487938,71487961,23,71487961,71487967,71487971,1,1,1,1,71487943,71487947,71487953,71487939,71487941,71487943,0,0,0,0,0,0,3.5,780,647,0.9997626844934906,1.0002373155065094
low,71487942,71487961,19,71487961,71487967,71487971,1,1,1,1,71487943,71487947,71487953,71487943,71487945,71487947,0,0,0,0,0,0,3.5,780,647,0.9997626844934906,1.0002373155065094
low,71488132,71488169,37,71488169,71488171,71488177,1,1,1,1,71488133,71488139,71488141,71488133,71488135,71488137,0,0,0,0,0,0,3.5,780,647,0.9997626844934906,1.0002373155065094
low,71488144,71488169,25,71488169,71488171,71488177,1,1,1,1,71488147,71488159,71488169,71488145,71488147,71488149,0,0,1,0,0,0,3.5,780,647,0.9997626844934906,1.0002373155065094
low,71488272,71488273,1,71488273,71488289,71488309,1,1,1,1,71488273,71488283,71488289,71488273,71488275,71488277,1,1,1,1,1,1,3.5,780,647,0.9997626844934906,1.0002373155065094
low,71489178,71489183,5,71489183,71489213,71489219,1,1,1,1,71489179,71489183,71489189,71489179,71489181,71489183,0,1,1,0,0,1,3.5,780,647,0.9997626844934906,1.0002373155065094
low,71489546,71489617,71,71489617,71489623,71489629,1,1,1,1,71489549,71489557,71489563,71489547,71489549,71489551,0,0,0,0,0,0,3.5,780,647,0.9997626844934906,1.0002373155065094
low,71489568,71489617,49,71489617,71489623,71489629,1,1,1,1,71489569,71489581,71489591,71489569,71489571,71489573,0,0,0,0,0,0,3.5,780,647,0.9997626844934906,1.0002373155065094
low,71489633,71489653,20,71489653,71489657,71489659,1,1,1,1,71489651,71489653,71489657,71489635,71489637,71489639,0,1,1,0,0,0,3.5,780,647,0.9997626844934906,1.0002373155065094
low,71492093,71492147,54,71492147,71492153,71492167,1,1,1,1,71492101,71492107,71492111,71492095,71492097,71492099,0,0,0,0,0,0,3.5,780,647,0.9997626844934906,1.0002373155065094
low,71492340,71492347,7,71492347,71492357,71492381,1,1,1,1,71492341,71492347,71492353,71492341,71492343,71492345,0,1,1,0,0,0,3.5,780,647,0.9997626844934906,1.0002373155065094
low,71492445,71492471,26,71492471,71492503,71492507,1,1,1,1,71492461,71492467,71492471,71492447,71492449,71492451,0,0,1,0,0,0,3.5,780,647,0.9997626844934906,1.0002373155065094
low,71492462,71492471,9,71492471,71492503,71492507,1,1,1,1,71492467,71492471,71492479,71492463,71492465,71492467,0,1,1,0,0,0,3.5,780,647,0.9997626844934906,1.0002373155065094
low,71492487,71492503,16,71492503,71492507,71492513,1,1,1,1,71492489,71492501,71492503,71492489,71492491,71492493,0,0,1,0,0,0,3.5,780,647,0.9997626844934906,1.0002373155065094
low,71493075,71493089,14,71493089,71493101,71493127,1,1,1,1,71493077,71493083,71493089,71493077,71493079,71493081,0,0,1,0,0,0,3.5,780,647,0.9997626844934906,1.0002373155065094
low,71493206,71493229,23,71493229,71493259,71493271,1,1,1,1,71493209,71493217,71493221,71493207,71493209,71493211,0,0,0,0,0,0,3.5,780,647,0.9997626844934906,1.0002373155065094
low,71493817,71493833,16,71493833,71493839,71493847,1,1,1,1,71493833,71493839,71493841,71493819,71493821,71493823,1,1,1,0,0,0,3.5,780,647,0.9997626844934906,1.0002373155065094
low,71494012,71494021,9,71494021,71494043,71494057,1,1,1,1,71494013,71494021,71494037,71494013,71494015,71494017,0,1,1,0,0,0,3.5,780,647,0.9997626844934906,1.0002373155065094
low,71494287,71494301,14,71494301,71494303,71494343,1,1,1,1,71494289,71494301,71494303,71494289,71494291,71494293,0,1,1,0,0,0,3.5,780,647,0.9997626844934906,1.0002373155065094
low,71494505,71494513,8,71494513,71494543,71494559,1,1,1,1,71494513,71494517,71494519,71494507,71494509,71494511,1,1,1,0,0,0,3.5,780,647,0.9997626844934906,1.0002373155065094
low,71494507,71494513,6,71494513,71494543,71494559,1,1,1,1,71494513,71494517,71494519,71494509,71494511,71494513,1,1,1,0,0,1,3.5,780,647,0.9997626844934906,1.0002373155065094
low,71494593,71494601,8,71494601,71494609,71494613,1,1,1,1,71494597,71494601,71494607,71494595,71494597,71494599,0,1,1,0,0,0,3.5,780,647,0.9997626844934906,1.0002373155065094
low,71494726,71494729,3,71494729,71494733,71494747,1,1,1,1,71494727,71494729,71494733,71494727,71494729,71494731,0,1,1,0,1,1,3.5,780,647,0.9997626844934906,1.0002373155065094
low,71495220,71495243,23,71495243,71495257,71495273,1,1,1,1,71495227,71495231,71495239,71495221,71495223,71495225,0,0,0,0,0,0,3.5,780,647,0.9997626844934906,1.0002373155065094
low,71495757,71495771,14,71495771,71495797,71495821,1,1,1,1,71495771,71495773,71495777,71495759,71495761,71495763,1,1,1,0,0,0,3.5,780,647,0.9997626844934906,1.0002373155065094
low,71495923,71495929,6,71495929,71495947,71495953,1,1,1,1,71495927,71495929,71495939,71495925,71495927,71495929,0,1,1,0,0,1,3.5,780,647,0.9997626844934906,1.0002373155065094
low,71496430,71496461,31,71496431,71496433,71496461,3,0,0,1,71496431,71496433,71496437,71496431,71496433,71496435,0,0,0,0,0,0,3.5,780,647,0.9997626844934906,1.0002373155065094
low,71496513,71496547,34,71496547,71496553,71496583,1,1,1,1,71496517,71496521,71496527,71496515,71496517,71496519,0,0,0,0,0,0,3.5,780,647,0.9997626844934906,1.0002373155065094
low,71497044,71497091,47,71497081,71497091,71497103,2,0,1,1,71497051,71497061,71497067,71497045,71497047,71497049,0,0,0,0,0,0,3.5,780,647,0.9997626844934906,1.0002373155065094
low,71497045,71497091,46,71497081,71497091,71497103,2,0,1,1,71497051,71497061,71497067,71497047,71497049,71497051,0,0,0,0,0,0,3.5,780,647,0.9997626844934906,1.0002373155065094
low,71497715,71497729,14,71497729,71497739,71497753,1,1,1,1,71497717,71497721,71497729,71497717,71497719,71497721,0,0,1,0,0,0,3.5,780,647,0.9997626844934906,1.0002373155065094
low,71498198,71498213,15,71498213,71498227,71498249,1,1,1,1,71498201,71498213,71498221,71498199,71498201,71498203,0,1,1,0,0,0,3.5,780,647,0.9997626844934906,1.0002373155065094
low,71498785,71498813,28,71498813,71498831,71498839,1,1,1,1,71498797,71498803,71498807,71498787,71498789,71498791,0,0,0,0,0,0,3.5,780,647,0.9997626844934906,1.0002373155065094
low,71498828,71498831,3,71498831,71498839,71498863,1,1,1,1,71498831,71498837,71498839,71498829,71498831,71498833,1,1,1,0,1,1,3.5,780,647,0.9997626844934906,1.0002373155065094
low,71498977,71498993,16,71498993,71499023,71499031,1,1,1,1,71498981,71498983,71498989,71498979,71498981,71498983,0,0,0,0,0,0,3.5,780,647,0.9997626844934906,1.0002373155065094
low,71499032,71499037,5,71499037,71499041,71499053,1,1,1,1,71499037,71499041,71499047,71499033,71499035,71499037,1,1,1,0,0,1,3.5,780,647,0.9997626844934906,1.0002373155065094
low,71499361,71499371,10,71499371,71499397,71499401,1,1,1,1,71499367,71499371,71499377,71499363,71499365,71499367,0,1,1,0,0,0,3.5,780,647,0.9997626844934906,1.0002373155065094
low,71499519,71499521,2,71499521,71499539,71499551,1,1,1,1,71499521,71499523,71499539,71499521,71499523,71499525,1,1,1,1,1,1,3.5,780,647,0.9997626844934906,1.0002373155065094
low,71499610,71499677,67,71499629,71499677,71499683,2,0,1,1,71499611,71499613,71499619,71499611,71499613,71499615,0,0,0,0,0,0,3.5,780,647,0.9997626844934906,1.0002373155065094
low,71499614,71499677,63,71499629,71499677,71499683,2,0,1,1,71499619,71499629,71499643,71499615,71499617,71499619,0,0,0,0,0,0,3.5,780,647,0.9997626844934906,1.0002373155065094
low,71499946,71499973,27,71499949,71499973,71500007,2,0,1,1,71499947,71499949,71499959,71499947,71499949,71499951,0,0,0,0,0,0,3.5,780,647,0.9997626844934906,1.0002373155065094
middle,71000000061,71000000063,2,71000000063,71000000069,71000000087,1,1,1,1,71000000063,71000000069,71000000077,71000000063,71000000065,71000000067,1,1,1,1,1,1,3.5,17045,15010,1.0000295336164438,0.9999704663835562
middle,71000000243,71000000287,44,71000000287,71000000297,71000000327,1,1,1,1,71000000249,71000000257,71000000263,71000000245,71000000247,71000000249,0,0,0,0,0,0,3.5,17045,15010,1.0000295336164438,0.9999704663835562
middle,71000001275,71000001277,2,71000001277,71000001283,71000001307,1,1,1,1,71000001277,71000001283,71000001299,71000001277,71000001279,71000001281,1,1,1,1,1,1,3.5,17045,15010,1.0000295336164438,0.9999704663835562
middle,71000002084,71000002097,13,71000002097,71000002147,71000002169,1,1,1,1,71000002091,71000002093,71000002097,71000002085,71000002087,71000002089,0,0,1,0,0,0,3.5,17045,15010,1.0000295336164438,0.9999704663835562
middle,71000002156,71000002169,13,71000002169,71000002193,71000002247,1,1,1,1,71000002159,71000002163,71000002169,71000002157,71000002159,71000002161,0,0,1,0,0,0,3.5,17045,15010,1.0000295336164438,0.9999704663835562
middle,71000003215,71000003251,36,71000003251,71000003267,71000003299,1,1,1,1,71000003219,71000003227,71000003231,71000003217,71000003219,71000003221,0,0,0,0,0,0,3.5,17045,15010,1.0000295336164438,0.9999704663835562
middle,71000003446,71000003489,43,71000003489,71000003509,71000003513,1,1,1,1,71000003461,71000003467,71000003471,71000003447,71000003449,71000003451,0,0,0,0,0,0,3.5,17045,15010,1.0000295336164438,0.9999704663835562
middle,71000003850,71000003863,13,71000003863,71000003887,71000003929,1,1,1,1,71000003857,71000003861,71000003863,71000003851,71000003853,71000003855,0,0,1,0,0,0,3.5,17045,15010,1.0000295336164438,0.9999704663835562
middle,71000004094,71000004109,15,71000004109,71000004121,71000004139,1,1,1,1,71000004107,71000004109,71000004113,71000004095,71000004097,71000004099,0,1,1,0,0,0,3.5,17045,15010,1.0000295336164438,0.9999704663835562
middle,71000004440,71000004499,59,71000004499,71000004533,71000004547,1,1,1,1,71000004443,71000004451,71000004457,71000004441,71000004443,71000004445,0,0,0,0,0,0,3.5,17045,15010,1.0000295336164438,0.9999704663835562
middle,71000005256,71000005301,45,71000005301,71000005309,71000005357,1,1,1,1,71000005259,71000005261,71000005267,71000005257,71000005259,71000005261,0,0,0,0,0,0,3.5,17045,15010,1.0000295336164438,0.9999704663835562
middle,71000005337,71000005357,20,71000005357,71000005367,71000005369,1,1,1,1,71000005339,71000005343,71000005357,71000005339,71000005341,71000005343,0,0,1,0,0,0,3.5,17045,15010,1.0000295336164438,0.9999704663835562
middle,71000005630,71000005633,3,71000005633,71000005639,71000005669,1,1,1,1,71000005631,71000005633,71000005639,71000005631,71000005633,71000005635,0,1,1,0,1,1,3.5,17045,15010,1.0000295336164438,0.9999704663835562
middle,71000005664,71000005669,5,71000005669,71000005679,71000005709,1,1,1,1,71000005667,71000005669,71000005673,71000005665,71000005667,71000005669,0,1,1,0,0,1,3.5,17045,15010,1.0000295336164438,0.9999704663835562
middle,71000005733,71000005763,30,71000005763,71000005801,71000005841,1,1,1,1,71000005751,71000005753,71000005757,71000005735,71000005737,71000005739,0,0,0,0,0,0,3.5,17045,15010,1.0000295336164438,0.9999704663835562
middle,71000006072,71000006081,9,71000006081,71000006093,71000006107,1,1,1,1,71000006081,71000006083,71000006087,71000006073,71000006075,71000006077,1,1,1,0,0,0,3.5,17045,15010,1.0000295336164438,0.9999704663835562
middle,71000006123,71000006159,36,71000006159,71000006179,71000006213,1,1,1,1,71000006131,71000006137,71000006141,71000006125,71000006127,71000006129,0,0,0,0,0,0,3.5,17045,15010,1.0000295336164438,0.9999704663835562
middle,71000006469,71000006479,10,71000006479,71000006489,71000006491,1,1,1,1,71000006471,71000006477,71000006479,71000006471,71000006473,71000006475,0,0,1,0,0,0,3.5,17045,15010,1.0000295336164438,0.9999704663835562
middle,71000006528,71000006611,83,71000006611,71000006629,71000006657,1,1,1,1,71000006533,71000006537,71000006543,71000006529,71000006531,71000006533,0,0,0,0,0,0,3.5,17045,15010,1.0000295336164438,0.9999704663835562
middle,71000006659,71000006723,64,71000006723,71000006729,71000006743,1,1,1,1,71000006663,71000006669,71000006681,71000006661,71000006663,71000006665,0,0,0,0,0,0,3.5,17045,15010,1.0000295336164438,0.9999704663835562
middle,71000006689,71000006723,34,71000006723,71000006729,71000006743,1,1,1,1,71000006713,71000006717,71000006719,71000006691,71000006693,71000006695,0,0,0,0,0,0,3.5,17045,15010,1.0000295336164438,0.9999704663835562
middle,71000006855,71000006921,66,71000006921,71000006923,71000006927,1,1,1,1,71000006863,71000006867,71000006879,71000006857,71000006859,71000006861,0,0,0,0,0,0,3.5,17045,15010,1.0000295336164438,0.9999704663835562
middle,71000006896,71000006921,25,71000006921,71000006923,71000006927,1,1,1,1,71000006897,71000006899,71000006921,71000006897,71000006899,71000006901,0,0,1,0,0,0,3.5,17045,15010,1.0000295336164438,0.9999704663835562
middle,71000006919,71000006921,2,71000006921,71000006923,71000006927,1,1,1,1,71000006921,71000006923,71000006927,71000006921,71000006923,71000006925,1,1,1,1,1,1,3.5,17045,15010,1.0000295336164438,0.9999704663835562
middle,71000007004,71000007053,49,71000007053,71000007059,71000007073,1,1,1,1,71000007007,71000007011,71000007019,71000007005,71000007007,71000007009,0,0,0,0,0,0,3.5,17045,15010,1.0000295336164438,0.9999704663835562
middle,71000007053,71000007059,6,71000007059,71000007073,71000007167,1,1,1,1,71000007059,71000007061,71000007073,71000007055,71000007057,71000007059,1,1,1,0,0,1,3.5,17045,15010,1.0000295336164438,0.9999704663835562
middle,71000007214,71000007223,9,71000007223,71000007229,71000007233,1,1,1,1,71000007217,71000007223,71000007227,71000007215,71000007217,71000007219,0,1,1,0,0,0,3.5,17045,15010,1.0000295336164438,0.9999704663835562
middle,71000007397,71000007437,40,71000007437,71000007439,71000007457,1,1,1,1,71000007401,71000007409,71000007413,71000007399,71000007401,71000007403,0,0,0,0,0,0,3.5,17045,15010,1.0000295336164438,0.9999704663835562
middle,71000007407,71000007437,30,71000007437,71000007439,71000007457,1,1,1,1,71000007409,71000007413,71000007427,71000007409,71000007411,71000007413,0,0,0,0,0,0,3.5,17045,15010,1.0000295336164438,0.9999704663835562
middle,71000007509,71000007523,14,71000007523,71000007569,71000007571,1,1,1,1,71000007511,71000007517,71000007521,71000007511,71000007513,71000007515,0,0,0,0,0,0,3.5,17045,15010,1.0000295336164438,0.9999704663835562
middle,71000008148,71000008153,5,71000008153,71000008187,71000008223,1,1,1,1,71000008151,71000008153,71000008159,71000008149,71000008151,71000008153,0,1,1,0,0,1,3.5,17045,15010,1.0000295336164438,0.9999704663835562
middle,71000008237,71000008243,6,71000008243,71000008297,71000008301,1,1,1,1,71000008243,71000008249,71000008253,71000008239,71000008241,71000008243,1,1,1,0,0,1,3.5,17045,15010,1.0000295336164438,0.9999704663835562
middle,71000008304,71000008333,29,71000008333,71000008351,71000008369,1,1,1,1,71000008307,71000008319,71000008327,71000008305,71000008307,71000008309,0,0,0,0,0,0,3.5,17045,15010,1.0000295336164438,0.9999704663835562
middle,71000008320,71000008333,13,71000008333,71000008351,71000008369,1,1,1,1,71000008327,71000008333,71000008337,71000008321,71000008323,71000008325,0,1,1,0,0,0,3.5,17045,15010,1.0000295336164438,0.9999704663835562
middle,71000008362,71000008369,7,71000008369,71000008397,71000008423,1,1,1,1,71000008363,71000008367,71000008369,71000008363,71000008365,71000008367,0,0,1,0,0,0,3.5,17045,15010,1.0000295336164438,0.9999704663835562
middle,71000008615,71000008627,12,71000008627,71000008687,71000008799,1,1,1,1,71000008619,71000008627,71000008633,71000008617,71000008619,71000008621,0,1,1,0,0,0,3.5,17045,15010,1.0000295336164438,0.9999704663835562
middle,71000008826,71000008847,21,71000008847,71000008897,71000008927,1,1,1,1,71000008829,71000008831,71000008837,71000008827,71000008829,71000008831,0,0,0,0,0,0,3.5,17045,15010,1.0000295336164438,0.9999704663835562
middle,71000008939,71000008967,28,71000008967,71000008969,71000008973,1,1,1,1,71000008943,71000008949,71000008951,71000008941,71000008943,71000008945,0,0,0,0,0,0,3.5,17045,15010,1.0000295336164438,0.9999704663835562
middle,71000009040,71000009081,41,71000009081,71000009111,71000009141,1,1,1,1,71000009051,71000009053,71000009063,71000009041,71000009043,71000009045,0,0,0,0,0,0,3.5,17045,15010,1.0000295336164438,0.9999704663835562
middle,71000009104,71000009111,7,71000009111,71000009141,71000009149,1,1,1,1,71000009107,71000009111,71000009117,71000009105,71000009107,71000009109,0,1,1,0,0,0,3.5,17045,15010,1.0000295336164438,0.9999704663835562
middle,71000009143,71000009149,6,71000009149,71000009207,71000009209,1,1,1,1,71000009147,71000009149,71000009161,71000009145,71000009147,71000009149,0,1,1,0,0,1,3.5,17045,15010,1.0000295336164438,0.9999704663835562
middle,71000009270,71000009279,9,71000009279,71000009303,71000009341,1,1,1,1,71000009273,71000009279,71000009281,71000009271,71000009273,71000009275,0,1,1,0,0,0,3.5,17045,15010,1.0000295336164438,0.9999704663835562
middle,71000009419,71000009449,30,71000009429,71000009449,71000009471,2,0,1,1,71000009429,71000009441,71000009447,71000009421,71000009423,71000009425,0,0,0,0,0,0,3.5,17045,15010,1.0000295336164438,0.9999704663835562
middle,71000009476,71000009501,25,71000009501,71000009503,71000009573,1,1,1,1,71000009477,71000009489,71000009491,71000009477,71000009479,71000009481,0,0,0,0,0,0,3.5,17045,15010,1.0000295336164438,0.9999704663835562
middle,71000009490,71000009501,11,71000009501,71000009503,71000009573,1,1,1,1,71000009491,71000009497,71000009501,71000009491,71000009493,71000009495,0,0,1,0,0,0,3.5,17045,15010,1.0000295336164438,0.9999704663835562
middle,71000010601,71000010629,28,71000010629,71000010667,71000010691,1,1,1,1,71000010607,71000010611,71000010617,71000010603,71000010605,71000010607,0,0,0,0,0,0,3.5,17045,15010,1.0000295336164438,0.9999704663835562
middle,71000012211,71000012243,32,71000012243,71000012257,71000012267,1,1,1,1,71000012221,71000012227,71000012233,71000012213,71000012215,71000012217,0,0,0,0,0,0,3.5,17045,15010,1.0000295336164438,0.9999704663835562
middle,71000012241,71000012243,2,71000012243,71000012257,71000012267,1,1,1,1,71000012243,71000012249,71000012257,71000012243,71000012245,71000012247,1,1,1,1,1,1,3.5,17045,15010,1.0000295336164438,0.9999704663835562
middle,71000012586,71000012641,55,71000012641,71000012651,71000012663,1,1,1,1,71000012591,71000012597,71000012599,71000012587,71000012589,71000012591,0,0,0,0,0,0,3.5,17045,15010,1.0000295336164438,0.9999704663835562
middle,71000012905,71000012917,12,71000012917,71000012959,71000013017,1,1,1,1,71000012911,71000012917,71000012921,71000012907,71000012909,71000012911,0,1,1,0,0,0,3.5,17045,15010,1.0000295336164438,0.9999704663835562
middle,71000013528,71000013533,5,71000013533,71000013547,71000013559,1,1,1,1,71000013529,71000013533,71000013547,71000013529,71000013531,71000013533,0,1,1,0,0,1,3.5,17045,15010,1.0000295336164438,0.9999704663835562
middle,71000014417,71000014441,24,71000014441,71000014489,71000014517,1,1,1,1,71000014433,71000014439,71000014441,71000014419,71000014421,71000014423,0,0,1,0,0,0,3.5,17045,15010,1.0000295336164438,0.9999704663835562
middle,71000014461,71000014489,28,71000014489,71000014517,71000014523,1,1,1,1,71000014471,71000014483,71000014487,71000014463,71000014465,71000014467,0,0,0,0,0,0,3.5,17045,15010,1.0000295336164438,0.9999704663835562
middle,71000014927,71000014937,10,71000014937,71000014963,71000014997,1,1,1,1,71000014931,71000014937,71000014949,71000014929,71000014931,71000014933,0,1,1,0,0,0,3.5,17045,15010,1.0000295336164438,0.9999704663835562
middle,71000014933,71000014937,4,71000014937,71000014963,71000014997,1,1,1,1,71000014937,71000014949,71000014951,71000014935,71000014937,71000014939,1,1,1,0,1,1,3.5,17045,15010,1.0000295336164438,0.9999704663835562
middle,71000015227,71000015269,42,71000015269,71000015357,71000015377,1,1,1,1,71000015231,71000015237,71000015239,71000015229,71000015231,71000015233,0,0,0,0,0,0,3.5,17045,15010,1.0000295336164438,0.9999704663835562
middle,71000016201,71000016239,38,71000016203,71000016239,71000016281,2,0,1,1,71000016203,71000016211,71000016223,71000016203,71000016205,71000016207,0,0,0,0,0,0,3.5,17045,15010,1.0000295336164438,0.9999704663835562
middle,71000016394,71000016407,13,71000016407,71000016413,71000016427,1,1,1,1,71000016397,71000016403,71000016407,71000016395,71000016397,71000016399,0,0,1,0,0,0,3.5,17045,15010,1.0000295336164438,0.9999704663835562
middle,71000016496,71000016583,87,71000016583,71000016587,71000016613,1,1,1,1,71000016509,71000016511,71000016517,71000016497,71000016499,71000016501,0,0,0,0,0,0,3.5,17045,15010,1.0000295336164438,0.9999704663835562
middle,71000016606,71000016613,7,71000016613,71000016631,71000016679,1,1,1,1,71000016611,71000016613,71000016617,71000016607,71000016609,71000016611,0,1,1,0,0,0,3.5,17045,15010,1.0000295336164438,0.9999704663835562
middle,71000016775,71000016793,18,71000016793,71000016797,71000016799,1,1,1,1,71000016779,71000016781,71000016793,71000016777,71000016779,71000016781,0,0,1,0,0,0,3.5,17045,15010,1.0000295336164438,0.9999704663835562
middle,71000016829,71000016833,4,71000016833,71000016917,71000016931,1,1,1,1,71000016833,71000016839,71000016851,71000016831,71000016833,71000016835,1,1,1,0,1,1,3.5,17045,15010,1.0000295336164438,0.9999704663835562
middle,71000016970,71000017007,37,71000017007,71000017037,71000017063,1,1,1,1,71000016973,71000016977,71000016991,71000016971,71000016973,71000016975,0,0,0,0,0,0,3.5,17045,15010,1.0000295336164438,0.9999704663835562
middle,71000017691,71000017723,32,71000017723,71000017757,71000017789,1,1,1,1,71000017709,71000017721,71000017723,71000017693,71000017695,71000017697,0,0,1,0,0,0,3.5,17045,15010,1.0000295336164438,0.9999704663835562
middle,71000017727,71000017757,30,71000017757,71000017789,71000017793,1,1,1,1,71000017729,71000017733,71000017747,71000017729,71000017731,71000017733,0,0,0,0,0,0,3.5,17045,15010,1.0000295336164438,0.9999704663835562
middle,71000017918,71000017919,1,71000017919,71000017927,71000017937,1,1,1,1,71000017919,71000017927,71000017937,71000017919,71000017921,71000017923,1,1,1,1,1,1,3.5,17045,15010,1.0000295336164438,0.9999704663835562
middle,71000018016,71000018017,1,71000018017,71000018029,71000018039,1,1,1,1,71000018017,71000018021,71000018027,71000018017,71000018019,71000018021,1,1,1,1,1,1,3.5,17045,15010,1.0000295336164438,0.9999704663835562
middle,71000018579,71000018599,20,71000018599,71000018641,71000018741,1,1,1,1,71000018581,71000018591,71000018597,71000018581,71000018583,71000018585,0,0,0,0,0,0,3.5,17045,15010,1.0000295336164438,0.9999704663835562
middle,71000018742,71000018743,1,71000018743,71000018801,71000018827,1,1,1,1,71000018743,71000018753,71000018759,71000018743,71000018745,71000018747,1,1,1,1,1,1,3.5,17045,15010,1.0000295336164438,0.9999704663835562
middle,71000018836,71000018941,105,71000018941,71000018977,71000019011,1,1,1,1,71000018839,71000018851,71000018857,71000018837,71000018839,71000018841,0,0,0,0,0,0,3.5,17045,15010,1.0000295336164438,0.9999704663835562
middle,71000019052,71000019133,81,71000019133,71000019143,71000019151,1,1,1,1,71000019059,71000019061,71000019067,71000019053,71000019055,71000019057,0,0,0,0,0,0,3.5,17045,15010,1.0000295336164438,0.9999704663835562
middle,71000019318,71000019379,61,71000019379,71000019421,71000019547,1,1,1,1,71000019319,71000019323,71000019329,71000019319,71000019321,71000019323,0,0,0,0,0,0,3.5,17045,15010,1.0000295336164438,0.9999704663835562
middle,71000019436,71000019551,115,71000019547,71000019551,71000019553,2,0,1,1,71000019437,71000019439,71000019443,71000019437,71000019439,71000019441,0,0,0,0,0,0,3.5,17045,15010,1.0000295336164438,0.9999704663835562
middle,71000019658,71000019683,25,71000019683,71000019821,71000019859,1,1,1,1,71000019659,71000019661,71000019667,71000019659,71000019661,71000019663,0,0,0,0,0,0,3.5,17045,15010,1.0000295336164438,0.9999704663835562
middle,71000019888,71000019899,11,71000019899,71000019911,71000019917,1,1,1,1,71000019889,71000019899,71000019911,71000019889,71000019891,71000019893,0,1,1,0,0,0,3.5,17045,15010,1.0000295336164438,0.9999704663835562
middle,71000020051,71000020061,10,71000020061,71000020081,71000020109,1,1,1,1,71000020057,71000020061,71000020067,71000020053,71000020055,71000020057,0,1,1,0,0,0,3.5,17045,15010,1.0000295336164438,0.9999704663835562
middle,71000020144,71000020183,39,71000020183,71000020271,71000020283,1,1,1,1,71000020151,71000020159,71000020163,71000020145,71000020147,71000020149,0,0,0,0,0,0,3.5,17045,15010,1.0000295336164438,0.9999704663835562
middle,71000020826,71000020829,3,71000020829,71000020891,71000020901,1,1,1,1,71000020829,71000020831,71000020837,71000020827,71000020829,71000020831,1,1,1,0,1,1,3.5,17045,15010,1.0000295336164438,0.9999704663835562
middle,71000020884,71000020891,7,71000020891,71000020901,71000020919,1,1,1,1,71000020891,71000020901,71000020909,71000020885,71000020887,71000020889,1,1,1,0,0,0,3.5,17045,15010,1.0000295336164438,0.9999704663835562
middle,71000020975,71000020999,24,71000020999,71000021011,71000021077,1,1,1,1,71000020979,71000020981,71000020997,71000020977,71000020979,71000020981,0,0,0,0,0,0,3.5,17045,15010,1.0000295336164438,0.9999704663835562
middle,71000021508,71000021527,19,71000021527,71000021531,71000021591,1,1,1,1,71000021509,71000021513,71000021527,71000021509,71000021511,71000021513,0,0,1,0,0,0,3.5,17045,15010,1.0000295336164438,0.9999704663835562
middle,71000022631,71000022679,48,71000022679,71000022689,71000022697,1,1,1,1,71000022637,71000022641,71000022649,71000022633,71000022635,71000022637,0,0,0,0,0,0,3.5,17045,15010,1.0000295336164438,0.9999704663835562
middle,71000022720,71000022749,29,71000022749,71000022839,71000022853,1,1,1,1,71000022721,71000022727,71000022733,71000022721,71000022723,71000022725,0,0,0,0,0,0,3.5,17045,15010,1.0000295336164438,0.9999704663835562
middle,71000022875,71000022901,26,71000022901,71000022917,71000022953,1,1,1,1,71000022881,71000022883,71000022887,71000022877,71000022879,71000022881,0,0,0,0,0,0,3.5,17045,15010,1.0000295336164438,0.9999704663835562
middle,71000022963,71000023043,80,71000023043,71000023093,71000023109,1,1,1,1,71000022967,71000022971,71000022979,71000022965,71000022967,71000022969,0,0,0,0,0,0,3.5,17045,15010,1.0000295336164438,0.9999704663835562
middle,71000023037,71000023043,6,71000023043,71000023093,71000023109,1,1,1,1,71000023043,71000023049,71000023051,71000023039,71000023041,71000023043,1,1,1,0,0,1,3.5,17045,15010,1.0000295336164438,0.9999704663835562
middle,71000023123,71000023151,28,71000023151,71000023153,71000023163,1,1,1,1,71000023139,71000023141,71000023147,71000023125,71000023127,71000023129,0,0,0,0,0,0,3.5,17045,15010,1.0000295336164438,0.9999704663835562
middle,71000023195,71000023243,48,71000023243,71000023247,71000023267,1,1,1,1,71000023207,71000023217,71000023219,71000023197,71000023199,71000023201,0,0,0,0,0,0,3.5,17045,15010,1.0000295336164438,0.9999704663835562
middle,71000023759,71000023763,4,71000023763,71000023793,71000023799,1,1,1,1,71000023763,71000023769,71000023771,71000023761,71000023763,71000023765,1,1,1,0,1,1,3.5,17045,15010,1.0000295336164438,0.9999704663835562
middle,71000025128,71000025167,39,71000025167,71000025169,71000025193,1,1,1,1,71000025133,71000025137,71000025143,71000025129,71000025131,71000025133,0,0,0,0,0,0,3.5,17045,15010,1.0000295336164438,0.9999704663835562
middle,71000025179,71000025193,14,71000025193,71000025197,71000025203,1,1,1,1,71000025181,71000025193,71000025197,71000025181,71000025183,71000025185,0,1,1,0,0,0,3.5,17045,15010,1.0000295336164438,0.9999704663835562
middle,71000025323,71000025401,78,71000025401,71000025461,71000025487,1,1,1,1,71000025331,71000025337,71000025347,71000025325,71000025327,71000025329,0,0,0,0,0,0,3.5,17045,15010,1.0000295336164438,0.9999704663835562
middle,71000025405,71000025461,56,71000025461,71000025487,71000025511,1,1,1,1,71000025407,71000025409,71000025413,71000025407,71000025409,71000025411,0,0,0,0,0,0,3.5,17045,15010,1.0000295336164438,0.9999704663835562
middle,71000025700,71000025703,3,71000025703,71000025749,71000025791,1,1,1,1,71000025703,71000025709,71000025713,71000025701,71000025703,71000025705,1,1,1,0,1,1,3.5,17045,15010,1.0000295336164438,0.9999704663835562
middle,71000025954,71000026079,125,71000026079,71000026099,71000026103,1,1,1,1,71000025959,71000025961,71000025977,71000025955,71000025957,71000025959,0,0,0,0,0,0,3.5,17045,15010,1.0000295336164438,0.9999704663835562
middle,71000026016,71000026079,63,71000026079,71000026099,71000026103,1,1,1,1,71000026021,71000026033,71000026037,71000026017,71000026019,71000026021,0,0,0,0,0,0,3.5,17045,15010,1.0000295336164438,0.9999704663835562
middle,71000026152,71000026187,35,71000026187,71000026231,71000026259,1,1,1,1,71000026169,71000026171,71000026183,71000026153,71000026155,71000026157,0,0,0,0,0,0,3.5,17045,15010,1.0000295336164438,0.9999704663835562
middle,71000026551,71000026577,26,71000026577,71000026631,71000026639,1,1,1,1,71000026553,71000026561,71000026577,71000026553,71000026555,71000026557,0,0,1,0,0,0,3.5,17045,15010,1.0000295336164438,0.9999704663835562
middle,71000026655,71000026667,12,71000026667,71000026739,71000026751,1,1,1,1,71000026661,71000026667,71000026673,71000026657,71000026659,71000026661,0,1,1,0,0,0,3.5,17045,15010,1.0000295336164438,0.9999704663835562
middle,71000026955,71000026963,8,71000026963,71000027023,71000027027,1,1,1,1,71000026957,71000026961,71000026963,71000026957,71000026959,71000026961,0,0,1,0,0,0,3.5,17045,15010,1.0000295336164438,0.9999704663835562
middle,71000027264,71000027323,59,71000027323,71000027327,71000027333,1,1,1,1,71000027269,71000027291,71000027297,71000027265,71000027267,71000027269,0,0,0,0,0,0,3.5,17045,15010,1.0000295336164438,0.9999704663835562
middle,71000027468,71000027479,11,71000027479,71000027489,71000027597,1,1,1,1,71000027471,71000027473,71000027477,71000027469,71000027471,71000027473,0,0,0,0,0,0,3.5,17045,15010,1.0000295336164438,0.9999704663835562
middle,71000027956,71000028007,51,71000028007,71000028013,71000028061,1,1,1,1,71000027957,71000027971,71000027977,71000027957,71000027959,71000027961,0,0,0,0,0,0,3.5,17045,15010,1.0000295336164438,0.9999704663835562
middle,71000028042,71000028061,19,71000028061,71000028067,71000028101,1,1,1,1,71000028049,71000028053,71000028059,71000028043,71000028045,71000028047,0,0,0,0,0,0,3.5,17045,15010,1.0000295336164438,0.9999704663835562
middle,71000028116,71000028133,17,71000028133,71000028161,71000028163,1,1,1,1,71000028119,71000028133,71000028137,71000028117,71000028119,71000028121,0,1,1,0,0,0,3.5,17045,15010,1.0000295336164438,0.9999704663835562
middle,71000028181,71000028193,12,71000028193,71000028217,71000028223,1,1,1,1,71000028193,71000028217,71000028221,71000028183,71000028185,71000028187,1,1,1,0,0,0,3.5,17045,15010,1.0000295336164438,0.9999704663835562
middle,71000029447,71000029487,40,71000029487,71000029493,71000029501,1,1,1,1,71000029453,71000029459,71000029481,71000029449,71000029451,71000029453,0,0,0,0,0,0,3.5,17045,15010,1.0000295336164438,0.9999704663835562
middle,71000029456,71000029487,31,71000029487,71000029493,71000029501,1,1,1,1,71000029459,71000029481,71000029487,71000029457,71000029459,71000029461,0,0,1,0,0,0,3.5,17045,15010,1.0000295336164438,0.9999704663835562
middle,71000029623,71000029631,8,71000029631,71000029643,71000029649,1,1,1,1,71000029631,71000029637,71000029643,71000029625,71000029627,71000029629,1,1,1,0,0,0,3.5,17045,15010,1.0000295336164438,0.9999704663835562
middle,71000029862,71000029943,81,71000029943,71000029949,71000029981,1,1,1,1,71000029871,71000029873,71000029879,71000029863,71000029865,71000029867,0,0,0,0,0,0,3.5,17045,15010,1.0000295336164438,0.9999704663835562
middle,71000030089,71000030111,22,71000030111,71000030147,71000030177,1,1,1,1,71000030093,71000030099,71000030107,71000030091,71000030093,71000030095,0,0,0,0,0,0,3.5,17045,15010,1.0000295336164438,0.9999704663835562
middle,71000030243,71000030249,6,71000030249,71000030263,71000030279,1,1,1,1,71000030249,71000030261,71000030263,71000030245,71000030247,71000030249,1,1,1,0,0,1,3.5,17045,15010,1.0000295336164438,0.9999704663835562
middle,71000030276,71000030279,3,71000030279,71000030287,71000030333,1,1,1,1,71000030279,71000030287,71000030291,71000030277,71000030279,71000030281,1,1,1,0,1,1,3.5,17045,15010,1.0000295336164438,0.9999704663835562
middle,71000030452,71000030483,31,71000030483,71000030503,71000030531,1,1,1,1,71000030459,71000030461,71000030467,71000030453,71000030455,71000030457,0,0,0,0,0,0,3.5,17045,15010,1.0000295336164438,0.9999704663835562
middle,71000030637,71000030641,4,71000030641,71000030653,71000030671,1,1,1,1,71000030639,71000030641,71000030653,71000030639,71000030641,71000030643,0,1,1,0,1,1,3.5,17045,15010,1.0000295336164438,0.9999704663835562
middle,71000030733,71000030771,38,71000030771,71000030779,71000030789,1,1,1,1,71000030741,71000030743,71000030747,71000030735,71000030737,71000030739,0,0,0,0,0,0,3.5,17045,15010,1.0000295336164438,0.9999704663835562
middle,71000030992,71000031013,21,71000031013,71000031017,71000031019,1,1,1,1,71000030993,71000031001,71000031007,71000030993,71000030995,71000030997,0,0,0,0,0,0,3.5,17045,15010,1.0000295336164438,0.9999704663835562
middle,71000031155,71000031187,32,71000031187,71000031209,71000031233,1,1,1,1,71000031161,71000031163,71000031169,71000031157,71000031159,71000031161,0,0,0,0,0,0,3.5,17045,15010,1.0000295336164438,0.9999704663835562
middle,71000031236,71000031247,11,71000031247,71000031251,71000031257,1,1,1,1,71000031239,71000031241,71000031247,71000031237,71000031239,71000031241,0,0,1,0,0,0,3.5,17045,15010,1.0000295336164438,0.9999704663835562
middle,71000031241,71000031247,6,71000031247,71000031251,71000031257,1,1,1,1,71000031247,71000031251,71000031253,71000031243,71000031245,71000031247,1,1,1,0,0,1,3.5,17045,15010,1.0000295336164438,0.9999704663835562
middle,71000031450,71000031451,1,71000031451,71000031469,71000031491,1,1,1,1,71000031451,71000031457,71000031461,71000031451,71000031453,71000031455,1,1,1,1,1,1,3.5,17045,15010,1.0000295336164438,0.9999704663835562
middle,71000031466,71000031469,3,71000031469,71000031491,71000031503,1,1,1,1,71000031467,71000031469,71000031481,71000031467,71000031469,71000031471,0,1,1,0,1,1,3.5,17045,15010,1.0000295336164438,0.9999704663835562
middle,71000031757,71000031779,22,71000031779,71000031799,71000031829,1,1,1,1,71000031761,71000031779,71000031787,71000031759,71000031761,71000031763,0,1,1,0,0,0,3.5,17045,15010,1.0000295336164438,0.9999704663835562
middle,71000031833,71000031847,14,71000031847,71000031853,71000031881,1,1,1,1,71000031841,71000031847,71000031853,71000031835,71000031837,71000031839,0,1,1,0,0,0,3.5,17045,15010,1.0000295336164438,0.9999704663835562
middle,71000032253,71000032273,20,71000032273,71000032283,71000032309,1,1,1,1,71000032261,71000032267,71000032273,71000032255,71000032257,71000032259,0,0,1,0,0,0,3.5,17045,15010,1.0000295336164438,0.9999704663835562
middle,71000032315,71000032319,4,71000032319,71000032379,71000032393,1,1,1,1,71000032319,71000032331,71000032339,71000032317,71000032319,71000032321,1,1,1,0,1,1,3.5,17045,15010,1.0000295336164438,0.9999704663835562
middle,71000032361,71000032379,18,71000032379,71000032393,71000032399,1,1,1,1,71000032373,71000032379,71000032387,71000032363,71000032365,71000032367,0,1,1,0,0,0,3.5,17045,15010,1.0000295336164438,0.9999704663835562
middle,71000032589,71000032591,2,71000032591,71000032627,71000032657,1,1,1,1,71000032591,71000032601,71000032603,71000032591,71000032593,71000032595,1,1,1,1,1,1,3.5,17045,15010,1.0000295336164438,0.9999704663835562
middle,71000033010,71000033033,23,71000033033,71000033051,71000033063,1,1,1,1,71000033021,71000033023,71000033033,71000033011,71000033013,71000033015,0,0,1,0,0,0,3.5,17045,15010,1.0000295336164438,0.9999704663835562
middle,71000033367,71000033393,26,71000033383,71000033393,71000033399,2,0,1,1,71000033369,71000033371,71000033381,71000033369,71000033371,71000033373,0,0,0,0,0,0,3.5,17045,15010,1.0000295336164438,0.9999704663835562
middle,71000033388,71000033393,5,71000033393,71000033399,71000033411,1,1,1,1,71000033389,71000033393,71000033399,71000033389,71000033391,71000033393,0,1,1,0,0,1,3.5,17045,15010,1.0000295336164438,0.9999704663835562
middle,71000033631,71000033669,38,71000033669,71000033693,71000033723,1,1,1,1,71000033633,71000033641,71000033647,71000033633,71000033635,71000033637,0,0,0,0,0,0,3.5,17045,15010,1.0000295336164438,0.9999704663835562
middle,71000034632,71000034647,15,71000034647,71000034649,71000034733,1,1,1,1,71000034641,71000034643,71000034647,71000034633,71000034635,71000034637,0,0,1,0,0,0,3.5,17045,15010,1.0000295336164438,0.9999704663835562
middle,71000035051,71000035123,72,71000035109,71000035123,71000035159,2,0,1,1,71000035061,71000035063,71000035079,71000035053,71000035055,71000035057,0,0,0,0,0,0,3.5,17045,15010,1.0000295336164438,0.9999704663835562
middle,71000035069,71000035123,54,71000035109,71000035123,71000035159,2,0,1,1,71000035079,71000035087,71000035091,71000035071,71000035073,71000035075,0,0,0,0,0,0,3.5,17045,15010,1.0000295336164438,0.9999704663835562
middle,71000035177,71000035181,4,71000035181,71000035229,71000035241,1,1,1,1,71000035181,71000035187,71000035189,71000035179,71000035181,71000035183,1,1,1,0,1,1,3.5,17045,15010,1.0000295336164438,0.9999704663835562
middle,71000035291,71000035307,16,71000035307,71000035363,71000035369,1,1,1,1,71000035303,71000035307,71000035313,71000035293,71000035295,71000035297,0,1,1,0,0,0,3.5,17045,15010,1.0000295336164438,0.9999704663835562
middle,71000036818,71000036827,9,71000036827,71000036843,71000036851,1,1,1,1,71000036819,71000036827,71000036831,71000036819,71000036821,71000036823,0,1,1,0,0,0,3.5,17045,15010,1.0000295336164438,0.9999704663835562
middle,71000037177,71000037181,4,71000037181,71000037221,71000037281,1,1,1,1,71000037179,71000037181,71000037187,71000037179,71000037181,71000037183,0,1,1,0,1,1,3.5,17045,15010,1.0000295336164438,0.9999704663835562
middle,71000037232,71000037281,49,71000037281,71000037341,71000037343,1,1,1,1,71000037233,71000037239,71000037247,71000037233,71000037235,71000037237,0,0,0,0,0,0,3.5,17045,15010,1.0000295336164438,0.9999704663835562
middle,71000037415,71000037439,24,71000037439,71000037457,71000037461,1,1,1,1,71000037419,71000037421,71000037431,71000037417,71000037419,71000037421,0,0,0,0,0,0,3.5,17045,15010,1.0000295336164438,0.9999704663835562
middle,71000037437,71000037439,2,71000037439,71000037457,71000037461,1,1,1,1,71000037439,71000037443,71000037457,71000037439,71000037441,71000037443,1,1,1,1,1,1,3.5,17045,15010,1.0000295336164438,0.9999704663835562
middle,71000037837,71000037859,22,71000037859,71000037883,71000037929,1,1,1,1,71000037839,71000037847,71000037851,71000037839,71000037841,71000037843,0,0,0,0,0,0,3.5,17045,15010,1.0000295336164438,0.9999704663835562
middle,71000038152,71000038157,5,71000038157,71000038159,71000038171,1,1,1,1,71000038157,71000038159,71000038169,71000038153,71000038155,71000038157,1,1,1,0,0,1,3.5,17045,15010,1.0000295336164438,0.9999704663835562
middle,71000038291,71000038321,30,71000038321,71000038339,71000038397,1,1,1,1,71000038303,71000038309,71000038313,71000038293,71000038295,71000038297,0,0,0,0,0,0,3.5,17045,15010,1.0000295336164438,0.9999704663835562
middle,71000038375,71000038397,22,71000038397,71000038453,71000038463,1,1,1,1,71000038379,71000038381,71000038387,71000038377,71000038379,71000038381,0,0,0,0,0,0,3.5,17045,15010,1.0000295336164438,0.9999704663835562
middle,71000038385,71000038397,12,71000038397,71000038453,71000038463,1,1,1,1,71000038387,71000038391,71000038397,71000038387,71000038389,71000038391,0,0,1,0,0,0,3.5,17045,15010,1.0000295336164438,0.9999704663835562
middle,71000038567,71000038573,6,71000038573,71000038583,71000038621,1,1,1,1,71000038573,71000038579,71000038583,71000038569,71000038571,71000038573,1,1,1,0,0,1,3.5,17045,15010,1.0000295336164438,0.9999704663835562
middle,71000038686,71000038691,5,71000038691,71000038709,71000038777,1,1,1,1,71000038687,71000038691,71000038693,71000038687,71000038689,71000038691,0,1,1,0,0,1,3.5,17045,15010,1.0000295336164438,0.9999704663835562
middle,71000038868,71000038897,29,71000038897,71000038903,71000038937,1,1,1,1,71000038871,71000038873,71000038877,71000038869,71000038871,71000038873,0,0,0,0,0,0,3.5,17045,15010,1.0000295336164438,0.9999704663835562
middle,71000039087,71000039093,6,71000039093,71000039101,71000039107,1,1,1,1,71000039093,71000039101,71000039107,71000039089,71000039091,71000039093,1,1,1,0,0,1,3.5,17045,15010,1.0000295336164438,0.9999704663835562
middle,71000039197,71000039213,16,71000039213,71000039261,71000039281,1,1,1,1,71000039203,71000039207,71000039213,71000039199,71000039201,71000039203,0,0,1,0,0,0,3.5,17045,15010,1.0000295336164438,0.9999704663835562
middle,71000039383,71000039399,16,71000039399,71000039417,71000039471,1,1,1,1,71000039387,71000039389,71000039393,71000039385,71000039387,71000039389,0,0,0,0,0,0,3.5,17045,15010,1.0000295336164438,0.9999704663835562
middle,71000039567,71000039581,14,71000039581,71000039597,71000039683,1,1,1,1,71000039569,71000039573,71000039581,71000039569,71000039571,71000039573,0,0,1,0,0,0,3.5,17045,15010,1.0000295336164438,0.9999704663835562
middle,71000040128,71000040131,3,71000040131,71000040143,71000040271,1,1,1,1,71000040131,71000040143,71000040149,71000040129,71000040131,71000040133,1,1,1,0,1,1,3.5,17045,15010,1.0000295336164438,0.9999704663835562
middle,71000040183,71000040271,88,71000040271,71000040277,71000040281,1,1,1,1,71000040191,71000040193,71000040197,71000040185,71000040187,71000040189,0,0,0,0,0,0,3.5,17045,15010,1.0000295336164438,0.9999704663835562
middle,71000040260,71000040271,11,71000040271,71000040277,71000040281,1,1,1,1,71000040263,71000040271,71000040277,71000040261,71000040263,71000040265,0,1,1,0,0,0,3.5,17045,15010,1.0000295336164438,0.9999704663835562
middle,71000040515,71000040533,18,71000040533,71000040539,71000040547,1,1,1,1,71000040521,71000040523,71000040533,71000040517,71000040519,71000040521,0,0,1,0,0,0,3.5,17045,15010,1.0000295336164438,0.9999704663835562
middle,71000040732,71000040817,85,71000040817,71000040821,71000040841,1,1,1,1,71000040733,71000040737,71000040751,71000040733,71000040735,71000040737,0,0,0,0,0,0,3.5,17045,15010,1.0000295336164438,0.9999704663835562
middle,71000041621,71000041627,6,71000041627,71000041639,71000041657,1,1,1,1,71000041627,71000041631,71000041633,71000041623,71000041625,71000041627,1,1,1,0,0,1,3.5,17045,15010,1.0000295336164438,0.9999704663835562
middle,71000041705,71000041753,48,71000041753,71000041759,71000041859,1,1,1,1,71000041709,71000041711,71000041727,71000041707,71000041709,71000041711,0,0,0,0,0,0,3.5,17045,15010,1.0000295336164438,0.9999704663835562
middle,71000041898,71000041927,29,71000041927,71000041939,71000041963,1,1,1,1,71000041907,71000041913,71000041919,71000041899,71000041901,71000041903,0,0,0,0,0,0,3.5,17045,15010,1.0000295336164438,0.9999704663835562
middle,71000042365,71000042369,4,71000042369,71000042383,71000042389,1,1,1,1,71000042369,71000042371,71000042381,71000042367,71000042369,71000042371,1,1,1,0,1,1,3.5,17045,15010,1.0000295336164438,0.9999704663835562
middle,71000042647,71000042653,6,71000042653,71000042699,71000042723,1,1,1,1,71000042651,71000042653,71000042677,71000042649,71000042651,71000042653,0,1,1,0,0,1,3.5,17045,15010,1.0000295336164438,0.9999704663835562
middle,71000042899,71000042957,58,71000042957,71000043007,71000043031,1,1,1,1,71000042903,71000042909,71000042917,71000042901,71000042903,71000042905,0,0,0,0,0,0,3.5,17045,15010,1.0000295336164438,0.9999704663835562
middle,71000042962,71000043007,45,71000043007,71000043031,71000043041,1,1,1,1,71000042963,71000042969,71000042977,71000042963,71000042965,71000042967,0,0,0,0,0,0,3.5,17045,15010,1.0000295336164438,0.9999704663835562
middle,71000043157,71000043161,4,71000043161,71000043203,71000043229,1,1,1,1,71000043161,71000043167,71000043173,71000043159,71000043161,71000043163,1,1,1,0,1,1,3.5,17045,15010,1.0000295336164438,0.9999704663835562
middle,71000044288,71000044369,81,71000044369,71000044391,71000044393,1,1,1,1,71000044289,71000044301,71000044307,71000044289,71000044291,71000044293,0,0,0,0,0,0,3.5,17045,15010,1.0000295336164438,0.9999704663835562
middle,71000044370,71000044391,21,71000044391,71000044393,71000044399,1,1,1,1,71000044387,71000044391,71000044393,71000044371,71000044373,71000044375,0,1,1,0,0,0,3.5,17045,15010,1.0000295336164438,0.9999704663835562
middle,71000044428,71000044433,5,71000044433,71000044469,71000044481,1,1,1,1,71000044429,71000044433,71000044439,71000044429,71000044431,71000044433,0,1,1,0,0,1,3.5,17045,15010,1.0000295336164438,0.9999704663835562
middle,71000044673,71000044691,18,71000044691,71000044693,71000044711,1,1,1,1,71000044679,71000044681,71000044691,71000044675,71000044677,71000044679,0,0,1,0,0,0,3.5,17045,15010,1.0000295336164438,0.9999704663835562
middle,71000044681,71000044691,10,71000044691,71000044693,71000044711,1,1,1,1,71000044691,71000044693,71000044697,71000044683,71000044685,71000044687,1,1,1,0,0,0,3.5,17045,15010,1.0000295336164438,0.9999704663835562
middle,71000044795,71000044849,54,71000044799,71000044849,71000044867,2,0,1,1,71000044799,71000044807,71000044811,71000044797,71000044799,71000044801,0,0,0,0,0,0,3.5,17045,15010,1.0000295336164438,0.9999704663835562
middle,71000044926,71000044937,11,71000044937,71000044979,71000044993,1,1,1,1,71000044931,71000044933,71000044937,71000044927,71000044929,71000044931,0,0,1,0,0,0,3.5,17045,15010,1.0000295336164438,0.9999704663835562
middle,71000044940,71000044979,39,71000044979,71000044993,71000045057,1,1,1,1,71000044943,71000044957,71000044963,71000044941,71000044943,71000044945,0,0,0,0,0,0,3.5,17045,15010,1.0000295336164438,0.9999704663835562
middle,71000045020,71000045057,37,71000045057,71000045113,71000045161,1,1,1,1,71000045021,71000045023,71000045027,71000045021,71000045023,71000045025,0,0,0,0,0,0,3.5,17045,15010,1.0000295336164438,0.9999704663835562
middle,71000045382,71000045401,19,71000045401,71000045411,71000045429,1,1,1,1,71000045387,71000045393,71000045399,71000045383,71000045385,71000045387,0,0,0,0,0,0,3.5,17045,15010,1.0000295336164438,0.9999704663835562
middle,71000046010,71000046017,7,71000046017,71000046037,71000046059,1,1,1,1,71000046011,71000046017,71000046023,71000046011,71000046013,71000046015,0,1,1,0,0,0,3.5,17045,15010,1.0000295336164438,0.9999704663835562
middle,71000046315,71000046323,8,71000046323,71000046329,71000046347,1,1,1,1,71000046319,71000046323,71000046329,71000046317,71000046319,71000046321,0,1,1,0,0,0,3.5,17045,15010,1.0000295336164438,0.9999704663835562
middle,71000046426,71000046437,11,71000046437,71000046451,71000046479,1,1,1,1,71000046433,71000046437,71000046449,71000046427,71000046429,71000046431,0,1,1,0,0,0,3.5,17045,15010,1.0000295336164438,0.9999704663835562
middle,71000046684,71000046701,17,71000046701,71000046731,71000046743,1,1,1,1,71000046701,71000046703,71000046707,71000046685,71000046687,71000046689,1,1,1,0,0,0,3.5,17045,15010,1.0000295336164438,0.9999704663835562
middle,71000046776,71000046863,87,71000046863,71000046881,71000046889,1,1,1,1,71000046779,71000046781,71000046787,71000046777,71000046779,71000046781,0,0,0,0,0,0,3.5,17045,15010,1.0000295336164438,0.9999704663835562
middle,71000048247,71000048363,116,71000048363,71000048393,71000048401,1,1,1,1,71000048257,71000048261,71000048263,71000048249,71000048251,71000048253,0,0,0,0,0,0,3.5,17045,15010,1.0000295336164438,0.9999704663835562
middle,71000048294,71000048363,69,71000048363,71000048393,71000048401,1,1,1,1,71000048297,71000048299,71000048303,71000048295,71000048297,71000048299,0,0,0,0,0,0,3.5,17045,15010,1.0000295336164438,0.9999704663835562
middle,71000048479,71000048491,12,71000048491,71000048501,71000048503,1,1,1,1,71000048489,71000048491,71000048501,71000048481,71000048483,71000048485,0,1,1,0,0,0,3.5,17045,15010,1.0000295336164438,0.9999704663835562
middle,71000048525,71000048579,54,71000048533,71000048579,71000048593,2,0,1,1,71000048527,71000048533,71000048543,71000048527,71000048529,71000048531,0,0,0,0,0,0,3.5,17045,15010,1.0000295336164438,0.9999704663835562
middle,71000048656,71000048671,15,71000048671,71000048731,71000048741,1,1,1,1,71000048657,71000048659,71000048663,71000048657,71000048659,71000048661,0,0,0,0,0,0,3.5,17045,15010,1.0000295336164438,0.9999704663835562
middle,71000049139,71000049161,22,71000049161,71000049179,71000049181,1,1,1,1,71000049149,71000049151,71000049161,71000049141,71000049143,71000049145,0,0,1,0,0,0,3.5,17045,15010,1.0000295336164438,0.9999704663835562
middle,71000049251,71000049277,26,71000049277,71000049299,71000049317,1,1,1,1,71000049257,71000049259,71000049271,71000049253,71000049255,71000049257,0,0,0,0,0,0,3.5,17045,15010,1.0000295336164438,0.9999704663835562
middle,71000049388,71000049503,115,71000049503,71000049511,71000049577,1,1,1,1,71000049389,71000049391,71000049397,71000049389,71000049391,71000049393,0,0,0,0,0,0,3.5,17045,15010,1.0000295336164438,0.9999704663835562
middle,71000049395,71000049503,108,71000049503,71000049511,71000049577,1,1,1,1,71000049397,71000049401,71000049403,71000049397,71000049399,71000049401,0,0,0,0,0,0,3.5,17045,15010,1.0000295336164438,0.9999704663835562
middle,71000049453,71000049503,50,71000049503,71000049511,71000049577,1,1,1,1,71000049457,71000049467,71000049469,71000049455,71000049457,71000049459,0,0,0,0,0,0,3.5,17045,15010,1.0000295336164438,0.9999704663835562
middle,71000049898,71000049937,39,71000049917,71000049937,71000049941,2,0,1,1,71000049899,71000049917,71000049919,71000049899,71000049901,71000049903,0,0,0,0,0,0,3.5,17045,15010,1.0000295336164438,0.9999704663835562
middle,71000049899,71000049937,38,71000049917,71000049937,71000049941,2,0,1,1,71000049917,71000049919,71000049929,71000049901,71000049903,71000049905,0,0,0,0,0,0,3.5,17045,15010,1.0000295336164438,0.9999704663835562
middle,71000050090,71000050157,67,71000050133,71000050157,71000050207,2,0,1,1,71000050091,71000050097,71000050103,71000050091,71000050093,71000050095,0,0,0,0,0,0,3.5,17045,15010,1.0000295336164438,0.9999704663835562
middle,71000050741,71000050757,16,71000050757,71000050783,71000050787,1,1,1,1,71000050747,71000050753,71000050757,71000050743,71000050745,71000050747,0,0,1,0,0,0,3.5,17045,15010,1.0000295336164438,0.9999704663835562
middle,71000051059,71000051069,10,71000051069,71000051107,71000051141,1,1,1,1,71000051063,71000051069,71000051071,71000051061,71000051063,71000051065,0,1,1,0,0,0,3.5,17045,15010,1.0000295336164438,0.9999704663835562
middle,71000051162,71000051203,41,71000051203,71000051261,71000051263,1,1,1,1,71000051167,71000051173,71000051179,71000051163,71000051165,71000051167,0,0,0,0,0,0,3.5,17045,15010,1.0000295336164438,0.9999704663835562
middle,71000051699,71000051741,42,71000051741,71000051747,71000051767,1,1,1,1,71000051701,71000051711,71000051719,71000051701,71000051703,71000051705,0,0,0,0,0,0,3.5,17045,15010,1.0000295336164438,0.9999704663835562
middle,71000051979,71000051989,10,71000051989,71000052001,71000052007,1,1,1,1,71000051981,71000051987,71000051989,71000051981,71000051983,71000051985,0,0,1,0,0,0,3.5,17045,15010,1.0000295336164438,0.9999704663835562
middle,71000052187,71000052251,64,71000052251,71000052259,71000052349,1,1,1,1,71000052191,71000052197,71000052199,71000052189,71000052191,71000052193,0,0,0,0,0,0,3.5,17045,15010,1.0000295336164438,0.9999704663835562
middle,71000052473,71000052479,6,71000052479,71000052481,71000052499,1,1,1,1,71000052479,71000052481,71000052491,71000052475,71000052477,71000052479,1,1,1,0,0,1,3.5,17045,15010,1.0000295336164438,0.9999704663835562
middle,71000052955,71000053001,46,71000053001,71000053013,71000053049,1,1,1,1,71000052961,71000052971,71000052973,71000052957,71000052959,71000052961,0,0,0,0,0,0,3.5,17045,15010,1.0000295336164438,0.9999704663835562
middle,71000052972,71000053001,29,71000053001,71000053013,71000053049,1,1,1,1,71000052973,71000052979,71000052983,71000052973,71000052975,71000052977,0,0,0,0,0,0,3.5,17045,15010,1.0000295336164438,0.9999704663835562
middle,71000053291,71000053301,10,71000053301,71000053339,71000053373,1,1,1,1,71000053301,71000053303,71000053307,71000053293,71000053295,71000053297,1,1,1,0,0,0,3.5,17045,15010,1.0000295336164438,0.9999704663835562
middle,71000053771,71000053781,10,71000053781,71000053829,71000053843,1,1,1,1,71000053777,71000053781,71000053783,71000053773,71000053775,71000053777,0,1,1,0,0,0,3.5,17045,15010,1.0000295336164438,0.9999704663835562
middle,71000054301,71000054317,16,71000054317,71000054327,71000054339,1,1,1,1,71000054303,71000054317,71000054327,71000054303,71000054305,71000054307,0,1,1,0,0,0,3.5,17045,15010,1.0000295336164438,0.9999704663835562
middle,71000054705,71000054711,6,71000054711,71000054737,71000054743,1,1,1,1,71000054707,71000054711,71000054717,71000054707,71000054709,71000054711,0,1,1,0,0,1,3.5,17045,15010,1.0000295336164438,0.9999704663835562
middle,71000056266,71000056277,11,71000056277,71000056291,71000056313,1,1,1,1,71000056271,71000056277,71000056279,71000056267,71000056269,71000056271,0,1,1,0,0,0,3.5,17045,15010,1.0000295336164438,0.9999704663835562
middle,71000056388,71000056409,21,71000056409,71000056451,71000056483,1,1,1,1,71000056397,71000056399,71000056409,71000056389,71000056391,71000056393,0,0,1,0,0,0,3.5,17045,15010,1.0000295336164438,0.9999704663835562
middle,71000056958,71000056979,21,71000056979,71000057027,71000057053,1,1,1,1,71000056961,71000056969,71000056973,71000056959,71000056961,71000056963,0,0,0,0,0,0,3.5,17045,15010,1.0000295336164438,0.9999704663835562
middle,71000057058,71000057087,29,71000057081,71000057087,71000057119,2,0,1,1,71000057059,71000057077,71000057081,71000057059,71000057061,71000057063,0,0,0,0,0,0,3.5,17045,15010,1.0000295336164438,0.9999704663835562
middle,71000057175,71000057197,22,71000057197,71000057221,71000057239,1,1,1,1,71000057179,71000057189,71000057197,71000057177,71000057179,71000057181,0,0,1,0,0,0,3.5,17045,15010,1.0000295336164438,0.9999704663835562
middle,71000057388,71000057407,19,71000057407,71000057411,71000057459,1,1,1,1,71000057393,71000057399,71000057407,71000057389,71000057391,71000057393,0,0,1,0,0,0,3.5,17045,15010,1.0000295336164438,0.9999704663835562
middle,71000057711,71000057729,18,71000057729,71000057767,71000057839,1,1,1,1,71000057719,71000057729,71000057731,71000057713,71000057715,71000057717,0,1,1,0,0,0,3.5,17045,15010,1.0000295336164438,0.9999704663835562
middle,71000057948,71000057963,15,71000057963,71000058079,71000058083,1,1,1,1,71000057951,71000057957,71000057959,71000057949,71000057951,71000057953,0,0,0,0,0,0,3.5,17045,15010,1.0000295336164438,0.9999704663835562
middle,71000057955,71000057963,8,71000057963,71000058079,71000058083,1,1,1,1,71000057957,71000057959,71000057963,71000057957,71000057959,71000057961,0,0,1,0,0,0,3.5,17045,15010,1.0000295336164438,0.9999704663835562
middle,71000058155,71000058161,6,71000058161,71000058163,71000058179,1,1,1,1,71000058161,71000058163,71000058167,71000058157,71000058159,71000058161,1,1,1,0,0,1,3.5,17045,15010,1.0000295336164438,0.9999704663835562
middle,71000058409,71000058419,10,71000058419,71000058457,71000058497,1,1,1,1,71000058413,71000058419,71000058421,71000058411,71000058413,71000058415,0,1,1,0,0,0,3.5,17045,15010,1.0000295336164438,0.9999704663835562
middle,71000058628,71000058631,3,71000058631,71000058641,71000058643,1,1,1,1,71000058631,71000058637,71000058641,71000058629,71000058631,71000058633,1,1,1,0,1,1,3.5,17045,15010,1.0000295336164438,0.9999704663835562
middle,71000058720,71000058733,13,71000058733,71000058749,71000058769,1,1,1,1,71000058721,71000058733,71000058737,71000058721,71000058723,71000058725,0,1,1,0,0,0,3.5,17045,15010,1.0000295336164438,0.9999704663835562
middle,71000059121,71000059211,90,71000059127,71000059211,71000059213,2,0,1,1,71000059127,71000059133,71000059147,71000059123,71000059125,71000059127,0,0,0,0,0,0,3.5,17045,15010,1.0000295336164438,0.9999704663835562
middle,71000059274,71000059279,5,71000059279,71000059321,71000059331,1,1,1,1,71000059279,71000059283,71000059289,71000059275,71000059277,71000059279,1,1,1,0,0,1,3.5,17045,15010,1.0000295336164438,0.9999704663835562
middle,71000059300,71000059321,21,71000059321,71000059331,71000059349,1,1,1,1,71000059301,71000059307,71000059321,71000059301,71000059303,71000059305,0,0,1,0,0,0,3.5,17045,15010,1.0000295336164438,0.9999704663835562
middle,71000059696,71000059723,27,71000059723,71000059727,71000059729,1,1,1,1,71000059699,71000059703,71000059721,71000059697,71000059699,71000059701,0,0,0,0,0,0,3.5,17045,15010,1.0000295336164438,0.9999704663835562
middle,71000059951,71000060011,60,71000060011,71000060029,71000060039,1,1,1,1,71000059957,71000059961,71000059969,71000059953,71000059955,71000059957,0,0,0,0,0,0,3.5,17045,15010,1.0000295336164438,0.9999704663835562
middle,71000060014,71000060029,15,71000060029,71000060039,71000060069,1,1,1,1,71000060017,71000060029,71000060039,71000060015,71000060017,71000060019,0,1,1,0,0,0,3.5,17045,15010,1.0000295336164438,0.9999704663835562
middle,71000060545,71000060587,42,71000060587,71000060629,71000060633,1,1,1,1,71000060557,71000060561,71000060563,71000060547,71000060549,71000060551,0,0,0,0,0,0,3.5,17045,15010,1.0000295336164438,0.9999704663835562
middle,71000061071,71000061091,20,71000061091,71000061103,71000061107,1,1,1,1,71000061073,71000061079,71000061089,71000061073,71000061075,71000061077,0,0,0,0,0,0,3.5,17045,15010,1.0000295336164438,0.9999704663835562
middle,71000061147,71000061149,2,71000061149,71000061151,71000061157,1,1,1,1,71000061149,71000061151,71000061157,71000061149,71000061151,71000061153,1,1,1,1,1,1,3.5,17045,15010,1.0000295336164438,0.9999704663835562
middle,71000061341,71000061343,2,71000061343,71000061359,71000061397,1,1,1,1,71000061343,71000061359,71000061361,71000061343,71000061345,71000061347,1,1,1,1,1,1,3.5,17045,15010,1.0000295336164438,0.9999704663835562
middle,71000061815,71000061817,2,71000061817,71000061823,71000061863,1,1,1,1,71000061817,71000061823,71000061827,71000061817,71000061819,71000061821,1,1,1,1,1,1,3.5,17045,15010,1.0000295336164438,0.9999704663835562
middle,71000062525,71000062541,16,71000062541,71000062547,71000062561,1,1,1,1,71000062531,71000062537,71000062541,71000062527,71000062529,71000062531,0,0,1,0,0,0,3.5,17045,15010,1.0000295336164438,0.9999704663835562
middle,71000063206,71000063207,1,71000063207,71000063231,71000063317,1,1,1,1,71000063207,71000063209,71000063213,71000063207,71000063209,71000063211,1,1,1,1,1,1,3.5,17045,15010,1.0000295336164438,0.9999704663835562
middle,71000063342,71000063377,35,71000063377,71000063401,71000063419,1,1,1,1,71000063347,71000063353,71000063357,71000063343,71000063345,71000063347,0,0,0,0,0,0,3.5,17045,15010,1.0000295336164438,0.9999704663835562
middle,71000064745,71000064757,12,71000064757,71000064791,71000064809,1,1,1,1,71000064757,71000064761,71000064763,71000064747,71000064749,71000064751,1,1,1,0,0,0,3.5,17045,15010,1.0000295336164438,0.9999704663835562
middle,71000065234,71000065273,39,71000065273,71000065313,71000065319,1,1,1,1,71000065237,71000065243,71000065247,71000065235,71000065237,71000065239,0,0,0,0,0,0,3.5,17045,15010,1.0000295336164438,0.9999704663835562
middle,71000065539,71000065573,34,71000065573,71000065601,71000065603,1,1,1,1,71000065541,71000065547,71000065553,71000065541,71000065543,71000065545,0,0,0,0,0,0,3.5,17045,15010,1.0000295336164438,0.9999704663835562
middle,71000065691,71000065699,8,71000065699,71000065729,71000065739,1,1,1,1,71000065693,71000065699,71000065709,71000065693,71000065695,71000065697,0,1,1,0,0,0,3.5,17045,15010,1.0000295336164438,0.9999704663835562
middle,71000066361,71000066363,2,71000066363,71000066383,71000066387,1,1,1,1,71000066363,71000066369,71000066377,71000066363,71000066365,71000066367,1,1,1,1,1,1,3.5,17045,15010,1.0000295336164438,0.9999704663835562
middle,71000066917,71000066923,6,71000066923,71000066927,71000066939,1,1,1,1,71000066923,71000066927,71000066933,71000066919,71000066921,71000066923,1,1,1,0,0,1,3.5,17045,15010,1.0000295336164438,0.9999704663835562
middle,71000067383,71000067409,26,71000067409,71000067431,71000067487,1,1,1,1,71000067389,71000067403,71000067409,71000067385,71000067387,71000067389,0,0,1,0,0,0,3.5,17045,15010,1.0000295336164438,0.9999704663835562
middle,71000067436,71000067487,51,71000067487,71000067493,71000067533,1,1,1,1,71000067443,71000067449,71000067451,71000067437,71000067439,71000067441,0,0,0,0,0,0,3.5,17045,15010,1.0000295336164438,0.9999704663835562
middle,71000067454,71000067487,33,71000067487,71000067493,71000067533,1,1,1,1,71000067461,71000067473,71000067487,71000067455,71000067457,71000067459,0,0,1,0,0,0,3.5,17045,15010,1.0000295336164438,0.9999704663835562
middle,71000067556,71000067563,7,71000067563,71000067569,71000067577,1,1,1,1,71000067563,71000067569,71000067577,71000067557,71000067559,71000067561,1,1,1,0,0,0,3.5,17045,15010,1.0000295336164438,0.9999704663835562
middle,71000067672,71000067689,17,71000067689,71000067703,71000067727,1,1,1,1,71000067679,71000067683,71000067689,71000067673,71000067675,71000067677,0,0,1,0,0,0,3.5,17045,15010,1.0000295336164438,0.9999704663835562
middle,71000067781,71000067791,10,71000067791,71000067799,71000067857,1,1,1,1,71000067791,71000067793,71000067797,71000067783,71000067785,71000067787,1,1,1,0,0,0,3.5,17045,15010,1.0000295336164438,0.9999704663835562
middle,71000068033,71000068043,10,71000068043,71000068049,71000068067,1,1,1,1,71000068037,71000068039,71000068043,71000068035,71000068037,71000068039,0,0,1,0,0,0,3.5,17045,15010,1.0000295336164438,0.9999704663835562
middle,71000068348,71000068361,13,71000068361,71000068417,71000068427,1,1,1,1,71000068361,71000068367,71000068369,71000068349,71000068351,71000068353,1,1,1,0,0,0,3.5,17045,15010,1.0000295336164438,0.9999704663835562
middle,71000068445,71000068481,36,71000068481,71000068499,71000068511,1,1,1,1,71000068453,71000068457,71000068459,71000068447,71000068449,71000068451,0,0,0,0,0,0,3.5,17045,15010,1.0000295336164438,0.9999704663835562
middle,71000068668,71000068681,13,71000068681,71000068697,71000068729,1,1,1,1,71000068669,71000068673,71000068679,71000068669,71000068671,71000068673,0,0,0,0,0,0,3.5,17045,15010,1.0000295336164438,0.9999704663835562
middle,71000068705,71000068729,24,71000068729,71000068801,71000068817,1,1,1,1,71000068709,71000068717,71000068721,71000068707,71000068709,71000068711,0,0,0,0,0,0,3.5,17045,15010,1.0000295336164438,0.9999704663835562
middle,71000069035,71000069057,22,71000069057,71000069111,71000069137,1,1,1,1,71000069039,71000069051,71000069053,71000069037,71000069039,71000069041,0,0,0,0,0,0,3.5,17045,15010,1.0000295336164438,0.9999704663835562
middle,71000069263,71000069299,36,71000069281,71000069299,71000069323,2,0,1,1,71000069267,71000069281,71000069291,71000069265,71000069267,71000069269,0,0,0,0,0,0,3.5,17045,15010,1.0000295336164438,0.9999704663835562
middle,71000070089,71000070109,20,71000070109,71000070137,71000070139,1,1,1,1,71000070101,71000070103,71000070107,71000070091,71000070093,71000070095,0,0,0,0,0,0,3.5,17045,15010,1.0000295336164438,0.9999704663835562
middle,71000071236,71000071267,31,71000071267,71000071271,71000071291,1,1,1,1,71000071249,71000071253,71000071267,71000071237,71000071239,71000071241,0,0,1,0,0,0,3.5,17045,15010,1.0000295336164438,0.9999704663835562
middle,71000072037,71000072041,4,71000072041,71000072069,71000072113,1,1,1,1,71000072041,71000072047,71000072051,71000072039,71000072041,71000072043,1,1,1,0,1,1,3.5,17045,15010,1.0000295336164438,0.9999704663835562
middle,71000072155,71000072177,22,71000072177,71000072183,71000072201,1,1,1,1,71000072159,71000072167,71000072173,71000072157,71000072159,71000072161,0,0,0,0,0,0,3.5,17045,15010,1.0000295336164438,0.9999704663835562
middle,71000072229,71000072261,32,71000072261,71000072279,71000072369,1,1,1,1,71000072239,71000072243,71000072251,71000072231,71000072233,71000072235,0,0,0,0,0,0,3.5,17045,15010,1.0000295336164438,0.9999704663835562
middle,71000072289,71000072369,80,71000072369,71000072401,71000072419,1,1,1,1,71000072291,71000072293,71000072303,71000072291,71000072293,71000072295,0,0,0,0,0,0,3.5,17045,15010,1.0000295336164438,0.9999704663835562
middle,71000072386,71000072401,15,71000072401,71000072419,71000072431,1,1,1,1,71000072389,71000072393,71000072401,71000072387,71000072389,71000072391,0,0,1,0,0,0,3.5,17045,15010,1.0000295336164438,0.9999704663835562
middle,71000072548,71000072581,33,71000072581,71000072587,71000072593,1,1,1,1,71000072551,71000072557,71000072567,71000072549,71000072551,71000072553,0,0,0,0,0,0,3.5,17045,15010,1.0000295336164438,0.9999704663835562
middle,71000072783,71000072827,44,71000072827,71000072833,71000072837,1,1,1,1,71000072789,71000072791,71000072797,71000072785,71000072787,71000072789,0,0,0,0,0,0,3.5,17045,15010,1.0000295336164438,0.9999704663835562
middle,71000073072,71000073097,25,71000073097,71000073143,71000073163,1,1,1,1,71000073073,71000073083,71000073091,71000073073,71000073075,71000073077,0,0,0,0,0,0,3.5,17045,15010,1.0000295336164438,0.9999704663835562
middle,71000073080,71000073097,17,71000073097,71000073143,71000073163,1,1,1,1,71000073083,71000073091,71000073097,71000073081,71000073083,71000073085,0,0,1,0,0,0,3.5,17045,15010,1.0000295336164438,0.9999704663835562
middle,71000073447,71000073451,4,71000073451,71000073493,71000073509,1,1,1,1,71000073451,71000073457,71000073461,71000073449,71000073451,71000073453,1,1,1,0,1,1,3.5,17045,15010,1.0000295336164438,0.9999704663835562
middle,71000073513,71000073593,80,71000073593,71000073619,71000073659,1,1,1,1,71000073517,71000073523,71000073527,71000073515,71000073517,71000073519,0,0,0,0,0,0,3.5,17045,15010,1.0000295336164438,0.9999704663835562
middle,71000073855,71000073863,8,71000073863,71000073869,71000073877,1,1,1,1,71000073857,71000073863,71000073869,71000073857,71000073859,71000073861,0,1,1,0,0,0,3.5,17045,15010,1.0000295336164438,0.9999704663835562
middle,71000073901,71000073917,16,71000073917,71000073923,71000073931,1,1,1,1,71000073913,71000073917,71000073923,71000073903,71000073905,71000073907,0,1,1,0,0,0,3.5,17045,15010,1.0000295336164438,0.9999704663835562
middle,71000074193,71000074283,90,71000074237,71000074283,71000074427,2,0,1,1,71000074199,71000074207,71000074213,71000074195,71000074197,71000074199,0,0,0,0,0,0,3.5,17045,15010,1.0000295336164438,0.9999704663835562
middle,71000074262,71000074283,21,71000074283,71000074427,71000074429,1,1,1,1,71000074279,71000074283,71000074289,71000074263,71000074265,71000074267,0,1,1,0,0,0,3.5,17045,15010,1.0000295336164438,0.9999704663835562
middle,71000074451,71000074469,18,71000074469,71000074471,71000074493,1,1,1,1,71000074459,71000074463,71000074469,71000074453,71000074455,71000074457,0,0,1,0,0,0,3.5,17045,15010,1.0000295336164438,0.9999704663835562
middle,71000074797,71000074799,2,71000074799,71000074801,71000074811,1,1,1,1,71000074799,71000074801,71000074807,71000074799,71000074801,71000074803,1,1,1,1,1,1,3.5,17045,15010,1.0000295336164438,0.9999704663835562
middle,71000074865,71000074879,14,71000074879,71000074913,71000074927,1,1,1,1,71000074867,71000074877,71000074879,71000074867,71000074869,71000074871,0,0,1,0,0,0,3.5,17045,15010,1.0000295336164438,0.9999704663835562
middle,71000075240,71000075291,51,71000075291,71000075299,71000075327,1,1,1,1,71000075243,71000075249,71000075257,71000075241,71000075243,71000075245,0,0,0,0,0,0,3.5,17045,15010,1.0000295336164438,0.9999704663835562
middle,71000075980,71000075999,19,71000075999,71000076019,71000076031,1,1,1,1,71000075981,71000075983,71000075987,71000075981,71000075983,71000075985,0,0,0,0,0,0,3.5,17045,15010,1.0000295336164438,0.9999704663835562
middle,71000076099,71000076157,58,71000076157,71000076179,71000076233,1,1,1,1,71000076101,71000076107,71000076127,71000076101,71000076103,71000076105,0,0,0,0,0,0,3.5,17045,15010,1.0000295336164438,0.9999704663835562
middle,71000076676,71000076689,13,71000076689,71000076701,71000076709,1,1,1,1,71000076677,71000076689,71000076691,71000076677,71000076679,71000076681,0,1,1,0,0,0,3.5,17045,15010,1.0000295336164438,0.9999704663835562
middle,71000076694,71000076701,7,71000076701,71000076709,71000076727,1,1,1,1,71000076701,71000076709,71000076713,71000076695,71000076697,71000076699,1,1,1,0,0,0,3.5,17045,15010,1.0000295336164438,0.9999704663835562
middle,71000076946,71000076949,3,71000076949,71000076997,71000077013,1,1,1,1,71000076947,71000076949,71000076967,71000076947,71000076949,71000076951,0,1,1,0,1,1,3.5,17045,15010,1.0000295336164438,0.9999704663835562
middle,71000077092,71000077117,25,71000077117,71000077147,71000077163,1,1,1,1,71000077103,71000077111,71000077117,71000077093,71000077095,71000077097,0,0,1,0,0,0,3.5,17045,15010,1.0000295336164438,0.9999704663835562
middle,71000077422,71000077427,5,71000077427,71000077429,71000077441,1,1,1,1,71000077427,71000077429,71000077433,71000077423,71000077425,71000077427,1,1,1,0,0,1,3.5,17045,15010,1.0000295336164438,0.9999704663835562
middle,71000077509,71000077513,4,71000077513,71000077529,71000077549,1,1,1,1,71000077513,71000077517,71000077523,71000077511,71000077513,71000077515,1,1,1,0,1,1,3.5,17045,15010,1.0000295336164438,0.9999704663835562
middle,71000078710,71000078767,57,71000078719,71000078767,71000078771,2,0,1,1,71000078711,71000078713,71000078717,71000078711,71000078713,71000078715,0,0,0,0,0,0,3.5,17045,15010,1.0000295336164438,0.9999704663835562
middle,71000078715,71000078767,52,71000078719,71000078767,71000078771,2,0,1,1,71000078717,71000078719,71000078729,71000078717,71000078719,71000078721,0,0,0,0,0,0,3.5,17045,15010,1.0000295336164438,0.9999704663835562
middle,71000078806,71000078857,51,71000078857,71000078861,71000078909,1,1,1,1,71000078813,71000078819,71000078833,71000078807,71000078809,71000078811,0,0,0,0,0,0,3.5,17045,15010,1.0000295336164438,0.9999704663835562
middle,71000078935,71000078951,16,71000078951,71000078987,71000079067,1,1,1,1,71000078939,71000078951,71000078953,71000078937,71000078939,71000078941,0,1,1,0,0,0,3.5,17045,15010,1.0000295336164438,0.9999704663835562
middle,71000079506,71000079509,3,71000079509,71000079541,71000079547,1,1,1,1,71000079509,71000079511,71000079523,71000079507,71000079509,71000079511,1,1,1,0,1,1,3.5,17045,15010,1.0000295336164438,0.9999704663835562
middle,71000079573,71000079589,16,71000079589,71000079599,71000079613,1,1,1,1,71000079581,71000079583,71000079587,71000079575,71000079577,71000079579,0,0,0,0,0,0,3.5,17045,15010,1.0000295336164438,0.9999704663835562
middle,71000079637,71000079677,40,71000079677,71000079721,71000079739,1,1,1,1,71000079649,71000079653,71000079659,71000079639,71000079641,71000079643,0,0,0,0,0,0,3.5,17045,15010,1.0000295336164438,0.9999704663835562
middle,71000079680,71000079721,41,71000079721,71000079739,71000079749,1,1,1,1,71000079691,71000079697,71000079707,71000079681,71000079683,71000079685,0,0,0,0,0,0,3.5,17045,15010,1.0000295336164438,0.9999704663835562
middle,71000080108,71000080169,61,71000080169,71000080189,71000080237,1,1,1,1,71000080111,71000080121,71000080127,71000080109,71000080111,71000080113,0,0,0,0,0,0,3.5,17045,15010,1.0000295336164438,0.9999704663835562
middle,71000080571,71000080573,2,71000080573,71000080577,71000080579,1,1,1,1,71000080573,71000080577,71000080579,71000080573,71000080575,71000080577,1,1,1,1,1,1,3.5,17045,15010,1.0000295336164438,0.9999704663835562
middle,71000080602,71000080607,5,71000080607,71000080651,71000080687,1,1,1,1,71000080603,71000080607,71000080609,71000080603,71000080605,71000080607,0,1,1,0,0,1,3.5,17045,15010,1.0000295336164438,0.9999704663835562
middle,71000080817,71000080871,54,71000080871,71000080883,71000080891,1,1,1,1,71000080819,71000080829,71000080841,71000080819,71000080821,71000080823,0,0,0,0,0,0,3.5,17045,15010,1.0000295336164438,0.9999704663835562
middle,71000081050,71000081057,7,71000081057,71000081071,71000081077,1,1,1,1,71000081051,71000081057,71000081059,71000081051,71000081053,71000081055,0,1,1,0,0,0,3.5,17045,15010,1.0000295336164438,0.9999704663835562
middle,71000081057,71000081071,14,71000081071,71000081077,71000081083,1,1,1,1,71000081059,71000081063,71000081071,71000081059,71000081061,71000081063,0,0,1,0,0,0,3.5,17045,15010,1.0000295336164438,0.9999704663835562
middle,71000081186,71000081233,47,71000081233,71000081263,71000081279,1,1,1,1,71000081189,71000081197,71000081203,71000081187,71000081189,71000081191,0,0,0,0,0,0,3.5,17045,15010,1.0000295336164438,0.9999704663835562
middle,71000081190,71000081233,43,71000081233,71000081263,71000081279,1,1,1,1,71000081197,71000081203,71000081209,71000081191,71000081193,71000081195,0,0,0,0,0,0,3.5,17045,15010,1.0000295336164438,0.9999704663835562
middle,71000081344,71000081359,15,71000081359,71000081371,71000081407,1,1,1,1,71000081351,71000081359,71000081363,71000081345,71000081347,71000081349,0,1,1,0,0,0,3.5,17045,15010,1.0000295336164438,0.9999704663835562
middle,71000081477,71000081497,20,71000081497,71000081533,71000081557,1,1,1,1,71000081479,71000081483,71000081489,71000081479,71000081481,71000081483,0,0,0,0,0,0,3.5,17045,15010,1.0000295336164438,0.9999704663835562
middle,71000081523,71000081533,10,71000081533,71000081557,71000081597,1,1,1,1,71000081527,71000081531,71000081533,71000081525,71000081527,71000081529,0,0,1,0,0,0,3.5,17045,15010,1.0000295336164438,0.9999704663835562
middle,71000081525,71000081533,8,71000081533,71000081557,71000081597,1,1,1,1,71000081527,71000081531,71000081533,71000081527,71000081529,71000081531,0,0,1,0,0,0,3.5,17045,15010,1.0000295336164438,0.9999704663835562
middle,71000082356,71000082403,47,71000082403,71000082421,71000082481,1,1,1,1,71000082359,71000082367,71000082371,71000082357,71000082359,71000082361,0,0,0,0,0,0,3.5,17045,15010,1.0000295336164438,0.9999704663835562
middle,71000082965,71000083027,62,71000083027,71000083039,71000083069,1,1,1,1,71000082971,71000082977,71000082983,71000082967,71000082969,71000082971,0,0,0,0,0,0,3.5,17045,15010,1.0000295336164438,0.9999704663835562
middle,71000083438,71000083439,1,71000083439,71000083457,71000083477,1,1,1,1,71000083439,71000083447,71000083457,71000083439,71000083441,71000083443,1,1,1,1,1,1,3.5,17045,15010,1.0000295336164438,0.9999704663835562
middle,71000083718,71000083733,15,71000083733,71000083753,71000083757,1,1,1,1,71000083723,71000083727,71000083729,71000083719,71000083721,71000083723,0,0,0,0,0,0,3.5,17045,15010,1.0000295336164438,0.9999704663835562
middle,71000084073,71000084119,46,71000084119,71000084131,71000084143,1,1,1,1,71000084081,71000084083,71000084087,71000084075,71000084077,71000084079,0,0,0,0,0,0,3.5,17045,15010,1.0000295336164438,0.9999704663835562
middle,71000084491,71000084521,30,71000084521,71000084563,71000084599,1,1,1,1,71000084497,71000084501,71000084509,71000084493,71000084495,71000084497,0,0,0,0,0,0,3.5,17045,15010,1.0000295336164438,0.9999704663835562
middle,71000084546,71000084563,17,71000084563,71000084599,71000084609,1,1,1,1,71000084549,71000084557,71000084563,71000084547,71000084549,71000084551,0,0,1,0,0,0,3.5,17045,15010,1.0000295336164438,0.9999704663835562
middle,71000084785,71000084833,48,71000084833,71000084873,71000084891,1,1,1,1,71000084789,71000084791,71000084797,71000084787,71000084789,71000084791,0,0,0,0,0,0,3.5,17045,15010,1.0000295336164438,0.9999704663835562
middle,71000085381,71000085427,46,71000085427,71000085433,71000085437,1,1,1,1,71000085383,71000085389,71000085391,71000085383,71000085385,71000085387,0,0,0,0,0,0,3.5,17045,15010,1.0000295336164438,0.9999704663835562
middle,71000085685,71000085713,28,71000085713,71000085731,71000085733,1,1,1,1,71000085691,71000085697,71000085701,71000085687,71000085689,71000085691,0,0,0,0,0,0,3.5,17045,15010,1.0000295336164438,0.9999704663835562
middle,71000085964,71000086007,43,71000086007,71000086021,71000086039,1,1,1,1,71000085967,71000085971,71000085973,71000085965,71000085967,71000085969,0,0,0,0,0,0,3.5,17045,15010,1.0000295336164438,0.9999704663835562
middle,71000086447,71000086459,12,71000086459,71000086477,71000086489,1,1,1,1,71000086453,71000086457,71000086459,71000086449,71000086451,71000086453,0,0,1,0,0,0,3.5,17045,15010,1.0000295336164438,0.9999704663835562
middle,71000086728,71000086733,5,71000086733,71000086771,71000086777,1,1,1,1,71000086733,71000086741,71000086753,71000086729,71000086731,71000086733,1,1,1,0,0,1,3.5,17045,15010,1.0000295336164438,0.9999704663835562
middle,71000087027,71000087047,20,71000087047,71000087063,71000087071,1,1,1,1,71000087029,71000087033,71000087047,71000087029,71000087031,71000087033,0,0,1,0,0,0,3.5,17045,15010,1.0000295336164438,0.9999704663835562
middle,71000087054,71000087063,9,71000087063,71000087071,71000087083,1,1,1,1,71000087057,71000087063,71000087069,71000087055,71000087057,71000087059,0,1,1,0,0,0,3.5,17045,15010,1.0000295336164438,0.9999704663835562
middle,71000087191,71000087293,102,71000087293,71000087299,71000087339,1,1,1,1,71000087203,71000087209,71000087219,71000087193,71000087195,71000087197,0,0,0,0,0,0,3.5,17045,15010,1.0000295336164438,0.9999704663835562
middle,71000087214,71000087293,79,71000087293,71000087299,71000087339,1,1,1,1,71000087219,71000087227,71000087231,71000087215,71000087217,71000087219,0,0,0,0,0,0,3.5,17045,15010,1.0000295336164438,0.9999704663835562
middle,71000087307,71000087339,32,71000087339,71000087351,71000087419,1,1,1,1,71000087309,71000087311,71000087321,71000087309,71000087311,71000087313,0,0,0,0,0,0,3.5,17045,15010,1.0000295336164438,0.9999704663835562
middle,71000087407,71000087419,12,71000087419,71000087437,71000087449,1,1,1,1,71000087413,71000087419,71000087423,71000087409,71000087411,71000087413,0,1,1,0,0,0,3.5,17045,15010,1.0000295336164438,0.9999704663835562
middle,71000088402,71000088437,35,71000088437,71000088449,71000088479,1,1,1,1,71000088403,71000088407,71000088409,71000088403,71000088405,71000088407,0,0,0,0,0,0,3.5,17045,15010,1.0000295336164438,0.9999704663835562
middle,71000088427,71000088437,10,71000088437,71000088449,71000088479,1,1,1,1,71000088431,71000088433,71000088437,71000088429,71000088431,71000088433,0,0,1,0,0,0,3.5,17045,15010,1.0000295336164438,0.9999704663835562
middle,71000088504,71000088517,13,71000088517,71000088521,71000088527,1,1,1,1,71000088517,71000088521,71000088527,71000088505,71000088507,71000088509,1,1,1,0,0,0,3.5,17045,15010,1.0000295336164438,0.9999704663835562
middle,71000088987,71000088989,2,71000088989,71000089003,71000089063,1,1,1,1,71000088989,71000088997,71000089001,71000088989,71000088991,71000088993,1,1,1,1,1,1,3.5,17045,15010,1.0000295336164438,0.9999704663835562
middle,71000089797,71000089801,4,71000089801,71000089817,71000089859,1,1,1,1,71000089799,71000089801,71000089813,71000089799,71000089801,71000089803,0,1,1,0,1,1,3.5,17045,15010,1.0000295336164438,0.9999704663835562
middle,71000090403,71000090437,34,71000090437,71000090461,71000090489,1,1,1,1,71000090407,71000090411,71000090417,71000090405,71000090407,71000090409,0,0,0,0,0,0,3.5,17045,15010,1.0000295336164438,0.9999704663835562
middle,71000090638,71000090639,1,71000090639,71000090671,71000090723,1,1,1,1,71000090639,71000090641,71000090647,71000090639,71000090641,71000090643,1,1,1,1,1,1,3.5,17045,15010,1.0000295336164438,0.9999704663835562
middle,71000090671,71000090723,52,71000090723,71000090729,71000090737,1,1,1,1,71000090677,71000090683,71000090687,71000090673,71000090675,71000090677,0,0,0,0,0,0,3.5,17045,15010,1.0000295336164438,0.9999704663835562
middle,71000090712,71000090723,11,71000090723,71000090729,71000090737,1,1,1,1,71000090713,71000090717,71000090719,71000090713,71000090715,71000090717,0,0,0,0,0,0,3.5,17045,15010,1.0000295336164438,0.9999704663835562
middle,71000090962,71000091011,49,71000091011,71000091013,71000091053,1,1,1,1,71000090969,71000090977,71000090981,71000090963,71000090965,71000090967,0,0,0,0,0,0,3.5,17045,15010,1.0000295336164438,0.9999704663835562
middle,71000091468,71000091511,43,71000091511,71000091571,71000091587,1,1,1,1,71000091469,71000091479,71000091497,71000091469,71000091471,71000091473,0,0,0,0,0,0,3.5,17045,15010,1.0000295336164438,0.9999704663835562
middle,71000092912,71000092951,39,71000092951,71000092963,71000093023,1,1,1,1,71000092913,71000092921,71000092927,71000092913,71000092915,71000092917,0,0,0,0,0,0,3.5,17045,15010,1.0000295336164438,0.9999704663835562
middle,71000093193,71000093261,68,71000093239,71000093261,71000093279,2,0,1,1,71000093201,71000093221,71000093231,71000093195,71000093197,71000093199,0,0,0,0,0,0,3.5,17045,15010,1.0000295336164438,0.9999704663835562
middle,71000093218,71000093261,43,71000093239,71000093261,71000093279,2,0,1,1,71000093221,71000093231,71000093237,71000093219,71000093221,71000093223,0,0,0,0,0,0,3.5,17045,15010,1.0000295336164438,0.9999704663835562
middle,71000093223,71000093261,38,71000093239,71000093261,71000093279,2,0,1,1,71000093231,71000093237,71000093239,71000093225,71000093227,71000093229,0,0,0,0,0,0,3.5,17045,15010,1.0000295336164438,0.9999704663835562
middle,71000093227,71000093261,34,71000093239,71000093261,71000093279,2,0,1,1,71000093231,71000093237,71000093239,71000093229,71000093231,71000093233,0,0,0,0,0,0,3.5,17045,15010,1.0000295336164438,0.9999704663835562
middle,71000093471,71000093503,32,71000093503,71000093537,71000093543,1,1,1,1,71000093473,71000093477,71000093491,71000093473,71000093475,71000093477,0,0,0,0,0,0,3.5,17045,15010,1.0000295336164438,0.9999704663835562
middle,71000093873,71000093917,44,71000093917,71000093951,71000093963,1,1,1,1,71000093881,71000093891,71000093897,71000093875,71000093877,71000093879,0,0,0,0,0,0,3.5,17045,15010,1.0000295336164438,0.9999704663835562
middle,71000093883,71000093917,34,71000093917,71000093951,71000093963,1,1,1,1,71000093891,71000093897,71000093903,71000093885,71000093887,71000093889,0,0,0,0,0,0,3.5,17045,15010,1.0000295336164438,0.9999704663835562
middle,71000094152,71000094169,17,71000094169,71000094173,71000094203,1,1,1,1,71000094157,71000094163,71000094167,71000094153,71000094155,71000094157,0,0,0,0,0,0,3.5,17045,15010,1.0000295336164438,0.9999704663835562
middle,71000094175,71000094203,28,71000094203,71000094229,71000094257,1,1,1,1,71000094181,71000094199,71000094203,71000094177,71000094179,71000094181,0,0,1,0,0,0,3.5,17045,15010,1.0000295336164438,0.9999704663835562
middle,71000095103,71000095121,18,71000095121,71000095123,71000095151,1,1,1,1,71000095121,71000095123,71000095129,71000095105,71000095107,71000095109,1,1,1,0,0,0,3.5,17045,15010,1.0000295336164438,0.9999704663835562
middle,71000095177,71000095183,6,71000095183,71000095217,71000095219,1,1,1,1,71000095181,71000095183,71000095189,71000095179,71000095181,71000095183,0,1,1,0,0,1,3.5,17045,15010,1.0000295336164438,0.9999704663835562
middle,71000095442,71000095547,105,71000095547,71000095561,71000095597,1,1,1,1,71000095447,71000095457,71000095459,71000095443,71000095445,71000095447,0,0,0,0,0,0,3.5,17045,15010,1.0000295336164438,0.9999704663835562
middle,71000095712,71000095721,9,71000095721,71000095763,71000095787,1,1,1,1,71000095721,71000095729,71000095739,71000095713,71000095715,71000095717,1,1,1,0,0,0,3.5,17045,15010,1.0000295336164438,0.9999704663835562
middle,71000096317,71000096339,22,71000096339,71000096383,71000096389,1,1,1,1,71000096327,71000096329,71000096333,71000096319,71000096321,71000096323,0,0,0,0,0,0,3.5,17045,15010,1.0000295336164438,0.9999704663835562
middle,71000096472,71000096473,1,71000096473,71000096507,71000096527,1,1,1,1,71000096473,71000096483,71000096501,71000096473,71000096475,71000096477,1,1,1,1,1,1,3.5,17045,15010,1.0000295336164438,0.9999704663835562
middle,71000096480,71000096507,27,71000096507,71000096527,71000096533,1,1,1,1,71000096483,71000096501,71000096507,71000096481,71000096483,71000096485,0,0,1,0,0,0,3.5,17045,15010,1.0000295336164438,0.9999704663835562
middle,71000096537,71000096543,6,71000096543,71000096569,71000096581,1,1,1,1,71000096543,71000096549,71000096551,71000096539,71000096541,71000096543,1,1,1,0,0,1,3.5,17045,15010,1.0000295336164438,0.9999704663835562
middle,71000097143,71000097221,78,71000097221,71000097269,71000097317,1,1,1,1,71000097149,71000097163,71000097167,71000097145,71000097147,71000097149,0,0,0,0,0,0,3.5,17045,15010,1.0000295336164438,0.9999704663835562
middle,71000097811,71000097827,16,71000097827,71000097841,71000097853,1,1,1,1,71000097821,71000097823,71000097827,71000097813,71000097815,71000097817,0,0,1,0,0,0,3.5,17045,15010,1.0000295336164438,0.9999704663835562
middle,71000098186,71000098199,13,71000098199,71000098217,71000098223,1,1,1,1,71000098189,71000098199,71000098201,71000098187,71000098189,71000098191,0,1,1,0,0,0,3.5,17045,15010,1.0000295336164438,0.9999704663835562
middle,71000098437,71000098451,14,71000098451,71000098457,71000098513,1,1,1,1,71000098439,71000098441,71000098447,71000098439,71000098441,71000098443,0,0,0,0,0,0,3.5,17045,15010,1.0000295336164438,0.9999704663835562
middle,71000098625,71000098639,14,71000098639,71000098651,71000098667,1,1,1,1,71000098633,71000098639,71000098649,71000098627,71000098629,71000098631,0,1,1,0,0,0,3.5,17045,15010,1.0000295336164438,0.9999704663835562
middle,71000098759,71000098877,118,71000098877,71000098937,71000098979,1,1,1,1,71000098769,71000098777,71000098781,71000098761,71000098763,71000098765,0,0,0,0,0,0,3.5,17045,15010,1.0000295336164438,0.9999704663835562
middle,71000099001,71000099011,10,71000099011,71000099017,71000099029,1,1,1,1,71000099003,71000099011,71000099017,71000099003,71000099005,71000099007,0,1,1,0,0,0,3.5,17045,15010,1.0000295336164438,0.9999704663835562
middle,71000099340,71000099341,1,71000099341,71000099347,71000099353,1,1,1,1,71000099341,71000099347,71000099351,71000099341,71000099343,71000099345,1,1,1,1,1,1,3.5,17045,15010,1.0000295336164438,0.9999704663835562
middle,71000099374,71000099383,9,71000099383,71000099393,71000099407,1,1,1,1,71000099377,71000099383,71000099393,71000099375,71000099377,71000099379,0,1,1,0,0,0,3.5,17045,15010,1.0000295336164438,0.9999704663835562
middle,71000099784,71000099809,25,71000099809,71000099869,71000099879,1,1,1,1,71000099789,71000099791,71000099801,71000099785,71000099787,71000099789,0,0,0,0,0,0,3.5,17045,15010,1.0000295336164438,0.9999704663835562
middle,71000100034,71000100089,55,71000100047,71000100089,71000100091,2,0,1,1,71000100037,71000100043,71000100047,71000100035,71000100037,71000100039,0,0,0,0,0,0,3.5,17045,15010,1.0000295336164438,0.9999704663835562
middle,71000100740,71000100751,11,71000100751,71000100757,71000100767,1,1,1,1,71000100749,71000100751,71000100757,71000100741,71000100743,71000100745,0,1,1,0,0,0,3.5,17045,15010,1.0000295336164438,0.9999704663835562
middle,71000101144,71000101147,3,71000101147,71000101181,71000101217,1,1,1,1,71000101147,71000101153,71000101157,71000101145,71000101147,71000101149,1,1,1,0,1,1,3.5,17045,15010,1.0000295336164438,0.9999704663835562
middle,71000101192,71000101217,25,71000101217,71000101223,71000101243,1,1,1,1,71000101199,71000101201,71000101213,71000101193,71000101195,71000101197,0,0,0,0,0,0,3.5,17045,15010,1.0000295336164438,0.9999704663835562
middle,71000101680,71000101687,7,71000101687,71000101729,71000101747,1,1,1,1,71000101681,71000101687,71000101691,71000101681,71000101683,71000101685,0,1,1,0,0,0,3.5,17045,15010,1.0000295336164438,0.9999704663835562
middle,71000101708,71000101729,21,71000101729,71000101747,71000101801,1,1,1,1,71000101709,71000101717,71000101723,71000101709,71000101711,71000101713,0,0,0,0,0,0,3.5,17045,15010,1.0000295336164438,0.9999704663835562
middle,71000101901,71000101943,42,71000101943,71000102003,71000102021,1,1,1,1,71000101903,71000101927,71000101937,71000101903,71000101905,71000101907,0,0,0,0,0,0,3.5,17045,15010,1.0000295336164438,0.9999704663835562
middle,71000102183,71000102189,6,71000102189,71000102191,71000102233,1,1,1,1,71000102189,71000102191,71000102197,71000102185,71000102187,71000102189,1,1,1,0,0,1,3.5,17045,15010,1.0000295336164438,0.9999704663835562
middle,71000102859,71000102867,8,71000102867,71000102881,71000102903,1,1,1,1,71000102867,71000102869,71000102879,71000102861,71000102863,71000102865,1,1,1,0,0,0,3.5,17045,15010,1.0000295336164438,0.9999704663835562
middle,71000103308,71000103313,5,71000103313,71000103329,71000103331,1,1,1,1,71000103311,71000103313,71000103319,71000103309,71000103311,71000103313,0,1,1,0,0,1,3.5,17045,15010,1.0000295336164438,0.9999704663835562
middle,71000103426,71000103457,31,71000103457,71000103463,71000103487,1,1,1,1,71000103439,71000103443,71000103451,71000103427,71000103429,71000103431,0,0,0,0,0,0,3.5,17045,15010,1.0000295336164438,0.9999704663835562
middle,71000103464,71000103487,23,71000103487,71000103497,71000103527,1,1,1,1,71000103467,71000103479,71000103481,71000103465,71000103467,71000103469,0,0,0,0,0,0,3.5,17045,15010,1.0000295336164438,0.9999704663835562
middle,71000104190,71000104211,21,71000104211,71000104237,71000104297,1,1,1,1,71000104193,71000104199,71000104207,71000104191,71000104193,71000104195,0,0,0,0,0,0,3.5,17045,15010,1.0000295336164438,0.9999704663835562
middle,71000104673,71000104751,78,71000104751,71000104753,71000104759,1,1,1,1,71000104687,71000104691,71000104697,71000104675,71000104677,71000104679,0,0,0,0,0,0,3.5,17045,15010,1.0000295336164438,0.9999704663835562
middle,71000105247,71000105273,26,71000105273,71000105291,71000105321,1,1,1,1,71000105249,71000105251,71000105257,71000105249,71000105251,71000105253,0,0,0,0,0,0,3.5,17045,15010,1.0000295336164438,0.9999704663835562
middle,71000105274,71000105291,17,71000105291,71000105321,71000105357,1,1,1,1,71000105279,71000105287,71000105291,71000105275,71000105277,71000105279,0,0,1,0,0,0,3.5,17045,15010,1.0000295336164438,0.9999704663835562
middle,71000105301,71000105321,20,71000105321,71000105357,71000105381,1,1,1,1,71000105303,71000105317,71000105321,71000105303,71000105305,71000105307,0,0,1,0,0,0,3.5,17045,15010,1.0000295336164438,0.9999704663835562
middle,71000105544,71000105551,7,71000105551,71000105557,71000105569,1,1,1,1,71000105551,71000105557,71000105563,71000105545,71000105547,71000105549,1,1,1,0,0,0,3.5,17045,15010,1.0000295336164438,0.9999704663835562
middle,71000106384,71000106413,29,71000106391,71000106413,71000106421,2,0,1,1,71000106389,71000106391,71000106403,71000106385,71000106387,71000106389,0,0,0,0,0,0,3.5,17045,15010,1.0000295336164438,0.9999704663835562
middle,71000106458,71000106469,11,71000106469,71000106493,71000106497,1,1,1,1,71000106461,71000106469,71000106479,71000106459,71000106461,71000106463,0,1,1,0,0,0,3.5,17045,15010,1.0000295336164438,0.9999704663835562
middle,71000106675,71000106707,32,71000106707,71000106731,71000106733,1,1,1,1,71000106677,71000106679,71000106691,71000106677,71000106679,71000106681,0,0,0,0,0,0,3.5,17045,15010,1.0000295336164438,0.9999704663835562
middle,71000106713,71000106731,18,71000106731,71000106733,71000106763,1,1,1,1,71000106719,71000106721,71000106731,71000106715,71000106717,71000106719,0,0,1,0,0,0,3.5,17045,15010,1.0000295336164438,0.9999704663835562
middle,71000107231,71000107237,6,71000107237,71000107247,71000107261,1,1,1,1,71000107237,71000107247,71000107253,71000107233,71000107235,71000107237,1,1,1,0,0,1,3.5,17045,15010,1.0000295336164438,0.9999704663835562
middle,71000107249,71000107261,12,71000107261,71000107267,71000107319,1,1,1,1,71000107253,71000107259,71000107261,71000107251,71000107253,71000107255,0,0,1,0,0,0,3.5,17045,15010,1.0000295336164438,0.9999704663835562
middle,71000107256,71000107261,5,71000107261,71000107267,71000107319,1,1,1,1,71000107259,71000107261,71000107267,71000107257,71000107259,71000107261,0,1,1,0,0,1,3.5,17045,15010,1.0000295336164438,0.9999704663835562
middle,71000107395,71000107411,16,71000107411,71000107441,71000107463,1,1,1,1,71000107397,71000107403,71000107411,71000107397,71000107399,71000107401,0,0,1,0,0,0,3.5,17045,15010,1.0000295336164438,0.9999704663835562
middle,71000107564,71000107579,15,71000107579,71000107583,71000107601,1,1,1,1,71000107567,71000107571,71000107579,71000107565,71000107567,71000107569,0,0,1,0,0,0,3.5,17045,15010,1.0000295336164438,0.9999704663835562
middle,71000108418,71000108441,23,71000108441,71000108453,71000108467,1,1,1,1,71000108419,71000108423,71000108437,71000108419,71000108421,71000108423,0,0,0,0,0,0,3.5,17045,15010,1.0000295336164438,0.9999704663835562
middle,71000108512,71000108513,1,71000108513,71000108537,71000108563,1,1,1,1,71000108513,71000108519,71000108521,71000108513,71000108515,71000108517,1,1,1,1,1,1,3.5,17045,15010,1.0000295336164438,0.9999704663835562
middle,71000108541,71000108563,22,71000108563,71000108567,71000108579,1,1,1,1,71000108549,71000108551,71000108563,71000108543,71000108545,71000108547,0,0,1,0,0,0,3.5,17045,15010,1.0000295336164438,0.9999704663835562
middle,71000108915,71000108923,8,71000108923,71000109001,71000109029,1,1,1,1,71000108917,71000108923,71000108929,71000108917,71000108919,71000108921,0,1,1,0,0,0,3.5,17045,15010,1.0000295336164438,0.9999704663835562
middle,71000108959,71000109001,42,71000109001,71000109029,71000109031,1,1,1,1,71000108969,71000108981,71000108987,71000108961,71000108963,71000108965,0,0,0,0,0,0,3.5,17045,15010,1.0000295336164438,0.9999704663835562
middle,71000109515,71000109547,32,71000109547,71000109559,71000109571,1,1,1,1,71000109517,71000109529,71000109533,71000109517,71000109519,71000109521,0,0,0,0,0,0,3.5,17045,15010,1.0000295336164438,0.9999704663835562
middle,71000109753,71000109773,20,71000109773,71000109779,71000109781,1,1,1,1,71000109757,71000109767,71000109769,71000109755,71000109757,71000109759,0,0,0,0,0,0,3.5,17045,15010,1.0000295336164438,0.9999704663835562
middle,71000109977,71000109991,14,71000109991,71000110021,71000110057,1,1,1,1,71000109979,71000109989,71000109991,71000109979,71000109981,71000109983,0,0,1,0,0,0,3.5,17045,15010,1.0000295336164438,0.9999704663835562
middle,71000110042,71000110057,15,71000110057,71000110067,71000110151,1,1,1,1,71000110057,71000110063,71000110067,71000110043,71000110045,71000110047,1,1,1,0,0,0,3.5,17045,15010,1.0000295336164438,0.9999704663835562
middle,71000110127,71000110151,24,71000110151,71000110171,71000110193,1,1,1,1,71000110133,71000110141,71000110147,71000110129,71000110131,71000110133,0,0,0,0,0,0,3.5,17045,15010,1.0000295336164438,0.9999704663835562
middle,71000110299,71000110303,4,71000110303,71000110339,71000110367,1,1,1,1,71000110301,71000110303,71000110319,71000110301,71000110303,71000110305,0,1,1,0,1,1,3.5,17045,15010,1.0000295336164438,0.9999704663835562
middle,71000110306,71000110339,33,71000110339,71000110367,71000110373,1,1,1,1,71000110319,71000110327,71000110331,71000110307,71000110309,71000110311,0,0,0,0,0,0,3.5,17045,15010,1.0000295336164438,0.9999704663835562
middle,71000110433,71000110463,30,71000110463,71000110481,71000110487,1,1,1,1,71000110439,71000110451,71000110453,71000110435,71000110437,71000110439,0,0,0,0,0,0,3.5,17045,15010,1.0000295336164438,0.9999704663835562
middle,71000110563,71000110631,68,71000110631,71000110639,71000110669,1,1,1,1,71000110579,71000110583,71000110589,71000110565,71000110567,71000110569,0,0,0,0,0,0,3.5,17045,15010,1.0000295336164438,0.9999704663835562
middle,71000110582,71000110631,49,71000110631,71000110639,71000110669,1,1,1,1,71000110583,71000110589,71000110591,71000110583,71000110585,71000110587,0,0,0,0,0,0,3.5,17045,15010,1.0000295336164438,0.9999704663835562
middle,71000111091,71000111093,2,71000111093,71000111129,71000111153,1,1,1,1,71000111093,71000111099,71000111101,71000111093,71000111095,71000111097,1,1,1,1,1,1,3.5,17045,15010,1.0000295336164438,0.9999704663835562
middle,71000111780,71000111807,27,71000111807,71000111827,71000111869,1,1,1,1,71000111783,71000111789,71000111797,71000111781,71000111783,71000111785,0,0,0,0,0,0,3.5,17045,15010,1.0000295336164438,0.9999704663835562
middle,71000111816,71000111827,11,71000111827,71000111869,71000111933,1,1,1,1,71000111821,71000111827,71000111837,71000111817,71000111819,71000111821,0,1,1,0,0,0,3.5,17045,15010,1.0000295336164438,0.9999704663835562
middle,71000112124,71000112149,25,71000112149,71000112191,71000112263,1,1,1,1,71000112137,71000112143,71000112149,71000112125,71000112127,71000112129,0,0,1,0,0,0,3.5,17045,15010,1.0000295336164438,0.9999704663835562
middle,71000112513,71000112527,14,71000112527,71000112539,71000112581,1,1,1,1,71000112517,71000112523,71000112527,71000112515,71000112517,71000112519,0,0,1,0,0,0,3.5,17045,15010,1.0000295336164438,0.9999704663835562
middle,71000112811,71000112839,28,71000112839,71000112847,71000112857,1,1,1,1,71000112823,71000112829,71000112839,71000112813,71000112815,71000112817,0,0,1,0,0,0,3.5,17045,15010,1.0000295336164438,0.9999704663835562
middle,71000113237,71000113241,4,71000113241,71000113313,71000113363,1,1,1,1,71000113241,71000113253,71000113259,71000113239,71000113241,71000113243,1,1,1,0,1,1,3.5,17045,15010,1.0000295336164438,0.9999704663835562
middle,71000113374,71000113451,77,71000113391,71000113451,71000113487,2,0,1,1,71000113381,71000113391,71000113397,71000113375,71000113377,71000113379,0,0,0,0,0,0,3.5,17045,15010,1.0000295336164438,0.9999704663835562
middle,71000113760,71000113763,3,71000113763,71000113799,71000113829,1,1,1,1,71000113763,71000113771,71000113781,71000113761,71000113763,71000113765,1,1,1,0,1,1,3.5,17045,15010,1.0000295336164438,0.9999704663835562
middle,71000113974,71000113979,5,71000113979,71000114051,71000114069,1,1,1,1,71000113979,71000113991,71000113993,71000113975,71000113977,71000113979,1,1,1,0,0,1,3.5,17045,15010,1.0000295336164438,0.9999704663835562
middle,71000115046,71000115071,25,71000115047,71000115071,71000115101,2,0,1,1,71000115047,71000115049,71000115061,71000115047,71000115049,71000115051,0,0,0,0,0,0,3.5,17045,15010,1.0000295336164438,0.9999704663835562
middle,71000115175,71000115187,12,71000115187,71000115209,71000115283,1,1,1,1,71000115181,71000115187,71000115191,71000115177,71000115179,71000115181,0,1,1,0,0,0,3.5,17045,15010,1.0000295336164438,0.9999704663835562
middle,71000115863,71000115883,20,71000115883,71000115917,71000115959,1,1,1,1,71000115869,71000115871,71000115877,71000115865,71000115867,71000115869,0,0,0,0,0,0,3.5,17045,15010,1.0000295336164438,0.9999704663835562
middle,71000116000,71000116001,1,71000116001,71000116003,71000116039,1,1,1,1,71000116001,71000116003,71000116007,71000116001,71000116003,71000116005,1,1,1,1,1,1,3.5,17045,15010,1.0000295336164438,0.9999704663835562
middle,71000116035,71000116039,4,71000116039,71000116063,71000116081,1,1,1,1,71000116037,71000116039,71000116043,71000116037,71000116039,71000116041,0,1,1,0,1,1,3.5,17045,15010,1.0000295336164438,0.9999704663835562
middle,71000116145,71000116177,32,71000116177,71000116189,71000116223,1,1,1,1,71000116147,71000116151,71000116153,71000116147,71000116149,71000116151,0,0,0,0,0,0,3.5,17045,15010,1.0000295336164438,0.9999704663835562
middle,71000116426,71000116441,15,71000116441,71000116469,71000116483,1,1,1,1,71000116441,71000116457,71000116459,71000116427,71000116429,71000116431,1,1,1,0,0,0,3.5,17045,15010,1.0000295336164438,0.9999704663835562
middle,71000116477,71000116483,6,71000116483,71000116487,71000116489,1,1,1,1,71000116483,71000116487,71000116489,71000116479,71000116481,71000116483,1,1,1,0,0,1,3.5,17045,15010,1.0000295336164438,0.9999704663835562
middle,71000116552,71000116609,57,71000116609,71000116619,71000116631,1,1,1,1,71000116553,71000116559,71000116567,71000116553,71000116555,71000116557,0,0,0,0,0,0,3.5,17045,15010,1.0000295336164438,0.9999704663835562
middle,71000116819,71000116841,22,71000116841,71000116843,71000116853,1,1,1,1,71000116829,71000116841,71000116843,71000116821,71000116823,71000116825,0,1,1,0,0,0,3.5,17045,15010,1.0000295336164438,0.9999704663835562
middle,71000116891,71000116919,28,71000116919,71000116927,71000116931,1,1,1,1,71000116903,71000116907,71000116909,71000116893,71000116895,71000116897,0,0,0,0,0,0,3.5,17045,15010,1.0000295336164438,0.9999704663835562
middle,71000117159,71000117197,38,71000117197,71000117261,71000117273,1,1,1,1,71000117161,71000117171,71000117173,71000117161,71000117163,71000117165,0,0,0,0,0,0,3.5,17045,15010,1.0000295336164438,0.9999704663835562
middle,71000117523,71000117569,46,71000117569,71000117579,71000117599,1,1,1,1,71000117527,71000117533,71000117537,71000117525,71000117527,71000117529,0,0,0,0,0,0,3.5,17045,15010,1.0000295336164438,0.9999704663835562
middle,71000118331,71000118337,6,71000118337,71000118389,71000118391,1,1,1,1,71000118337,71000118349,71000118353,71000118333,71000118335,71000118337,1,1,1,0,0,1,3.5,17045,15010,1.0000295336164438,0.9999704663835562
middle,71000118546,71000118589,43,71000118589,71000118643,71000118649,1,1,1,1,71000118547,71000118551,71000118557,71000118547,71000118549,71000118551,0,0,0,0,0,0,3.5,17045,15010,1.0000295336164438,0.9999704663835562
middle,71000118591,71000118643,52,71000118643,71000118649,71000118653,1,1,1,1,71000118599,71000118601,71000118611,71000118593,71000118595,71000118597,0,0,0,0,0,0,3.5,17045,15010,1.0000295336164438,0.9999704663835562
middle,71000118604,71000118643,39,71000118643,71000118649,71000118653,1,1,1,1,71000118611,71000118613,71000118619,71000118605,71000118607,71000118609,0,0,0,0,0,0,3.5,17045,15010,1.0000295336164438,0.9999704663835562
middle,71000118743,71000118751,8,71000118751,71000118757,71000118781,1,1,1,1,71000118751,71000118757,71000118767,71000118745,71000118747,71000118749,1,1,1,0,0,0,3.5,17045,15010,1.0000295336164438,0.9999704663835562
middle,71000119002,71000119039,37,71000119039,71000119111,71000119121,1,1,1,1,71000119007,71000119009,71000119019,71000119003,71000119005,71000119007,0,0,0,0,0,0,3.5,17045,15010,1.0000295336164438,0.9999704663835562
middle,71000119080,71000119111,31,71000119111,71000119121,71000119129,1,1,1,1,71000119093,71000119097,71000119103,71000119081,71000119083,71000119085,0,0,0,0,0,0,3.5,17045,15010,1.0000295336164438,0.9999704663835562
middle,71000119089,71000119111,22,71000119111,71000119121,71000119129,1,1,1,1,71000119093,71000119097,71000119103,71000119091,71000119093,71000119095,0,0,0,0,0,0,3.5,17045,15010,1.0000295336164438,0.9999704663835562
middle,71000119576,71000119579,3,71000119579,71000119613,71000119633,1,1,1,1,71000119577,71000119579,71000119601,71000119577,71000119579,71000119581,0,1,1,0,1,1,3.5,17045,15010,1.0000295336164438,0.9999704663835562
middle,71000119754,71000119763,9,71000119763,71000119769,71000119781,1,1,1,1,71000119759,71000119763,71000119769,71000119755,71000119757,71000119759,0,1,1,0,0,0,3.5,17045,15010,1.0000295336164438,0.9999704663835562
middle,71000119936,71000119979,43,71000119979,71000119991,71000120021,1,1,1,1,71000119937,71000119943,71000119963,71000119937,71000119939,71000119941,0,0,0,0,0,0,3.5,17045,15010,1.0000295336164438,0.9999704663835562
middle,71000120126,71000120129,3,71000120129,71000120137,71000120143,1,1,1,1,71000120129,71000120131,71000120137,71000120127,71000120129,71000120131,1,1,1,0,1,1,3.5,17045,15010,1.0000295336164438,0.9999704663835562
middle,71000120194,71000120201,7,71000120201,71000120207,71000120231,1,1,1,1,71000120197,71000120201,71000120207,71000120195,71000120197,71000120199,0,1,1,0,0,0,3.5,17045,15010,1.0000295336164438,0.9999704663835562
middle,71000120595,71000120617,22,71000120617,71000120621,71000120657,1,1,1,1,71000120599,71000120603,71000120617,71000120597,71000120599,71000120601,0,0,1,0,0,0,3.5,17045,15010,1.0000295336164438,0.9999704663835562
middle,71000120655,71000120657,2,71000120657,71000120717,71000120729,1,1,1,1,71000120657,71000120663,71000120669,71000120657,71000120659,71000120661,1,1,1,1,1,1,3.5,17045,15010,1.0000295336164438,0.9999704663835562
middle,71000121283,71000121337,54,71000121323,71000121337,71000121373,2,0,1,1,71000121287,71000121289,71000121293,71000121285,71000121287,71000121289,0,0,0,0,0,0,3.5,17045,15010,1.0000295336164438,0.9999704663835562
middle,71000122074,71000122087,13,71000122087,71000122091,71000122097,1,1,1,1,71000122079,71000122087,71000122091,71000122075,71000122077,71000122079,0,1,1,0,0,0,3.5,17045,15010,1.0000295336164438,0.9999704663835562
middle,71000122223,71000122229,6,71000122229,71000122267,71000122357,1,1,1,1,71000122229,71000122231,71000122247,71000122225,71000122227,71000122229,1,1,1,0,0,1,3.5,17045,15010,1.0000295336164438,0.9999704663835562
middle,71000122697,71000122729,32,71000122729,71000122747,71000122777,1,1,1,1,71000122703,71000122709,71000122717,71000122699,71000122701,71000122703,0,0,0,0,0,0,3.5,17045,15010,1.0000295336164438,0.9999704663835562
middle,71000122813,71000122819,6,71000122819,71000122847,71000122891,1,1,1,1,71000122819,71000122829,71000122841,71000122815,71000122817,71000122819,1,1,1,0,0,1,3.5,17045,15010,1.0000295336164438,0.9999704663835562
middle,71000122831,71000122847,16,71000122847,71000122891,71000122903,1,1,1,1,71000122841,71000122847,71000122859,71000122833,71000122835,71000122837,0,1,1,0,0,0,3.5,17045,15010,1.0000295336164438,0.9999704663835562
middle,71000122968,71000122981,13,71000122981,71000123011,71000123021,1,1,1,1,71000122969,71000122979,71000122981,71000122969,71000122971,71000122973,0,0,1,0,0,0,3.5,17045,15010,1.0000295336164438,0.9999704663835562
middle,71000123052,71000123053,1,71000123053,71000123069,71000123087,1,1,1,1,71000123053,71000123057,71000123063,71000123053,71000123055,71000123057,1,1,1,1,1,1,3.5,17045,15010,1.0000295336164438,0.9999704663835562
middle,71000123121,71000123147,26,71000123147,71000123179,71000123189,1,1,1,1,71000123123,71000123137,71000123141,71000123123,71000123125,71000123127,0,0,0,0,0,0,3.5,17045,15010,1.0000295336164438,0.9999704663835562
middle,71000123146,71000123147,1,71000123147,71000123179,71000123189,1,1,1,1,71000123147,71000123149,71000123167,71000123147,71000123149,71000123151,1,1,1,1,1,1,3.5,17045,15010,1.0000295336164438,0.9999704663835562
middle,71000124367,71000124389,22,71000124389,71000124421,71000124457,1,1,1,1,71000124373,71000124383,71000124389,71000124369,71000124371,71000124373,0,0,1,0,0,0,3.5,17045,15010,1.0000295336164438,0.9999704663835562
middle,71000124497,71000124527,30,71000124527,71000124563,71000124583,1,1,1,1,71000124499,71000124509,71000124511,71000124499,71000124501,71000124503,0,0,0,0,0,0,3.5,17045,15010,1.0000295336164438,0.9999704663835562
middle,71000124531,71000124563,32,71000124563,71000124583,71000124593,1,1,1,1,71000124539,71000124541,71000124557,71000124533,71000124535,71000124537,0,0,0,0,0,0,3.5,17045,15010,1.0000295336164438,0.9999704663835562
middle,71000124561,71000124563,2,71000124563,71000124583,71000124593,1,1,1,1,71000124563,71000124571,71000124577,71000124563,71000124565,71000124567,1,1,1,1,1,1,3.5,17045,15010,1.0000295336164438,0.9999704663835562
middle,71000124562,71000124563,1,71000124563,71000124583,71000124593,1,1,1,1,71000124563,71000124571,71000124577,71000124563,71000124565,71000124567,1,1,1,1,1,1,3.5,17045,15010,1.0000295336164438,0.9999704663835562
middle,71000124584,71000124593,9,71000124593,71000124599,71000124617,1,1,1,1,71000124593,71000124599,71000124607,71000124585,71000124587,71000124589,1,1,1,0,0,0,3.5,17045,15010,1.0000295336164438,0.9999704663835562
middle,71000125335,71000125349,14,71000125349,71000125381,71000125411,1,1,1,1,71000125349,71000125351,71000125363,71000125337,71000125339,71000125341,1,1,1,0,0,0,3.5,17045,15010,1.0000295336164438,0.9999704663835562
middle,71000125460,71000125489,29,71000125489,71000125513,71000125523,1,1,1,1,71000125463,71000125477,71000125487,71000125461,71000125463,71000125465,0,0,0,0,0,0,3.5,17045,15010,1.0000295336164438,0.9999704663835562
middle,71000125685,71000125697,12,71000125697,71000125717,71000125753,1,1,1,1,71000125687,71000125697,71000125709,71000125687,71000125689,71000125691,0,1,1,0,0,0,3.5,17045,15010,1.0000295336164438,0.9999704663835562
middle,71000125735,71000125753,18,71000125753,71000125759,71000125769,1,1,1,1,71000125739,71000125741,71000125751,71000125737,71000125739,71000125741,0,0,0,0,0,0,3.5,17045,15010,1.0000295336164438,0.9999704663835562
middle,71000125797,71000125873,76,71000125873,71000125879,71000125891,1,1,1,1,71000125799,71000125811,71000125817,71000125799,71000125801,71000125803,0,0,0,0,0,0,3.5,17045,15010,1.0000295336164438,0.9999704663835562
middle,71000126742,71000126767,25,71000126767,71000126807,71000126861,1,1,1,1,71000126749,71000126753,71000126761,71000126743,71000126745,71000126747,0,0,0,0,0,0,3.5,17045,15010,1.0000295336164438,0.9999704663835562
middle,71000126923,71000126947,24,71000126947,71000126983,71000127013,1,1,1,1,71000126927,71000126929,71000126933,71000126925,71000126927,71000126929,0,0,0,0,0,0,3.5,17045,15010,1.0000295336164438,0.9999704663835562
middle,71000127180,71000127199,19,71000127199,71000127203,71000127223,1,1,1,1,71000127193,71000127197,71000127199,71000127181,71000127183,71000127185,0,0,1,0,0,0,3.5,17045,15010,1.0000295336164438,0.9999704663835562
middle,71000127359,71000127361,2,71000127361,71000127383,71000127397,1,1,1,1,71000127361,71000127379,71000127383,71000127361,71000127363,71000127365,1,1,1,1,1,1,3.5,17045,15010,1.0000295336164438,0.9999704663835562
middle,71000127374,71000127383,9,71000127383,71000127397,71000127433,1,1,1,1,71000127379,71000127383,71000127389,71000127375,71000127377,71000127379,0,1,1,0,0,0,3.5,17045,15010,1.0000295336164438,0.9999704663835562
middle,71000127394,71000127397,3,71000127397,71000127433,71000127437,1,1,1,1,71000127397,71000127413,71000127421,71000127395,71000127397,71000127399,1,1,1,0,1,1,3.5,17045,15010,1.0000295336164438,0.9999704663835562
middle,71000127598,71000127619,21,71000127619,71000127629,71000127631,1,1,1,1,71000127607,71000127613,71000127617,71000127599,71000127601,71000127603,0,0,0,0,0,0,3.5,17045,15010,1.0000295336164438,0.9999704663835562
middle,71000127742,71000127749,7,71000127749,71000127811,71000127833,1,1,1,1,71000127749,71000127761,71000127763,71000127743,71000127745,71000127747,1,1,1,0,0,0,3.5,17045,15010,1.0000295336164438,0.9999704663835562
middle,71000128439,71000128447,8,71000128447,71000128487,71000128501,1,1,1,1,71000128447,71000128453,71000128457,71000128441,71000128443,71000128445,1,1,1,0,0,0,3.5,17045,15010,1.0000295336164438,0.9999704663835562
middle,71000128735,71000128769,34,71000128769,71000128781,71000128807,1,1,1,1,71000128741,71000128747,71000128751,71000128737,71000128739,71000128741,0,0,0,0,0,0,3.5,17045,15010,1.0000295336164438,0.9999704663835562
middle,71000129065,71000129087,22,71000129087,71000129113,71000129129,1,1,1,1,71000129069,71000129071,71000129087,71000129067,71000129069,71000129071,0,0,1,0,0,0,3.5,17045,15010,1.0000295336164438,0.9999704663835562
middle,71000129162,71000129177,15,71000129177,71000129191,71000129201,1,1,1,1,71000129171,71000129173,71000129177,71000129163,71000129165,71000129167,0,0,1,0,0,0,3.5,17045,15010,1.0000295336164438,0.9999704663835562
middle,71000129495,71000129521,26,71000129521,71000129531,71000129539,1,1,1,1,71000129503,71000129507,71000129509,71000129497,71000129499,71000129501,0,0,0,0,0,0,3.5,17045,15010,1.0000295336164438,0.9999704663835562
middle,71000129790,71000129801,11,71000129801,71000129813,71000129857,1,1,1,1,71000129797,71000129801,71000129807,71000129791,71000129793,71000129795,0,1,1,0,0,0,3.5,17045,15010,1.0000295336164438,0.9999704663835562
middle,71000129992,71000130007,15,71000130007,71000130013,71000130037,1,1,1,1,71000129999,71000130001,71000130007,71000129993,71000129995,71000129997,0,0,1,0,0,0,3.5,17045,15010,1.0000295336164438,0.9999704663835562
middle,71000131091,71000131199,108,71000131199,71000131291,71000131309,1,1,1,1,71000131093,71000131099,71000131109,71000131093,71000131095,71000131097,0,0,0,0,0,0,3.5,17045,15010,1.0000295336164438,0.9999704663835562
middle,71000131098,71000131199,101,71000131199,71000131291,71000131309,1,1,1,1,71000131099,71000131109,71000131121,71000131099,71000131101,71000131103,0,0,0,0,0,0,3.5,17045,15010,1.0000295336164438,0.9999704663835562
middle,71000131398,71000131409,11,71000131409,71000131459,71000131463,1,1,1,1,71000131403,71000131409,71000131417,71000131399,71000131401,71000131403,0,1,1,0,0,0,3.5,17045,15010,1.0000295336164438,0.9999704663835562
middle,71000131408,71000131409,1,71000131409,71000131459,71000131463,1,1,1,1,71000131409,71000131417,71000131421,71000131409,71000131411,71000131413,1,1,1,1,1,1,3.5,17045,15010,1.0000295336164438,0.9999704663835562
middle,71000131620,71000131621,1,71000131621,71000131651,71000131691,1,1,1,1,71000131621,71000131633,71000131637,71000131621,71000131623,71000131625,1,1,1,1,1,1,3.5,17045,15010,1.0000295336164438,0.9999704663835562
middle,71000131986,71000131987,1,71000131987,71000132011,71000132033,1,1,1,1,71000131987,71000131991,71000131997,71000131987,71000131989,71000131991,1,1,1,1,1,1,3.5,17045,15010,1.0000295336164438,0.9999704663835562
middle,71000132012,71000132033,21,71000132033,71000132041,71000132057,1,1,1,1,71000132017,71000132023,71000132029,71000132013,71000132015,71000132017,0,0,0,0,0,0,3.5,17045,15010,1.0000295336164438,0.9999704663835562
middle,71000132672,71000132689,17,71000132689,71000132719,71000132741,1,1,1,1,71000132677,71000132683,71000132689,71000132673,71000132675,71000132677,0,0,1,0,0,0,3.5,17045,15010,1.0000295336164438,0.9999704663835562
middle,71000133063,71000133073,10,71000133073,71000133077,71000133091,1,1,1,1,71000133067,71000133073,71000133077,71000133065,71000133067,71000133069,0,1,1,0,0,0,3.5,17045,15010,1.0000295336164438,0.9999704663835562
middle,71000133195,71000133233,38,71000133233,71000133241,71000133257,1,1,1,1,71000133203,71000133209,71000133221,71000133197,71000133199,71000133201,0,0,0,0,0,0,3.5,17045,15010,1.0000295336164438,0.9999704663835562
middle,71000133423,71000133433,10,71000133433,71000133473,71000133557,1,1,1,1,71000133431,71000133433,71000133437,71000133425,71000133427,71000133429,0,1,1,0,0,0,3.5,17045,15010,1.0000295336164438,0.9999704663835562
middle,71000133424,71000133433,9,71000133433,71000133473,71000133557,1,1,1,1,71000133431,71000133433,71000133437,71000133425,71000133427,71000133429,0,1,1,0,0,0,3.5,17045,15010,1.0000295336164438,0.9999704663835562
middle,71000133642,71000133653,11,71000133653,71000133691,71000133697,1,1,1,1,71000133643,71000133647,71000133649,71000133643,71000133645,71000133647,0,0,0,0,0,0,3.5,17045,15010,1.0000295336164438,0.9999704663835562
middle,71000134234,71000134253,19,71000134253,71000134301,71000134321,1,1,1,1,71000134237,71000134241,71000134243,71000134235,71000134237,71000134239,0,0,0,0,0,0,3.5,17045,15010,1.0000295336164438,0.9999704663835562
middle,71000134420,71000134493,73,71000134493,71000134507,71000134511,1,1,1,1,71000134421,71000134423,71000134427,71000134421,71000134423,71000134425,0,0,0,0,0,0,3.5,17045,15010,1.0000295336164438,0.9999704663835562
middle,71000134439,71000134493,54,71000134493,71000134507,71000134511,1,1,1,1,71000134451,71000134453,71000134459,71000134441,71000134443,71000134445,0,0,0,0,0,0,3.5,17045,15010,1.0000295336164438,0.9999704663835562
middle,71000134600,71000134651,51,71000134651,71000134739,71000134837,1,1,1,1,71000134603,71000134607,71000134609,71000134601,71000134603,71000134605,0,0,0,0,0,0,3.5,17045,15010,1.0000295336164438,0.9999704663835562
middle,71000134742,71000134837,95,71000134837,71000134859,71000134873,1,1,1,1,71000134747,71000134753,71000134757,71000134743,71000134745,71000134747,0,0,0,0,0,0,3.5,17045,15010,1.0000295336164438,0.9999704663835562
middle,71000134757,71000134837,80,71000134837,71000134859,71000134873,1,1,1,1,71000134759,71000134769,71000134771,71000134759,71000134761,71000134763,0,0,0,0,0,0,3.5,17045,15010,1.0000295336164438,0.9999704663835562
middle,71000134811,71000134837,26,71000134837,71000134859,71000134873,1,1,1,1,71000134813,71000134817,71000134831,71000134813,71000134815,71000134817,0,0,0,0,0,0,3.5,17045,15010,1.0000295336164438,0.9999704663835562
middle,71000134994,71000134999,5,71000134999,71000135023,71000135071,1,1,1,1,71000134999,71000135021,71000135023,71000134995,71000134997,71000134999,1,1,1,0,0,1,3.5,17045,15010,1.0000295336164438,0.9999704663835562
middle,71000135005,71000135023,18,71000135023,71000135071,71000135083,1,1,1,1,71000135021,71000135023,71000135029,71000135007,71000135009,71000135011,0,1,1,0,0,0,3.5,17045,15010,1.0000295336164438,0.9999704663835562
middle,71000135033,71000135071,38,71000135071,71000135083,71000135093,1,1,1,1,71000135053,71000135057,71000135069,71000135035,71000135037,71000135039,0,0,0,0,0,0,3.5,17045,15010,1.0000295336164438,0.9999704663835562
middle,71000135083,71000135093,10,71000135093,71000135099,71000135111,1,1,1,1,71000135093,71000135099,71000135111,71000135085,71000135087,71000135089,1,1,1,0,0,0,3.5,17045,15010,1.0000295336164438,0.9999704663835562
middle,71000135309,71000135443,134,71000135443,71000135491,71000135501,1,1,1,1,71000135317,71000135321,71000135329,71000135311,71000135313,71000135315,0,0,0,0,0,0,3.5,17045,15010,1.0000295336164438,0.9999704663835562
middle,71000135322,71000135443,121,71000135443,71000135491,71000135501,1,1,1,1,71000135329,71000135347,71000135357,71000135323,71000135325,71000135327,0,0,0,0,0,0,3.5,17045,15010,1.0000295336164438,0.9999704663835562
middle,71000135350,71000135443,93,71000135443,71000135491,71000135501,1,1,1,1,71000135357,71000135359,71000135363,71000135351,71000135353,71000135355,0,0,0,0,0,0,3.5,17045,15010,1.0000295336164438,0.9999704663835562
middle,71000135760,71000135777,17,71000135777,71000135779,71000135827,1,1,1,1,71000135761,71000135771,71000135777,71000135761,71000135763,71000135765,0,0,1,0,0,0,3.5,17045,15010,1.0000295336164438,0.9999704663835562
middle,71000136104,71000136133,29,71000136133,71000136139,71000136161,1,1,1,1,71000136107,71000136113,71000136121,71000136105,71000136107,71000136109,0,0,0,0,0,0,3.5,17045,15010,1.0000295336164438,0.9999704663835562
middle,71000136145,71000136161,16,71000136161,71000136197,71000136209,1,1,1,1,71000136157,71000136161,71000136167,71000136147,71000136149,71000136151,0,1,1,0,0,0,3.5,17045,15010,1.0000295336164438,0.9999704663835562
middle,71000136449,71000136451,2,71000136451,71000136461,71000136481,1,1,1,1,71000136451,71000136457,71000136461,71000136451,71000136453,71000136455,1,1,1,1,1,1,3.5,17045,15010,1.0000295336164438,0.9999704663835562
middle,71000136587,71000136589,2,71000136589,71000136593,71000136601,1,1,1,1,71000136589,71000136593,71000136601,71000136589,71000136591,71000136593,1,1,1,1,1,1,3.5,17045,15010,1.0000295336164438,0.9999704663835562
middle,71000136687,71000136703,16,71000136703,71000136707,71000136763,1,1,1,1,71000136689,71000136703,71000136707,71000136689,71000136691,71000136693,0,1,1,0,0,0,3.5,17045,15010,1.0000295336164438,0.9999704663835562
middle,71000136891,71000136913,22,71000136913,71000136919,71000136923,1,1,1,1,71000136899,71000136901,71000136913,71000136893,71000136895,71000136897,0,0,1,0,0,0,3.5,17045,15010,1.0000295336164438,0.9999704663835562
middle,71000137201,71000137211,10,71000137211,71000137223,71000137231,1,1,1,1,71000137207,71000137211,71000137217,71000137203,71000137205,71000137207,0,1,1,0,0,0,3.5,17045,15010,1.0000295336164438,0.9999704663835562
middle,71000137394,71000137423,29,71000137423,71000137451,71000137457,1,1,1,1,71000137399,71000137409,71000137421,71000137395,71000137397,71000137399,0,0,0,0,0,0,3.5,17045,15010,1.0000295336164438,0.9999704663835562
middle,71000137414,71000137423,9,71000137423,71000137451,71000137457,1,1,1,1,71000137421,71000137423,71000137427,71000137415,71000137417,71000137419,0,1,1,0,0,0,3.5,17045,15010,1.0000295336164438,0.9999704663835562
middle,71000137817,71000137823,6,71000137823,71000137843,71000137847,1,1,1,1,71000137823,71000137829,71000137837,71000137819,71000137821,71000137823,1,1,1,0,0,1,3.5,17045,15010,1.0000295336164438,0.9999704663835562
middle,71000138177,71000138219,42,71000138219,71000138281,71000138329,1,1,1,1,71000138179,71000138191,71000138197,71000138179,71000138181,71000138183,0,0,0,0,0,0,3.5,17045,15010,1.0000295336164438,0.9999704663835562
middle,71000138475,71000138507,32,71000138507,71000138509,71000138591,1,1,1,1,71000138477,71000138479,71000138483,71000138477,71000138479,71000138481,0,0,0,0,0,0,3.5,17045,15010,1.0000295336164438,0.9999704663835562
middle,71000138741,71000138819,78,71000138819,71000138837,71000138897,1,1,1,1,71000138743,71000138747,71000138749,71000138743,71000138745,71000138747,0,0,0,0,0,0,3.5,17045,15010,1.0000295336164438,0.9999704663835562
middle,71000138783,71000138819,36,71000138819,71000138837,71000138897,1,1,1,1,71000138789,71000138791,71000138813,71000138785,71000138787,71000138789,0,0,0,0,0,0,3.5,17045,15010,1.0000295336164438,0.9999704663835562
middle,71000139011,71000139029,18,71000139029,71000139157,71000139163,1,1,1,1,71000139013,71000139017,71000139019,71000139013,71000139015,71000139017,0,0,0,0,0,0,3.5,17045,15010,1.0000295336164438,0.9999704663835562
middle,71000139039,71000139157,118,71000139157,71000139163,71000139187,1,1,1,1,71000139043,71000139047,71000139059,71000139041,71000139043,71000139045,0,0,0,0,0,0,3.5,17045,15010,1.0000295336164438,0.9999704663835562
middle,71000139199,71000139229,30,71000139229,71000139251,71000139281,1,1,1,1,71000139211,71000139229,71000139233,71000139201,71000139203,71000139205,0,1,1,0,0,0,3.5,17045,15010,1.0000295336164438,0.9999704663835562
middle,71000139370,71000139383,13,71000139383,71000139389,71000139439,1,1,1,1,71000139373,71000139377,71000139383,71000139371,71000139373,71000139375,0,0,1,0,0,0,3.5,17045,15010,1.0000295336164438,0.9999704663835562
middle,71000139767,71000139803,36,71000139803,71000139809,71000139817,1,1,1,1,71000139773,71000139779,71000139781,71000139769,71000139771,71000139773,0,0,0,0,0,0,3.5,17045,15010,1.0000295336164438,0.9999704663835562
middle,71000139866,71000139877,11,71000139877,71000139901,71000139913,1,1,1,1,71000139871,71000139877,71000139883,71000139867,71000139869,71000139871,0,1,1,0,0,0,3.5,17045,15010,1.0000295336164438,0.9999704663835562
middle,71000140175,71000140181,6,71000140181,71000140219,71000140223,1,1,1,1,71000140181,71000140187,71000140193,71000140177,71000140179,71000140181,1,1,1,0,0,1,3.5,17045,15010,1.0000295336164438,0.9999704663835562
middle,71000140520,71000140573,53,71000140573,71000140579,71000140667,1,1,1,1,71000140529,71000140531,71000140537,71000140521,71000140523,71000140525,0,0,0,0,0,0,3.5,17045,15010,1.0000295336164438,0.9999704663835562
middle,71000140723,71000140733,10,71000140733,71000140753,71000140769,1,1,1,1,71000140727,71000140733,71000140741,71000140725,71000140727,71000140729,0,1,1,0,0,0,3.5,17045,15010,1.0000295336164438,0.9999704663835562
middle,71000141004,71000141027,23,71000141027,71000141033,71000141041,1,1,1,1,71000141021,71000141027,71000141029,71000141005,71000141007,71000141009,0,1,1,0,0,0,3.5,17045,15010,1.0000295336164438,0.9999704663835562
middle,71000141497,71000141543,46,71000141543,71000141561,71000141579,1,1,1,1,71000141501,71000141503,71000141519,71000141499,71000141501,71000141503,0,0,0,0,0,0,3.5,17045,15010,1.0000295336164438,0.9999704663835562
middle,71000141924,71000141957,33,71000141957,71000141969,71000141981,1,1,1,1,71000141941,71000141951,71000141957,71000141925,71000141927,71000141929,0,0,1,0,0,0,3.5,17045,15010,1.0000295336164438,0.9999704663835562
middle,71000142224,71000142271,47,71000142271,71000142277,71000142319,1,1,1,1,71000142233,71000142247,71000142251,71000142225,71000142227,71000142229,0,0,0,0,0,0,3.5,17045,15010,1.0000295336164438,0.9999704663835562
middle,71000142357,71000142373,16,71000142373,71000142383,71000142391,1,1,1,1,71000142361,71000142373,71000142377,71000142359,71000142361,71000142363,0,1,1,0,0,0,3.5,17045,15010,1.0000295336164438,0.9999704663835562
middle,71000142492,71000142503,11,71000142503,71000142511,71000142523,1,1,1,1,71000142497,71000142503,71000142509,71000142493,71000142495,71000142497,0,1,1,0,0,0,3.5,17045,15010,1.0000295336164438,0.9999704663835562
middle,71000142723,71000142737,14,71000142737,71000142739,71000142743,1,1,1,1,71000142727,71000142737,71000142739,71000142725,71000142727,71000142729,0,1,1,0,0,0,3.5,17045,15010,1.0000295336164438,0.9999704663835562
middle,71000143280,71000143297,17,71000143297,71000143307,71000143367,1,1,1,1,71000143283,71000143297,71000143301,71000143281,71000143283,71000143285,0,1,1,0,0,0,3.5,17045,15010,1.0000295336164438,0.9999704663835562
middle,71000143377,71000143381,4,71000143381,71000143393,71000143421,1,1,1,1,71000143381,71000143387,71000143393,71000143379,71000143381,71000143383,1,1,1,0,1,1,3.5,17045,15010,1.0000295336164438,0.9999704663835562
middle,71000143590,71000143609,19,71000143609,71000143717,71000143741,1,1,1,1,71000143601,71000143603,71000143607,71000143591,71000143593,71000143595,0,0,0,0,0,0,3.5,17045,15010,1.0000295336164438,0.9999704663835562
middle,71000144103,71000144113,10,71000144113,71000144141,71000144179,1,1,1,1,71000144107,71000144113,71000144119,71000144105,71000144107,71000144109,0,1,1,0,0,0,3.5,17045,15010,1.0000295336164438,0.9999704663835562
middle,71000144221,71000144261,40,71000144261,71000144263,71000144279,1,1,1,1,71000144227,71000144231,71000144233,71000144223,71000144225,71000144227,0,0,0,0,0,0,3.5,17045,15010,1.0000295336164438,0.9999704663835562
middle,71000144705,71000144707,2,71000144707,71000144723,71000144729,1,1,1,1,71000144707,71000144711,71000144713,71000144707,71000144709,71000144711,1,1,1,1,1,1,3.5,17045,15010,1.0000295336164438,0.9999704663835562
middle,71000144801,71000144807,6,71000144807,71000144849,71000144863,1,1,1,1,71000144807,71000144821,71000144827,71000144803,71000144805,71000144807,1,1,1,0,0,1,3.5,17045,15010,1.0000295336164438,0.9999704663835562
middle,71000144955,71000144959,4,71000144959,71000145037,71000145049,1,1,1,1,71000144959,71000144977,71000144981,71000144957,71000144959,71000144961,1,1,1,0,1,1,3.5,17045,15010,1.0000295336164438,0.9999704663835562
middle,71000145017,71000145037,20,71000145037,71000145049,71000145059,1,1,1,1,71000145019,71000145031,71000145037,71000145019,71000145021,71000145023,0,0,1,0,0,0,3.5,17045,15010,1.0000295336164438,0.9999704663835562
middle,71000145723,71000145739,16,71000145739,71000145787,71000145859,1,1,1,1,71000145731,71000145739,71000145743,71000145725,71000145727,71000145729,0,1,1,0,0,0,3.5,17045,15010,1.0000295336164438,0.9999704663835562
middle,71000146157,71000146177,20,71000146177,71000146199,71000146211,1,1,1,1,71000146159,71000146163,71000146169,71000146159,71000146161,71000146163,0,0,0,0,0,0,3.5,17045,15010,1.0000295336164438,0.9999704663835562
middle,71000146549,71000146583,34,71000146583,71000146601,71000146603,1,1,1,1,71000146559,71000146571,71000146573,71000146551,71000146553,71000146555,0,0,0,0,0,0,3.5,17045,15010,1.0000295336164438,0.9999704663835562
middle,71000146665,71000146667,2,71000146667,71000146669,71000146681,1,1,1,1,71000146667,71000146669,71000146673,71000146667,71000146669,71000146671,1,1,1,1,1,1,3.5,17045,15010,1.0000295336164438,0.9999704663835562
middle,71000146749,71000146771,22,71000146771,71000146793,71000146799,1,1,1,1,71000146753,71000146759,71000146771,71000146751,71000146753,71000146755,0,0,1,0,0,0,3.5,17045,15010,1.0000295336164438,0.9999704663835562
middle,71000146826,71000146831,5,71000146831,71000146843,71000146909,1,1,1,1,71000146829,71000146831,71000146837,71000146827,71000146829,71000146831,0,1,1,0,0,1,3.5,17045,15010,1.0000295336164438,0.9999704663835562
middle,71000146887,71000146909,22,71000146909,71000146913,71000146957,1,1,1,1,71000146891,71000146897,71000146901,71000146889,71000146891,71000146893,0,0,0,0,0,0,3.5,17045,15010,1.0000295336164438,0.9999704663835562
middle,71000147040,71000147047,7,71000147047,71000147059,71000147077,1,1,1,1,71000147041,71000147047,71000147051,71000147041,71000147043,71000147045,0,1,1,0,0,0,3.5,17045,15010,1.0000295336164438,0.9999704663835562
middle,71000147358,71000147371,13,71000147371,71000147389,71000147399,1,1,1,1,71000147363,71000147371,71000147377,71000147359,71000147361,71000147363,0,1,1,0,0,0,3.5,17045,15010,1.0000295336164438,0.9999704663835562
middle,71000148198,71000148203,5,71000148203,71000148223,71000148343,1,1,1,1,71000148199,71000148203,71000148209,71000148199,71000148201,71000148203,0,1,1,0,0,1,3.5,17045,15010,1.0000295336164438,0.9999704663835562
middle,71000148226,71000148343,117,71000148343,71000148371,71000148383,1,1,1,1,71000148227,71000148229,71000148239,71000148227,71000148229,71000148231,0,0,0,0,0,0,3.5,17045,15010,1.0000295336164438,0.9999704663835562
middle,71000148365,71000148383,18,71000148371,71000148383,71000148397,2,0,1,1,71000148367,71000148371,71000148377,71000148367,71000148369,71000148371,0,0,0,0,0,0,3.5,17045,15010,1.0000295336164438,0.9999704663835562
middle,71000148545,71000148547,2,71000148547,71000148553,71000148617,1,1,1,1,71000148547,71000148551,71000148553,71000148547,71000148549,71000148551,1,1,1,1,1,1,3.5,17045,15010,1.0000295336164438,0.9999704663835562
middle,71000149351,71000149361,10,71000149361,71000149403,71000149427,1,1,1,1,71000149357,71000149361,71000149369,71000149353,71000149355,71000149357,0,1,1,0,0,0,3.5,17045,15010,1.0000295336164438,0.9999704663835562
middle,71000149607,71000149663,56,71000149663,71000149673,71000149697,1,1,1,1,71000149631,71000149637,71000149643,71000149609,71000149611,71000149613,0,0,0,0,0,0,3.5,17045,15010,1.0000295336164438,0.9999704663835562
middle,71000149753,71000149763,10,71000149763,71000149777,71000149793,1,1,1,1,71000149757,71000149763,71000149769,71000149755,71000149757,71000149759,0,1,1,0,0,0,3.5,17045,15010,1.0000295336164438,0.9999704663835562
middle,71000149997,71000150003,6,71000150003,71000150009,71000150047,1,1,1,1,71000149999,71000150003,71000150009,71000149999,71000150001,71000150003,0,1,1,0,0,1,3.5,17045,15010,1.0000295336164438,0.9999704663835562
middle,71000150174,71000150197,23,71000150197,71000150213,71000150239,1,1,1,1,71000150183,71000150197,71000150201,71000150175,71000150177,71000150179,0,1,1,0,0,0,3.5,17045,15010,1.0000295336164438,0.9999704663835562
middle,71000150444,71000150461,17,71000150461,71000150471,71000150477,1,1,1,1,71000150447,71000150453,71000150461,71000150445,71000150447,71000150449,0,0,1,0,0,0,3.5,17045,15010,1.0000295336164438,0.9999704663835562
middle,71000150540,71000150581,41,71000150581,71000150651,71000150677,1,1,1,1,71000150549,71000150561,71000150563,71000150541,71000150543,71000150545,0,0,0,0,0,0,3.5,17045,15010,1.0000295336164438,0.9999704663835562
middle,71000150611,71000150651,40,71000150651,71000150677,71000150699,1,1,1,1,71000150621,71000150623,71000150629,71000150613,71000150615,71000150617,0,0,0,0,0,0,3.5,17045,15010,1.0000295336164438,0.9999704663835562
middle,71000151002,71000151067,65,71000151067,71000151071,71000151113,1,1,1,1,71000151011,71000151017,71000151023,71000151003,71000151005,71000151007,0,0,0,0,0,0,3.5,17045,15010,1.0000295336164438,0.9999704663835562
middle,71000151772,71000151797,25,71000151797,71000151809,71000151877,1,1,1,1,71000151773,71000151779,71000151787,71000151773,71000151775,71000151777,0,0,0,0,0,0,3.5,17045,15010,1.0000295336164438,0.9999704663835562
middle,71000151997,71000152049,52,71000152049,71000152057,71000152063,1,1,1,1,71000152001,71000152007,71000152009,71000151999,71000152001,71000152003,0,0,0,0,0,0,3.5,17045,15010,1.0000295336164438,0.9999704663835562
middle,71000152094,71000152123,29,71000152123,71000152177,71000152199,1,1,1,1,71000152099,71000152117,71000152121,71000152095,71000152097,71000152099,0,0,0,0,0,0,3.5,17045,15010,1.0000295336164438,0.9999704663835562
middle,71000152103,71000152123,20,71000152123,71000152177,71000152199,1,1,1,1,71000152117,71000152121,71000152123,71000152105,71000152107,71000152109,0,0,1,0,0,0,3.5,17045,15010,1.0000295336164438,0.9999704663835562
middle,71000152216,71000152273,57,71000152273,71000152291,71000152331,1,1,1,1,71000152217,71000152229,71000152241,71000152217,71000152219,71000152221,0,0,0,0,0,0,3.5,17045,15010,1.0000295336164438,0.9999704663835562
middle,71000152561,71000152583,22,71000152583,71000152589,71000152607,1,1,1,1,71000152577,71000152579,71000152583,71000152563,71000152565,71000152567,0,0,1,0,0,0,3.5,17045,15010,1.0000295336164438,0.9999704663835562
middle,71000152773,71000152781,8,71000152781,71000152807,71000152819,1,1,1,1,71000152777,71000152781,71000152787,71000152775,71000152777,71000152779,0,1,1,0,0,0,3.5,17045,15010,1.0000295336164438,0.9999704663835562
middle,71000154843,71000154881,38,71000154881,71000154919,71000154937,1,1,1,1,71000154847,71000154851,71000154853,71000154845,71000154847,71000154849,0,0,0,0,0,0,3.5,17045,15010,1.0000295336164438,0.9999704663835562
middle,71000155021,71000155063,42,71000155063,71000155067,71000155091,1,1,1,1,71000155027,71000155033,71000155043,71000155023,71000155025,71000155027,0,0,0,0,0,0,3.5,17045,15010,1.0000295336164438,0.9999704663835562
middle,71000155157,71000155249,92,71000155249,71000155267,71000155283,1,1,1,1,71000155159,71000155169,71000155181,71000155159,71000155161,71000155163,0,0,0,0,0,0,3.5,17045,15010,1.0000295336164438,0.9999704663835562
middle,71000155485,71000155487,2,71000155487,71000155489,71000155511,1,1,1,1,71000155487,71000155489,71000155493,71000155487,71000155489,71000155491,1,1,1,1,1,1,3.5,17045,15010,1.0000295336164438,0.9999704663835562
middle,71000155720,71000155727,7,71000155727,71000155747,71000155777,1,1,1,1,71000155727,71000155729,71000155741,71000155721,71000155723,71000155725,1,1,1,0,0,0,3.5,17045,15010,1.0000295336164438,0.9999704663835562
middle,71000155818,71000155861,43,71000155861,71000155883,71000155927,1,1,1,1,71000155819,71000155823,71000155829,71000155819,71000155821,71000155823,0,0,0,0,0,0,3.5,17045,15010,1.0000295336164438,0.9999704663835562
middle,71000155819,71000155861,42,71000155861,71000155883,71000155927,1,1,1,1,71000155823,71000155829,71000155841,71000155821,71000155823,71000155825,0,0,0,0,0,0,3.5,17045,15010,1.0000295336164438,0.9999704663835562
middle,71000155868,71000155883,15,71000155883,71000155927,71000155949,1,1,1,1,71000155879,71000155883,71000155901,71000155869,71000155871,71000155873,0,1,1,0,0,0,3.5,17045,15010,1.0000295336164438,0.9999704663835562
middle,71000156036,71000156041,5,71000156041,71000156113,71000156119,1,1,1,1,71000156041,71000156053,71000156057,71000156037,71000156039,71000156041,1,1,1,0,0,1,3.5,17045,15010,1.0000295336164438,0.9999704663835562
middle,71000156104,71000156119,15,71000156113,71000156119,71000156177,2,0,1,1,71000156111,71000156113,71000156119,71000156105,71000156107,71000156109,0,0,1,0,0,0,3.5,17045,15010,1.0000295336164438,0.9999704663835562
middle,71000156112,71000156119,7,71000156113,71000156119,71000156177,2,0,1,1,71000156113,71000156119,71000156131,71000156113,71000156115,71000156117,0,1,1,0,0,0,3.5,17045,15010,1.0000295336164438,0.9999704663835562
middle,71000156181,71000156191,10,71000156191,71000156231,71000156263,1,1,1,1,71000156189,71000156191,71000156197,71000156183,71000156185,71000156187,0,1,1,0,0,0,3.5,17045,15010,1.0000295336164438,0.9999704663835562
middle,71000156572,71000156581,9,71000156581,71000156597,71000156603,1,1,1,1,71000156573,71000156581,71000156587,71000156573,71000156575,71000156577,0,1,1,0,0,0,3.5,17045,15010,1.0000295336164438,0.9999704663835562
middle,71000156640,71000156653,13,71000156653,71000156671,71000156683,1,1,1,1,71000156641,71000156653,71000156657,71000156641,71000156643,71000156645,0,1,1,0,0,0,3.5,17045,15010,1.0000295336164438,0.9999704663835562
middle,71000156903,71000156911,8,71000156911,71000156921,71000156947,1,1,1,1,71000156911,71000156921,71000156933,71000156905,71000156907,71000156909,1,1,1,0,0,0,3.5,17045,15010,1.0000295336164438,0.9999704663835562
middle,71000157241,71000157269,28,71000157269,71000157271,71000157287,1,1,1,1,71000157247,71000157251,71000157253,71000157243,71000157245,71000157247,0,0,0,0,0,0,3.5,17045,15010,1.0000295336164438,0.9999704663835562
middle,71000157321,71000157329,8,71000157329,71000157341,71000157379,1,1,1,1,71000157329,71000157337,71000157341,71000157323,71000157325,71000157327,1,1,1,0,0,0,3.5,17045,15010,1.0000295336164438,0.9999704663835562
middle,71000157688,71000157689,1,71000157689,71000157707,71000157713,1,1,1,1,71000157689,71000157691,71000157703,71000157689,71000157691,71000157693,1,1,1,1,1,1,3.5,17045,15010,1.0000295336164438,0.9999704663835562
middle,71000157779,71000157797,18,71000157797,71000157817,71000157821,1,1,1,1,71000157791,71000157793,71000157797,71000157781,71000157783,71000157785,0,0,1,0,0,0,3.5,17045,15010,1.0000295336164438,0.9999704663835562
middle,71000158156,71000158183,27,71000158157,71000158183,71000158213,2,0,1,1,71000158157,71000158169,71000158171,71000158157,71000158159,71000158161,0,0,0,0,0,0,3.5,17045,15010,1.0000295336164438,0.9999704663835562
middle,71000158362,71000158381,19,71000158373,71000158381,71000158387,2,0,1,1,71000158363,71000158373,71000158381,71000158363,71000158365,71000158367,0,0,1,0,0,0,3.5,17045,15010,1.0000295336164438,0.9999704663835562
middle,71000158855,71000158921,66,71000158921,71000158927,71000158937,1,1,1,1,71000158871,71000158877,71000158883,71000158857,71000158859,71000158861,0,0,0,0,0,0,3.5,17045,15010,1.0000295336164438,0.9999704663835562
middle,71000158892,71000158921,29,71000158921,71000158927,71000158937,1,1,1,1,71000158897,71000158903,71000158907,71000158893,71000158895,71000158897,0,0,0,0,0,0,3.5,17045,15010,1.0000295336164438,0.9999704663835562
middle,71000159009,71000159039,30,71000159039,71000159053,71000159059,1,1,1,1,71000159011,71000159017,71000159023,71000159011,71000159013,71000159015,0,0,0,0,0,0,3.5,17045,15010,1.0000295336164438,0.9999704663835562
middle,71000159321,71000159333,12,71000159333,71000159339,71000159341,1,1,1,1,71000159323,71000159333,71000159339,71000159323,71000159325,71000159327,0,1,1,0,0,0,3.5,17045,15010,1.0000295336164438,0.9999704663835562
middle,71000159643,71000159647,4,71000159647,71000159653,71000159663,1,1,1,1,71000159647,71000159651,71000159653,71000159645,71000159647,71000159649,1,1,1,0,1,1,3.5,17045,15010,1.0000295336164438,0.9999704663835562
middle,71000160405,71000160421,16,71000160421,71000160443,71000160461,1,1,1,1,71000160409,71000160419,71000160421,71000160407,71000160409,71000160411,0,0,1,0,0,0,3.5,17045,15010,1.0000295336164438,0.9999704663835562
middle,71000160599,71000160607,8,71000160607,71000160611,71000160617,1,1,1,1,71000160601,71000160607,71000160611,71000160601,71000160603,71000160605,0,1,1,0,0,0,3.5,17045,15010,1.0000295336164438,0.9999704663835562
middle,71000160601,71000160607,6,71000160607,71000160611,71000160617,1,1,1,1,71000160607,71000160611,71000160613,71000160603,71000160605,71000160607,1,1,1,0,0,1,3.5,17045,15010,1.0000295336164438,0.9999704663835562
middle,71000160998,71000161019,21,71000161019,71000161033,71000161051,1,1,1,1,71000161007,71000161009,71000161013,71000160999,71000161001,71000161003,0,0,0,0,0,0,3.5,17045,15010,1.0000295336164438,0.9999704663835562
middle,71000161125,71000161163,38,71000161163,71000161187,71000161223,1,1,1,1,71000161129,71000161147,71000161157,71000161127,71000161129,71000161131,0,0,0,0,0,0,3.5,17045,15010,1.0000295336164438,0.9999704663835562
middle,71000161165,71000161223,58,71000161187,71000161223,71000161231,2,0,1,1,71000161171,71000161181,71000161187,71000161167,71000161169,71000161171,0,0,0,0,0,0,3.5,17045,15010,1.0000295336164438,0.9999704663835562
middle,71000161305,71000161327,22,71000161327,71000161363,71000161369,1,1,1,1,71000161307,71000161313,71000161319,71000161307,71000161309,71000161311,0,0,0,0,0,0,3.5,17045,15010,1.0000295336164438,0.9999704663835562
middle,71000161537,71000161559,22,71000161559,71000161577,71000161579,1,1,1,1,71000161541,71000161543,71000161549,71000161539,71000161541,71000161543,0,0,0,0,0,0,3.5,17045,15010,1.0000295336164438,0.9999704663835562
middle,71000161872,71000161879,7,71000161879,71000161907,71000161919,1,1,1,1,71000161873,71000161877,71000161879,71000161873,71000161875,71000161877,0,0,1,0,0,0,3.5,17045,15010,1.0000295336164438,0.9999704663835562
middle,71000162307,71000162347,40,71000162347,71000162353,71000162371,1,1,1,1,71000162309,71000162323,71000162327,71000162309,71000162311,71000162313,0,0,0,0,0,0,3.5,17045,15010,1.0000295336164438,0.9999704663835562
middle,71000162635,71000162647,12,71000162647,71000162657,71000162687,1,1,1,1,71000162641,71000162647,71000162657,71000162637,71000162639,71000162641,0,1,1,0,0,0,3.5,17045,15010,1.0000295336164438,0.9999704663835562
middle,71000162744,71000162759,15,71000162759,71000162773,71000162797,1,1,1,1,71000162747,71000162759,71000162767,71000162745,71000162747,71000162749,0,1,1,0,0,0,3.5,17045,15010,1.0000295336164438,0.9999704663835562
middle,71000162934,71000162957,23,71000162953,71000162957,71000163037,2,0,1,1,71000162951,71000162953,71000162957,71000162935,71000162937,71000162939,0,0,1,0,0,0,3.5,17045,15010,1.0000295336164438,0.9999704663835562
middle,71000163012,71000163037,25,71000163037,71000163041,71000163083,1,1,1,1,71000163019,71000163023,71000163029,71000163013,71000163015,71000163017,0,0,0,0,0,0,3.5,17045,15010,1.0000295336164438,0.9999704663835562
middle,71000163074,71000163083,9,71000163083,71000163097,71000163119,1,1,1,1,71000163079,71000163083,71000163089,71000163075,71000163077,71000163079,0,1,1,0,0,0,3.5,17045,15010,1.0000295336164438,0.9999704663835562
middle,71000163326,71000163347,21,71000163347,71000163361,71000163397,1,1,1,1,71000163331,71000163337,71000163341,71000163327,71000163329,71000163331,0,0,0,0,0,0,3.5,17045,15010,1.0000295336164438,0.9999704663835562
middle,71000163339,71000163347,8,71000163347,71000163361,71000163397,1,1,1,1,71000163341,71000163343,71000163347,71000163341,71000163343,71000163345,0,0,1,0,0,0,3.5,17045,15010,1.0000295336164438,0.9999704663835562
middle,71000163364,71000163397,33,71000163397,71000163407,71000163431,1,1,1,1,71000163371,71000163373,71000163379,71000163365,71000163367,71000163369,0,0,0,0,0,0,3.5,17045,15010,1.0000295336164438,0.9999704663835562
middle,71000163406,71000163407,1,71000163407,71000163431,71000163439,1,1,1,1,71000163407,71000163419,71000163427,71000163407,71000163409,71000163411,1,1,1,1,1,1,3.5,17045,15010,1.0000295336164438,0.9999704663835562
middle,71000163531,71000163541,10,71000163541,71000163551,71000163569,1,1,1,1,71000163539,71000163541,71000163551,71000163533,71000163535,71000163537,0,1,1,0,0,0,3.5,17045,15010,1.0000295336164438,0.9999704663835562
middle,71000163698,71000163733,35,71000163733,71000163763,71000163799,1,1,1,1,71000163701,71000163709,71000163713,71000163699,71000163701,71000163703,0,0,0,0,0,0,3.5,17045,15010,1.0000295336164438,0.9999704663835562
middle,71000163929,71000163991,62,71000163991,71000164007,71000164009,1,1,1,1,71000163931,71000163937,71000163943,71000163931,71000163933,71000163935,0,0,0,0,0,0,3.5,17045,15010,1.0000295336164438,0.9999704663835562
middle,71000164035,71000164057,22,71000164057,71000164069,71000164073,1,1,1,1,71000164043,71000164049,71000164057,71000164037,71000164039,71000164041,0,0,1,0,0,0,3.5,17045,15010,1.0000295336164438,0.9999704663835562
middle,71000164172,71000164211,39,71000164211,71000164217,71000164229,1,1,1,1,71000164177,71000164181,71000164187,71000164173,71000164175,71000164177,0,0,0,0,0,0,3.5,17045,15010,1.0000295336164438,0.9999704663835562
middle,71000164479,71000164493,14,71000164493,71000164519,71000164537,1,1,1,1,71000164481,71000164483,71000164489,71000164481,71000164483,71000164485,0,0,0,0,0,0,3.5,17045,15010,1.0000295336164438,0.9999704663835562
middle,71000164488,71000164493,5,71000164493,71000164519,71000164537,1,1,1,1,71000164489,71000164493,71000164507,71000164489,71000164491,71000164493,0,1,1,0,0,1,3.5,17045,15010,1.0000295336164438,0.9999704663835562
middle,71000164711,71000164723,12,71000164723,71000164759,71000164783,1,1,1,1,71000164717,71000164721,71000164723,71000164713,71000164715,71000164717,0,0,1,0,0,0,3.5,17045,15010,1.0000295336164438,0.9999704663835562
middle,71000165025,71000165039,14,71000165039,71000165069,71000165099,1,1,1,1,71000165039,71000165051,71000165053,71000165027,71000165029,71000165031,1,1,1,0,0,0,3.5,17045,15010,1.0000295336164438,0.9999704663835562
middle,71000165284,71000165293,9,71000165293,71000165317,71000165339,1,1,1,1,71000165293,71000165297,71000165303,71000165285,71000165287,71000165289,1,1,1,0,0,0,3.5,17045,15010,1.0000295336164438,0.9999704663835562
middle,71000165405,71000165417,12,71000165417,71000165419,71000165461,1,1,1,1,71000165407,71000165413,71000165417,71000165407,71000165409,71000165411,0,0,1,0,0,0,3.5,17045,15010,1.0000295336164438,0.9999704663835562
middle,71000165460,71000165461,1,71000165461,71000165497,71000165507,1,1,1,1,71000165461,71000165471,71000165473,71000165461,71000165463,71000165465,1,1,1,1,1,1,3.5,17045,15010,1.0000295336164438,0.9999704663835562
middle,71000165523,71000165531,8,71000165531,71000165569,71000165573,1,1,1,1,71000165527,71000165531,71000165539,71000165525,71000165527,71000165529,0,1,1,0,0,0,3.5,17045,15010,1.0000295336164438,0.9999704663835562
middle,71000165710,71000165711,1,71000165711,71000165771,71000165833,1,1,1,1,71000165711,71000165723,71000165737,71000165711,71000165713,71000165715,1,1,1,1,1,1,3.5,17045,15010,1.0000295336164438,0.9999704663835562
middle,71000165922,71000165953,31,71000165953,71000166011,71000166037,1,1,1,1,71000165923,71000165927,71000165939,71000165923,71000165925,71000165927,0,0,0,0,0,0,3.5,17045,15010,1.0000295336164438,0.9999704663835562
middle,71000165970,71000166011,41,71000166011,71000166037,71000166071,1,1,1,1,71000165981,71000165983,71000165987,71000165971,71000165973,71000165975,0,0,0,0,0,0,3.5,17045,15010,1.0000295336164438,0.9999704663835562
middle,71000166001,71000166011,10,71000166011,71000166037,71000166071,1,1,1,1,71000166007,71000166011,71000166019,71000166003,71000166005,71000166007,0,1,1,0,0,0,3.5,17045,15010,1.0000295336164438,0.9999704663835562
middle,71000166065,71000166071,6,71000166071,71000166073,71000166113,1,1,1,1,71000166067,71000166071,71000166073,71000166067,71000166069,71000166071,0,1,1,0,0,1,3.5,17045,15010,1.0000295336164438,0.9999704663835562
middle,71000166938,71000166959,21,71000166959,71000166961,71000167001,1,1,1,1,71000166943,71000166947,71000166949,71000166939,71000166941,71000166943,0,0,0,0,0,0,3.5,17045,15010,1.0000295336164438,0.9999704663835562
middle,71000166951,71000166959,8,71000166959,71000166961,71000167001,1,1,1,1,71000166959,71000166961,71000166971,71000166953,71000166955,71000166957,1,1,1,0,0,0,3.5,17045,15010,1.0000295336164438,0.9999704663835562
middle,71000167062,71000167079,17,71000167079,71000167097,71000167103,1,1,1,1,71000167079,71000167087,71000167093,71000167063,71000167065,71000167067,1,1,1,0,0,0,3.5,17045,15010,1.0000295336164438,0.9999704663835562
middle,71000167160,71000167171,11,71000167171,71000167181,71000167213,1,1,1,1,71000167163,71000167169,71000167171,71000167161,71000167163,71000167165,0,0,1,0,0,0,3.5,17045,15010,1.0000295336164438,0.9999704663835562
middle,71000167194,71000167213,19,71000167213,71000167237,71000167261,1,1,1,1,71000167201,71000167207,71000167211,71000167195,71000167197,71000167199,0,0,0,0,0,0,3.5,17045,15010,1.0000295336164438,0.9999704663835562
middle,71000167653,71000167661,8,71000167661,71000167691,71000167697,1,1,1,1,71000167657,71000167661,71000167663,71000167655,71000167657,71000167659,0,1,1,0,0,0,3.5,17045,15010,1.0000295336164438,0.9999704663835562
middle,71000167709,71000167717,8,71000167717,71000167723,71000167729,1,1,1,1,71000167717,71000167723,71000167729,71000167711,71000167713,71000167715,1,1,1,0,0,0,3.5,17045,15010,1.0000295336164438,0.9999704663835562
middle,71000167861,71000167891,30,71000167891,71000167921,71000167963,1,1,1,1,71000167867,71000167873,71000167877,71000167863,71000167865,71000167867,0,0,0,0,0,0,3.5,17045,15010,1.0000295336164438,0.9999704663835562
middle,71000167893,71000167921,28,71000167921,71000167963,71000167981,1,1,1,1,71000167897,71000167907,71000167913,71000167895,71000167897,71000167899,0,0,0,0,0,0,3.5,17045,15010,1.0000295336164438,0.9999704663835562
middle,71000168182,71000168191,9,71000168191,71000168207,71000168233,1,1,1,1,71000168189,71000168191,71000168201,71000168183,71000168185,71000168187,0,1,1,0,0,0,3.5,17045,15010,1.0000295336164438,0.9999704663835562
middle,71000168287,71000168293,6,71000168293,71000168303,71000168329,1,1,1,1,71000168293,71000168299,71000168303,71000168289,71000168291,71000168293,1,1,1,0,0,1,3.5,17045,15010,1.0000295336164438,0.9999704663835562
middle,71000168486,71000168509,23,71000168509,71000168549,71000168579,1,1,1,1,71000168489,71000168497,71000168501,71000168487,71000168489,71000168491,0,0,0,0,0,0,3.5,17045,15010,1.0000295336164438,0.9999704663835562
middle,71000168535,71000168549,14,71000168549,71000168579,71000168581,1,1,1,1,71000168537,71000168539,71000168543,71000168537,71000168539,71000168541,0,0,0,0,0,0,3.5,17045,15010,1.0000295336164438,0.9999704663835562
middle,71000168633,71000168683,50,71000168683,71000168693,71000168717,1,1,1,1,71000168641,71000168647,71000168651,71000168635,71000168637,71000168639,0,0,0,0,0,0,3.5,17045,15010,1.0000295336164438,0.9999704663835562
middle,71000168786,71000168819,33,71000168819,71000168839,71000168879,1,1,1,1,71000168797,71000168801,71000168809,71000168787,71000168789,71000168791,0,0,0,0,0,0,3.5,17045,15010,1.0000295336164438,0.9999704663835562
middle,71000168790,71000168819,29,71000168819,71000168839,71000168879,1,1,1,1,71000168797,71000168801,71000168809,71000168791,71000168793,71000168795,0,0,0,0,0,0,3.5,17045,15010,1.0000295336164438,0.9999704663835562
middle,71000168842,71000168879,37,71000168879,71000168881,71000168929,1,1,1,1,71000168843,71000168851,71000168861,71000168843,71000168845,71000168847,0,0,0,0,0,0,3.5,17045,15010,1.0000295336164438,0.9999704663835562
middle,71000168851,71000168879,28,71000168879,71000168881,71000168929,1,1,1,1,71000168861,71000168873,71000168879,71000168853,71000168855,71000168857,0,0,1,0,0,0,3.5,17045,15010,1.0000295336164438,0.9999704663835562
middle,71000169015,71000169047,32,71000169047,71000169049,71000169073,1,1,1,1,71000169017,71000169029,71000169041,71000169017,71000169019,71000169021,0,0,0,0,0,0,3.5,17045,15010,1.0000295336164438,0.9999704663835562
middle,71000169163,71000169169,6,71000169169,71000169199,71000169221,1,1,1,1,71000169167,71000169169,71000169173,71000169165,71000169167,71000169169,0,1,1,0,0,1,3.5,17045,15010,1.0000295336164438,0.9999704663835562
middle,71000169218,71000169221,3,71000169221,71000169259,71000169287,1,1,1,1,71000169221,71000169223,71000169239,71000169219,71000169221,71000169223,1,1,1,0,1,1,3.5,17045,15010,1.0000295336164438,0.9999704663835562
middle,71000169443,71000169481,38,71000169481,71000169529,71000169533,1,1,1,1,71000169451,71000169463,71000169467,71000169445,71000169447,71000169449,0,0,0,0,0,0,3.5,17045,15010,1.0000295336164438,0.9999704663835562
middle,71000169512,71000169529,17,71000169529,71000169533,71000169547,1,1,1,1,71000169517,71000169521,71000169523,71000169513,71000169515,71000169517,0,0,0,0,0,0,3.5,17045,15010,1.0000295336164438,0.9999704663835562
middle,71000169974,71000170009,35,71000170009,71000170051,71000170079,1,1,1,1,71000169983,71000169991,71000169997,71000169975,71000169977,71000169979,0,0,0,0,0,0,3.5,17045,15010,1.0000295336164438,0.9999704663835562
middle,71000170157,71000170247,90,71000170247,71000170249,71000170259,1,1,1,1,71000170169,71000170177,71000170181,71000170159,71000170161,71000170163,0,0,0,0,0,0,3.5,17045,15010,1.0000295336164438,0.9999704663835562
middle,71000170215,71000170247,32,71000170247,71000170249,71000170259,1,1,1,1,71000170223,71000170231,71000170237,71000170217,71000170219,71000170221,0,0,0,0,0,0,3.5,17045,15010,1.0000295336164438,0.9999704663835562
middle,71000170719,71000170751,32,71000170751,71000170753,71000170771,1,1,1,1,71000170723,71000170733,71000170739,71000170721,71000170723,71000170725,0,0,0,0,0,0,3.5,17045,15010,1.0000295336164438,0.9999704663835562
middle,71000170781,71000170789,8,71000170789,71000170793,71000170811,1,1,1,1,71000170783,71000170789,71000170793,71000170783,71000170785,71000170787,0,1,1,0,0,0,3.5,17045,15010,1.0000295336164438,0.9999704663835562
middle,71000170882,71000170909,27,71000170909,71000170963,71000170987,1,1,1,1,71000170883,71000170889,71000170903,71000170883,71000170885,71000170887,0,0,0,0,0,0,3.5,17045,15010,1.0000295336164438,0.9999704663835562
middle,71000171359,71000171393,34,71000171393,71000171401,71000171423,1,1,1,1,71000171369,71000171371,71000171377,71000171361,71000171363,71000171365,0,0,0,0,0,0,3.5,17045,15010,1.0000295336164438,0.9999704663835562
middle,71000171367,71000171393,26,71000171393,71000171401,71000171423,1,1,1,1,71000171369,71000171371,71000171377,71000171369,71000171371,71000171373,0,0,0,0,0,0,3.5,17045,15010,1.0000295336164438,0.9999704663835562
middle,71000171872,71000171873,1,71000171873,71000171897,71000171903,1,1,1,1,71000171873,71000171887,71000171897,71000171873,71000171875,71000171877,1,1,1,1,1,1,3.5,17045,15010,1.0000295336164438,0.9999704663835562
middle,71000172110,71000172137,27,71000172137,71000172169,71000172181,1,1,1,1,71000172119,71000172127,71000172137,71000172111,71000172113,71000172115,0,0,1,0,0,0,3.5,17045,15010,1.0000295336164438,0.9999704663835562
middle,71000172359,71000172379,20,71000172379,71000172431,71000172457,1,1,1,1,71000172361,71000172367,71000172371,71000172361,71000172363,71000172365,0,0,0,0,0,0,3.5,17045,15010,1.0000295336164438,0.9999704663835562
middle,71000172453,71000172457,4,71000172457,71000172473,71000172487,1,1,1,1,71000172457,71000172469,71000172473,71000172455,71000172457,71000172459,1,1,1,0,1,1,3.5,17045,15010,1.0000295336164438,0.9999704663835562
middle,71000172478,71000172487,9,71000172487,71000172511,71000172521,1,1,1,1,71000172479,71000172487,71000172491,71000172479,71000172481,71000172483,0,1,1,0,0,0,3.5,17045,15010,1.0000295336164438,0.9999704663835562
middle,71000172649,71000172721,72,71000172721,71000172739,71000172821,1,1,1,1,71000172653,71000172671,71000172673,71000172651,71000172653,71000172655,0,0,0,0,0,0,3.5,17045,15010,1.0000295336164438,0.9999704663835562
middle,71000172778,71000172821,43,71000172821,71000172829,71000172863,1,1,1,1,71000172779,71000172787,71000172791,71000172779,71000172781,71000172783,0,0,0,0,0,0,3.5,17045,15010,1.0000295336164438,0.9999704663835562
middle,71000173249,71000173259,10,71000173259,71000173261,71000173267,1,1,1,1,71000173253,71000173259,71000173261,71000173251,71000173253,71000173255,0,1,1,0,0,0,3.5,17045,15010,1.0000295336164438,0.9999704663835562
middle,71000174045,71000174117,72,71000174117,71000174123,71000174153,1,1,1,1,71000174051,71000174053,71000174057,71000174047,71000174049,71000174051,0,0,0,0,0,0,3.5,17045,15010,1.0000295336164438,0.9999704663835562
middle,71000174212,71000174227,15,71000174227,71000174261,71000174279,1,1,1,1,71000174213,71000174221,71000174227,71000174213,71000174215,71000174217,0,0,1,0,0,0,3.5,17045,15010,1.0000295336164438,0.9999704663835562
middle,71000174240,71000174279,39,71000174261,71000174279,71000174281,2,0,1,1,71000174243,71000174249,71000174251,71000174241,71000174243,71000174245,0,0,0,0,0,0,3.5,17045,15010,1.0000295336164438,0.9999704663835562
middle,71000174279,71000174281,2,71000174281,71000174291,71000174299,1,1,1,1,71000174281,71000174291,71000174293,71000174281,71000174283,71000174285,1,1,1,1,1,1,3.5,17045,15010,1.0000295336164438,0.9999704663835562
middle,71000174511,71000174521,10,71000174521,71000174533,71000174537,1,1,1,1,71000174513,71000174519,71000174521,71000174513,71000174515,71000174517,0,0,1,0,0,0,3.5,17045,15010,1.0000295336164438,0.9999704663835562
middle,71000174832,71000174849,17,71000174849,71000174867,71000174887,1,1,1,1,71000174837,71000174849,71000174851,71000174833,71000174835,71000174837,0,1,1,0,0,0,3.5,17045,15010,1.0000295336164438,0.9999704663835562
middle,71000174952,71000174953,1,71000174953,71000174957,71000174963,1,1,1,1,71000174953,71000174957,71000174963,71000174953,71000174955,71000174957,1,1,1,1,1,1,3.5,17045,15010,1.0000295336164438,0.9999704663835562
middle,71000175714,71000175761,47,71000175761,71000175791,71000175811,1,1,1,1,71000175721,71000175731,71000175733,71000175715,71000175717,71000175719,0,0,0,0,0,0,3.5,17045,15010,1.0000295336164438,0.9999704663835562
middle,71000175808,71000175811,3,71000175811,71000175853,71000175907,1,1,1,1,71000175809,71000175811,71000175817,71000175809,71000175811,71000175813,0,1,1,0,1,1,3.5,17045,15010,1.0000295336164438,0.9999704663835562
middle,71000175942,71000175943,1,71000175943,71000175989,71000176001,1,1,1,1,71000175943,71000175947,71000175949,71000175943,71000175945,71000175947,1,1,1,1,1,1,3.5,17045,15010,1.0000295336164438,0.9999704663835562
middle,71000176059,71000176061,2,71000176061,71000176067,71000176111,1,1,1,1,71000176061,71000176063,71000176067,71000176061,71000176063,71000176065,1,1,1,1,1,1,3.5,17045,15010,1.0000295336164438,0.9999704663835562
middle,71000176261,71000176283,22,71000176283,71000176309,71000176421,1,1,1,1,71000176267,71000176271,71000176279,71000176263,71000176265,71000176267,0,0,0,0,0,0,3.5,17045,15010,1.0000295336164438,0.9999704663835562
middle,71000176372,71000176421,49,71000176421,71000176447,71000176477,1,1,1,1,71000176381,71000176397,71000176399,71000176373,71000176375,71000176377,0,0,0,0,0,0,3.5,17045,15010,1.0000295336164438,0.9999704663835562
middle,71000176450,71000176477,27,71000176477,71000176483,71000176487,1,1,1,1,71000176451,71000176453,71000176459,71000176451,71000176453,71000176455,0,0,0,0,0,0,3.5,17045,15010,1.0000295336164438,0.9999704663835562
middle,71000176758,71000176783,25,71000176783,71000176787,71000176801,1,1,1,1,71000176759,71000176763,71000176769,71000176759,71000176761,71000176763,0,0,0,0,0,0,3.5,17045,15010,1.0000295336164438,0.9999704663835562
middle,71000176938,71000176957,19,71000176957,71000176963,71000176969,1,1,1,1,71000176939,71000176943,71000176957,71000176939,71000176941,71000176943,0,0,1,0,0,0,3.5,17045,15010,1.0000295336164438,0.9999704663835562
middle,71000177078,71000177089,11,71000177089,71000177093,71000177141,1,1,1,1,71000177081,71000177089,71000177093,71000177079,71000177081,71000177083,0,1,1,0,0,0,3.5,17045,15010,1.0000295336164438,0.9999704663835562
middle,71000177391,71000177411,20,71000177411,71000177461,71000177471,1,1,1,1,71000177393,71000177399,71000177401,71000177393,71000177395,71000177397,0,0,0,0,0,0,3.5,17045,15010,1.0000295336164438,0.9999704663835562
middle,71000177672,71000177719,47,71000177719,71000177723,71000177767,1,1,1,1,71000177687,71000177693,71000177701,71000177673,71000177675,71000177677,0,0,0,0,0,0,3.5,17045,15010,1.0000295336164438,0.9999704663835562
middle,71000178515,71000178517,2,71000178517,71000178539,71000178569,1,1,1,1,71000178517,71000178521,71000178523,71000178517,71000178519,71000178521,1,1,1,1,1,1,3.5,17045,15010,1.0000295336164438,0.9999704663835562
middle,71000178535,71000178539,4,71000178539,71000178569,71000178577,1,1,1,1,71000178539,71000178541,71000178553,71000178537,71000178539,71000178541,1,1,1,0,1,1,3.5,17045,15010,1.0000295336164438,0.9999704663835562
middle,71000179019,71000179027,8,71000179027,71000179037,71000179079,1,1,1,1,71000179021,71000179027,71000179031,71000179021,71000179023,71000179025,0,1,1,0,0,0,3.5,17045,15010,1.0000295336164438,0.9999704663835562
middle,71000179031,71000179037,6,71000179037,71000179079,71000179087,1,1,1,1,71000179037,71000179039,71000179043,71000179033,71000179035,71000179037,1,1,1,0,0,1,3.5,17045,15010,1.0000295336164438,0.9999704663835562
middle,71000179204,71000179207,3,71000179207,71000179223,71000179259,1,1,1,1,71000179207,71000179213,71000179219,71000179205,71000179207,71000179209,1,1,1,0,1,1,3.5,17045,15010,1.0000295336164438,0.9999704663835562
middle,71000179448,71000179483,35,71000179463,71000179483,71000179511,2,0,1,1,71000179451,71000179457,71000179463,71000179449,71000179451,71000179453,0,0,0,0,0,0,3.5,17045,15010,1.0000295336164438,0.9999704663835562
middle,71000180381,71000180387,6,71000180387,71000180389,71000180429,1,1,1,1,71000180387,71000180389,71000180393,71000180383,71000180385,71000180387,1,1,1,0,0,1,3.5,17045,15010,1.0000295336164438,0.9999704663835562
middle,71000180451,71000180473,22,71000180473,71000180483,71000180501,1,1,1,1,71000180453,71000180467,71000180473,71000180453,71000180455,71000180457,0,0,1,0,0,0,3.5,17045,15010,1.0000295336164438,0.9999704663835562
middle,71000180564,71000180567,3,71000180567,71000180593,71000180611,1,1,1,1,71000180567,71000180569,71000180591,71000180565,71000180567,71000180569,1,1,1,0,1,1,3.5,17045,15010,1.0000295336164438,0.9999704663835562
middle,71000180879,71000180941,62,71000180941,71000180969,71000181001,1,1,1,1,71000180887,71000180891,71000180897,71000180881,71000180883,71000180885,0,0,0,0,0,0,3.5,17045,15010,1.0000295336164438,0.9999704663835562
middle,71000181124,71000181137,13,71000181137,71000181139,71000181151,1,1,1,1,71000181127,71000181137,71000181139,71000181125,71000181127,71000181129,0,1,1,0,0,0,3.5,17045,15010,1.0000295336164438,0.9999704663835562
middle,71000181197,71000181211,14,71000181211,71000181227,71000181247,1,1,1,1,71000181209,71000181211,71000181221,71000181199,71000181201,71000181203,0,1,1,0,0,0,3.5,17045,15010,1.0000295336164438,0.9999704663835562
middle,71000181799,71000181823,24,71000181823,71000181853,71000181877,1,1,1,1,71000181803,71000181809,71000181817,71000181801,71000181803,71000181805,0,0,0,0,0,0,3.5,17045,15010,1.0000295336164438,0.9999704663835562
middle,71000181951,71000182067,116,71000182067,71000182069,71000182087,1,1,1,1,71000181953,71000181961,71000181971,71000181953,71000181955,71000181957,0,0,0,0,0,0,3.5,17045,15010,1.0000295336164438,0.9999704663835562
middle,71000182169,71000182223,54,71000182223,71000182241,71000182303,1,1,1,1,71000182171,71000182177,71000182181,71000182171,71000182173,71000182175,0,0,0,0,0,0,3.5,17045,15010,1.0000295336164438,0.9999704663835562
middle,71000182221,71000182223,2,71000182223,71000182241,71000182303,1,1,1,1,71000182223,71000182229,71000182237,71000182223,71000182225,71000182227,1,1,1,1,1,1,3.5,17045,15010,1.0000295336164438,0.9999704663835562
middle,71000182229,71000182241,12,71000182241,71000182303,71000182387,1,1,1,1,71000182237,71000182241,71000182247,71000182231,71000182233,71000182235,0,1,1,0,0,0,3.5,17045,15010,1.0000295336164438,0.9999704663835562
middle,71000182279,71000182303,24,71000182303,71000182387,71000182391,1,1,1,1,71000182283,71000182289,71000182291,71000182281,71000182283,71000182285,0,0,0,0,0,0,3.5,17045,15010,1.0000295336164438,0.9999704663835562
middle,71000182320,71000182387,67,71000182387,71000182391,71000182411,1,1,1,1,71000182333,71000182339,71000182343,71000182321,71000182323,71000182325,0,0,0,0,0,0,3.5,17045,15010,1.0000295336164438,0.9999704663835562
middle,71000182543,71000182573,30,71000182573,71000182633,71000182651,1,1,1,1,71000182549,71000182567,71000182571,71000182545,71000182547,71000182549,0,0,0,0,0,0,3.5,17045,15010,1.0000295336164438,0.9999704663835562
middle,71000182769,71000182819,50,71000182819,71000182837,71000182859,1,1,1,1,71000182777,71000182783,71000182789,71000182771,71000182773,71000182775,0,0,0,0,0,0,3.5,17045,15010,1.0000295336164438,0.9999704663835562
middle,71000182798,71000182819,21,71000182819,71000182837,71000182859,1,1,1,1,71000182801,71000182807,71000182811,71000182799,71000182801,71000182803,0,0,0,0,0,0,3.5,17045,15010,1.0000295336164438,0.9999704663835562
middle,71000183074,71000183081,7,71000183081,71000183083,71000183101,1,1,1,1,71000183077,71000183081,71000183083,71000183075,71000183077,71000183079,0,1,1,0,0,0,3.5,17045,15010,1.0000295336164438,0.9999704663835562
middle,71000183112,71000183131,19,71000183131,71000183173,71000183183,1,1,1,1,71000183113,71000183119,71000183123,71000183113,71000183115,71000183117,0,0,0,0,0,0,3.5,17045,15010,1.0000295336164438,0.9999704663835562
middle,71000183298,71000183321,23,71000183299,71000183321,71000183329,2,0,1,1,71000183299,71000183311,71000183321,71000183299,71000183301,71000183303,0,0,1,0,0,0,3.5,17045,15010,1.0000295336164438,0.9999704663835562
middle,71000183401,71000183411,10,71000183411,71000183417,71000183453,1,1,1,1,71000183407,71000183411,71000183413,71000183403,71000183405,71000183407,0,1,1,0,0,0,3.5,17045,15010,1.0000295336164438,0.9999704663835562
middle,71000183413,71000183417,4,71000183417,71000183453,71000183461,1,1,1,1,71000183417,71000183437,71000183447,71000183415,71000183417,71000183419,1,1,1,0,1,1,3.5,17045,15010,1.0000295336164438,0.9999704663835562
middle,71000183626,71000183641,15,71000183641,71000183651,71000183659,1,1,1,1,71000183627,71000183629,71000183633,71000183627,71000183629,71000183631,0,0,0,0,0,0,3.5,17045,15010,1.0000295336164438,0.9999704663835562
middle,71000184483,71000184503,20,71000184503,71000184509,71000184533,1,1,1,1,71000184487,71000184491,71000184499,71000184485,71000184487,71000184489,0,0,0,0,0,0,3.5,17045,15010,1.0000295336164438,0.9999704663835562
middle,71000184676,71000184691,15,71000184691,71000184727,71000184767,1,1,1,1,71000184677,71000184679,71000184683,71000184677,71000184679,71000184681,0,0,0,0,0,0,3.5,17045,15010,1.0000295336164438,0.9999704663835562
middle,71000184819,71000184823,4,71000184823,71000184841,71000184851,1,1,1,1,71000184821,71000184823,71000184833,71000184821,71000184823,71000184825,0,1,1,0,1,1,3.5,17045,15010,1.0000295336164438,0.9999704663835562
middle,71000184859,71000184863,4,71000184863,71000184901,71000184923,1,1,1,1,71000184863,71000184869,71000184877,71000184861,71000184863,71000184865,1,1,1,0,1,1,3.5,17045,15010,1.0000295336164438,0.9999704663835562
middle,71000184932,71000185021,89,71000185021,71000185063,71000185079,1,1,1,1,71000184943,71000184947,71000184953,71000184933,71000184935,71000184937,0,0,0,0,0,0,3.5,17045,15010,1.0000295336164438,0.9999704663835562
middle,71000184978,71000185021,43,71000185021,71000185063,71000185079,1,1,1,1,71000184991,71000185001,71000185013,71000184979,71000184981,71000184983,0,0,0,0,0,0,3.5,17045,15010,1.0000295336164438,0.9999704663835562
middle,71000185331,71000185423,92,71000185423,71000185427,71000185471,1,1,1,1,71000185339,71000185343,71000185349,71000185333,71000185335,71000185337,0,0,0,0,0,0,3.5,17045,15010,1.0000295336164438,0.9999704663835562
middle,71000186062,71000186063,1,71000186063,71000186071,71000186111,1,1,1,1,71000186063,71000186069,71000186071,71000186063,71000186065,71000186067,1,1,1,1,1,1,3.5,17045,15010,1.0000295336164438,0.9999704663835562
middle,71000186762,71000186767,5,71000186767,71000186783,71000186867,1,1,1,1,71000186767,71000186771,71000186773,71000186763,71000186765,71000186767,1,1,1,0,0,1,3.5,17045,15010,1.0000295336164438,0.9999704663835562
middle,71000187459,71000187463,4,71000187463,71000187481,71000187509,1,1,1,1,71000187463,71000187469,71000187473,71000187461,71000187463,71000187465,1,1,1,0,1,1,3.5,17045,15010,1.0000295336164438,0.9999704663835562
middle,71000187470,71000187481,11,71000187481,71000187509,71000187581,1,1,1,1,71000187473,71000187481,71000187491,71000187471,71000187473,71000187475,0,1,1,0,0,0,3.5,17045,15010,1.0000295336164438,0.9999704663835562
middle,71000187664,71000187673,9,71000187673,71000187679,71000187689,1,1,1,1,71000187667,71000187673,71000187679,71000187665,71000187667,71000187669,0,1,1,0,0,0,3.5,17045,15010,1.0000295336164438,0.9999704663835562
middle,71000187806,71000187827,21,71000187827,71000187887,71000187961,1,1,1,1,71000187809,71000187821,71000187823,71000187807,71000187809,71000187811,0,0,0,0,0,0,3.5,17045,15010,1.0000295336164438,0.9999704663835562
middle,71000188043,71000188117,74,71000188117,71000188151,71000188159,1,1,1,1,71000188069,71000188073,71000188079,71000188045,71000188047,71000188049,0,0,0,0,0,0,3.5,17045,15010,1.0000295336164438,0.9999704663835562
middle,71000188520,71000188531,11,71000188531,71000188541,71000188549,1,1,1,1,71000188529,71000188531,71000188541,71000188521,71000188523,71000188525,0,1,1,0,0,0,3.5,17045,15010,1.0000295336164438,0.9999704663835562
middle,71000189044,71000189063,19,71000189063,71000189081,71000189101,1,1,1,1,71000189047,71000189059,71000189063,71000189045,71000189047,71000189049,0,0,1,0,0,0,3.5,17045,15010,1.0000295336164438,0.9999704663835562
middle,71000189089,71000189101,12,71000189101,71000189123,71000189131,1,1,1,1,71000189093,71000189101,71000189111,71000189091,71000189093,71000189095,0,1,1,0,0,0,3.5,17045,15010,1.0000295336164438,0.9999704663835562
middle,71000189558,71000189573,15,71000189573,71000189639,71000189657,1,1,1,1,71000189567,71000189569,71000189573,71000189559,71000189561,71000189563,0,0,1,0,0,0,3.5,17045,15010,1.0000295336164438,0.9999704663835562
middle,71000189569,71000189573,4,71000189573,71000189639,71000189657,1,1,1,1,71000189573,71000189581,71000189587,71000189571,71000189573,71000189575,1,1,1,0,1,1,3.5,17045,15010,1.0000295336164438,0.9999704663835562
middle,71000189803,71000189807,4,71000189807,71000189849,71000189863,1,1,1,1,71000189807,71000189809,71000189831,71000189805,71000189807,71000189809,1,1,1,0,1,1,3.5,17045,15010,1.0000295336164438,0.9999704663835562
middle,71000189893,71000189947,54,71000189947,71000189989,71000189993,1,1,1,1,71000189899,71000189921,71000189927,71000189895,71000189897,71000189899,0,0,0,0,0,0,3.5,17045,15010,1.0000295336164438,0.9999704663835562
middle,71000190004,71000190011,7,71000190011,71000190013,71000190017,1,1,1,1,71000190007,71000190011,71000190013,71000190005,71000190007,71000190009,0,1,1,0,0,0,3.5,17045,15010,1.0000295336164438,0.9999704663835562
middle,71000190123,71000190181,58,71000190181,71000190197,71000190253,1,1,1,1,71000190127,71000190133,71000190137,71000190125,71000190127,71000190129,0,0,0,0,0,0,3.5,17045,15010,1.0000295336164438,0.9999704663835562
middle,71000190179,71000190181,2,71000190181,71000190197,71000190253,1,1,1,1,71000190181,71000190187,71000190197,71000190181,71000190183,71000190185,1,1,1,1,1,1,3.5,17045,15010,1.0000295336164438,0.9999704663835562
middle,71000190603,71000190643,40,71000190631,71000190643,71000190683,2,0,1,1,71000190619,71000190623,71000190629,71000190605,71000190607,71000190609,0,0,0,0,0,0,3.5,17045,15010,1.0000295336164438,0.9999704663835562
middle,71000190930,71000190959,29,71000190959,71000191133,71000191147,1,1,1,1,71000190931,71000190941,71000190949,71000190931,71000190933,71000190935,0,0,0,0,0,0,3.5,17045,15010,1.0000295336164438,0.9999704663835562
middle,71000191163,71000191177,14,71000191177,71000191181,71000191193,1,1,1,1,71000191169,71000191177,71000191181,71000191165,71000191167,71000191169,0,1,1,0,0,0,3.5,17045,15010,1.0000295336164438,0.9999704663835562
middle,71000191304,71000191309,5,71000191309,71000191313,71000191349,1,1,1,1,71000191307,71000191309,71000191313,71000191305,71000191307,71000191309,0,1,1,0,0,1,3.5,17045,15010,1.0000295336164438,0.9999704663835562
middle,71000191571,71000191627,56,71000191627,71000191643,71000191673,1,1,1,1,71000191579,71000191583,71000191589,71000191573,71000191575,71000191577,0,0,0,0,0,0,3.5,17045,15010,1.0000295336164438,0.9999704663835562
middle,71000192015,71000192089,74,71000192089,71000192119,71000192129,1,1,1,1,71000192017,71000192023,71000192027,71000192017,71000192019,71000192021,0,0,0,0,0,0,3.5,17045,15010,1.0000295336164438,0.9999704663835562
middle,71000192147,71000192167,20,71000192167,71000192173,71000192177,1,1,1,1,71000192149,71000192167,71000192173,71000192149,71000192151,71000192153,0,1,1,0,0,0,3.5,17045,15010,1.0000295336164438,0.9999704663835562
middle,71000192509,71000192573,64,71000192569,71000192573,71000192591,2,0,1,1,71000192513,71000192519,71000192531,71000192511,71000192513,71000192515,0,0,0,0,0,0,3.5,17045,15010,1.0000295336164438,0.9999704663835562
middle,71000193221,71000193233,12,71000193233,71000193247,71000193293,1,1,1,1,71000193223,71000193227,71000193233,71000193223,71000193225,71000193227,0,0,1,0,0,0,3.5,17045,15010,1.0000295336164438,0.9999704663835562
middle,71000193265,71000193307,42,71000193293,71000193307,71000193323,2,0,1,1,71000193281,71000193287,71000193289,71000193267,71000193269,71000193271,0,0,0,0,0,0,3.5,17045,15010,1.0000295336164438,0.9999704663835562
middle,71000193431,71000193463,32,71000193463,71000193479,71000193493,1,1,1,1,71000193437,71000193443,71000193449,71000193433,71000193435,71000193437,0,0,0,0,0,0,3.5,17045,15010,1.0000295336164438,0.9999704663835562
middle,71000193553,71000193557,4,71000193557,71000193569,71000193619,1,1,1,1,71000193557,71000193559,71000193569,71000193555,71000193557,71000193559,1,1,1,0,1,1,3.5,17045,15010,1.0000295336164438,0.9999704663835562
middle,71000193757,71000193767,10,71000193767,71000193821,71000193839,1,1,1,1,71000193763,71000193767,71000193769,71000193759,71000193761,71000193763,0,1,1,0,0,0,3.5,17045,15010,1.0000295336164438,0.9999704663835562
middle,71000193894,71000193907,13,71000193907,71000193931,71000193937,1,1,1,1,71000193899,71000193907,71000193911,71000193895,71000193897,71000193899,0,1,1,0,0,0,3.5,17045,15010,1.0000295336164438,0.9999704663835562
middle,71000193906,71000193907,1,71000193907,71000193931,71000193937,1,1,1,1,71000193907,71000193911,71000193917,71000193907,71000193909,71000193911,1,1,1,1,1,1,3.5,17045,15010,1.0000295336164438,0.9999704663835562
middle,71000194329,71000194339,10,71000194339,71000194361,71000194429,1,1,1,1,71000194337,71000194339,71000194351,71000194331,71000194333,71000194335,0,1,1,0,0,0,3.5,17045,15010,1.0000295336164438,0.9999704663835562
middle,71000194502,71000194513,11,71000194513,71000194537,71000194547,1,1,1,1,71000194511,71000194513,71000194519,71000194503,71000194505,71000194507,0,1,1,0,0,0,3.5,17045,15010,1.0000295336164438,0.9999704663835562
middle,71000194835,71000194843,8,71000194843,71000194873,71000194921,1,1,1,1,71000194841,71000194843,71000194847,71000194837,71000194839,71000194841,0,1,1,0,0,0,3.5,17045,15010,1.0000295336164438,0.9999704663835562
middle,71000194857,71000194873,16,71000194873,71000194921,71000194949,1,1,1,1,71000194861,71000194871,71000194873,71000194859,71000194861,71000194863,0,0,1,0,0,0,3.5,17045,15010,1.0000295336164438,0.9999704663835562
middle,71000195031,71000195033,2,71000195033,71000195039,71000195059,1,1,1,1,71000195033,71000195039,71000195041,71000195033,71000195035,71000195037,1,1,1,1,1,1,3.5,17045,15010,1.0000295336164438,0.9999704663835562
middle,71000195397,71000195401,4,71000195401,71000195501,71000195531,1,1,1,1,71000195401,71000195407,71000195417,71000195399,71000195401,71000195403,1,1,1,0,1,1,3.5,17045,15010,1.0000295336164438,0.9999704663835562
middle,71000195826,71000195839,13,71000195839,71000195843,71000195863,1,1,1,1,71000195831,71000195837,71000195839,71000195827,71000195829,71000195831,0,0,1,0,0,0,3.5,17045,15010,1.0000295336164438,0.9999704663835562
middle,71000196545,71000196577,32,71000196577,71000196611,71000196623,1,1,1,1,71000196551,71000196557,71000196559,71000196547,71000196549,71000196551,0,0,0,0,0,0,3.5,17045,15010,1.0000295336164438,0.9999704663835562
middle,71000196903,71000196913,10,71000196913,71000196929,71000196973,1,1,1,1,71000196913,71000196919,71000196923,71000196905,71000196907,71000196909,1,1,1,0,0,0,3.5,17045,15010,1.0000295336164438,0.9999704663835562
middle,71000197106,71000197189,83,71000197181,71000197189,71000197241,2,0,1,1,71000197109,71000197117,71000197123,71000197107,71000197109,71000197111,0,0,0,0,0,0,3.5,17045,15010,1.0000295336164438,0.9999704663835562
middle,71000197247,71000197273,26,71000197273,71000197319,71000197363,1,1,1,1,71000197249,71000197259,71000197267,71000197249,71000197251,71000197253,0,0,0,0,0,0,3.5,17045,15010,1.0000295336164438,0.9999704663835562
middle,71000197769,71000197789,20,71000197789,71000197811,71000197817,1,1,1,1,71000197771,71000197777,71000197781,71000197771,71000197773,71000197775,0,0,0,0,0,0,3.5,17045,15010,1.0000295336164438,0.9999704663835562
middle,71000197814,71000197817,3,71000197817,71000197837,71000197843,1,1,1,1,71000197817,71000197819,71000197831,71000197815,71000197817,71000197819,1,1,1,0,1,1,3.5,17045,15010,1.0000295336164438,0.9999704663835562
middle,71000197917,71000197987,70,71000197987,71000197991,71000197993,1,1,1,1,71000197943,71000197949,71000197951,71000197919,71000197921,71000197923,0,0,0,0,0,0,3.5,17045,15010,1.0000295336164438,0.9999704663835562
middle,71000198072,71000198099,27,71000198099,71000198107,71000198117,1,1,1,1,71000198077,71000198081,71000198083,71000198073,71000198075,71000198077,0,0,0,0,0,0,3.5,17045,15010,1.0000295336164438,0.9999704663835562
middle,71000198239,71000198327,88,71000198327,71000198333,71000198363,1,1,1,1,71000198249,71000198251,71000198257,71000198241,71000198243,71000198245,0,0,0,0,0,0,3.5,17045,15010,1.0000295336164438,0.9999704663835562
middle,71000198404,71000198413,9,71000198413,71000198443,71000198447,1,1,1,1,71000198407,71000198411,71000198413,71000198405,71000198407,71000198409,0,0,1,0,0,0,3.5,17045,15010,1.0000295336164438,0.9999704663835562
middle,71000198566,71000198569,3,71000198569,71000198579,71000198593,1,1,1,1,71000198567,71000198569,71000198579,71000198567,71000198569,71000198571,0,1,1,0,1,1,3.5,17045,15010,1.0000295336164438,0.9999704663835562
middle,71000198622,71000198681,59,71000198681,71000198701,71000198803,1,1,1,1,71000198623,71000198627,71000198629,71000198623,71000198625,71000198627,0,0,0,0,0,0,3.5,17045,15010,1.0000295336164438,0.9999704663835562
middle,71000199120,71000199121,1,71000199121,71000199139,71000199223,1,1,1,1,71000199121,71000199131,71000199133,71000199121,71000199123,71000199125,1,1,1,1,1,1,3.5,17045,15010,1.0000295336164438,0.9999704663835562
middle,71000199159,71000199223,64,71000199223,71000199247,71000199251,1,1,1,1,71000199161,71000199167,71000199169,71000199161,71000199163,71000199165,0,0,0,0,0,0,3.5,17045,15010,1.0000295336164438,0.9999704663835562
middle,71000199338,71000199353,15,71000199353,71000199377,71000199401,1,1,1,1,71000199341,71000199349,71000199353,71000199339,71000199341,71000199343,0,0,1,0,0,0,3.5,17045,15010,1.0000295336164438,0.9999704663835562
middle,71000199448,71000199481,33,71000199481,71000199509,71000199511,1,1,1,1,71000199449,71000199451,71000199461,71000199449,71000199451,71000199453,0,0,0,0,0,0,3.5,17045,15010,1.0000295336164438,0.9999704663835562
middle,71000199503,71000199511,8,71000199509,71000199511,71000199551,2,0,1,1,71000199509,71000199511,71000199521,71000199505,71000199507,71000199509,0,1,1,0,0,0,3.5,17045,15010,1.0000295336164438,0.9999704663835562
middle,71000199679,71000199703,24,71000199703,71000199707,71000199731,1,1,1,1,71000199689,71000199691,71000199701,71000199681,71000199683,71000199685,0,0,0,0,0,0,3.5,17045,15010,1.0000295336164438,0.9999704663835562
middle,71000199873,71000199901,28,71000199901,71000199911,71000199923,1,1,1,1,71000199877,71000199883,71000199887,71000199875,71000199877,71000199879,0,0,0,0,0,0,3.5,17045,15010,1.0000295336164438,0.9999704663835562
middle,71000199913,71000199923,10,71000199923,71000199947,71000199973,1,1,1,1,71000199917,71000199923,71000199929,71000199915,71000199917,71000199919,0,1,1,0,0,0,3.5,17045,15010,1.0000295336164438,0.9999704663835562
middle,71000199940,71000199947,7,71000199947,71000199973,71000200003,1,1,1,1,71000199943,71000199947,71000199961,71000199941,71000199943,71000199945,0,1,1,0,0,0,3.5,17045,15010,1.0000295336164438,0.9999704663835562
middle,71000200312,71000200339,27,71000200339,71000200391,71000200421,1,1,1,1,71000200319,71000200321,71000200333,71000200313,71000200315,71000200317,0,0,0,0,0,0,3.5,17045,15010,1.0000295336164438,0.9999704663835562
middle,71000200341,71000200391,50,71000200391,71000200421,71000200423,1,1,1,1,71000200343,71000200351,71000200357,71000200343,71000200345,71000200347,0,0,0,0,0,0,3.5,17045,15010,1.0000295336164438,0.9999704663835562
middle,71000200643,71000200669,26,71000200669,71000200679,71000200693,1,1,1,1,71000200651,71000200657,71000200669,71000200645,71000200647,71000200649,0,0,1,0,0,0,3.5,17045,15010,1.0000295336164438,0.9999704663835562
middle,71000200762,71000200769,7,71000200769,71000200771,71000200811,1,1,1,1,71000200763,71000200769,71000200771,71000200763,71000200765,71000200767,0,1,1,0,0,0,3.5,17045,15010,1.0000295336164438,0.9999704663835562
middle,71000200799,71000200811,12,71000200811,71000200933,71000200967,1,1,1,1,71000200801,71000200807,71000200811,71000200801,71000200803,71000200805,0,0,1,0,0,0,3.5,17045,15010,1.0000295336164438,0.9999704663835562
middle,71000201155,71000201177,22,71000201177,71000201197,71000201203,1,1,1,1,71000201159,71000201161,71000201177,71000201157,71000201159,71000201161,0,0,1,0,0,0,3.5,17045,15010,1.0000295336164438,0.9999704663835562
middle,71000201263,71000201273,10,71000201273,71000201309,71000201323,1,1,1,1,71000201267,71000201269,71000201273,71000201265,71000201267,71000201269,0,0,1,0,0,0,3.5,17045,15010,1.0000295336164438,0.9999704663835562
middle,71000202639,71000202667,28,71000202667,71000202671,71000202673,1,1,1,1,71000202641,71000202643,71000202661,71000202641,71000202643,71000202645,0,0,0,0,0,0,3.5,17045,15010,1.0000295336164438,0.9999704663835562
middle,71000202811,71000202817,6,71000202817,71000202821,71000202829,1,1,1,1,71000202817,71000202821,71000202827,71000202813,71000202815,71000202817,1,1,1,0,0,1,3.5,17045,15010,1.0000295336164438,0.9999704663835562
middle,71000203146,71000203147,1,71000203147,71000203223,71000203249,1,1,1,1,71000203147,71000203151,71000203159,71000203147,71000203149,71000203151,1,1,1,1,1,1,3.5,17045,15010,1.0000295336164438,0.9999704663835562
middle,71000203160,71000203249,89,71000203223,71000203249,71000203301,2,0,1,1,71000203171,71000203177,71000203187,71000203161,71000203163,71000203165,0,0,0,0,0,0,3.5,17045,15010,1.0000295336164438,0.9999704663835562
middle,71000203326,71000203361,35,71000203361,71000203397,71000203451,1,1,1,1,71000203327,71000203331,71000203343,71000203327,71000203329,71000203331,0,0,0,0,0,0,3.5,17045,15010,1.0000295336164438,0.9999704663835562
middle,71000203470,71000203501,31,71000203501,71000203507,71000203559,1,1,1,1,71000203471,71000203481,71000203489,71000203471,71000203473,71000203475,0,0,0,0,0,0,3.5,17045,15010,1.0000295336164438,0.9999704663835562
middle,71000203643,71000203693,50,71000203649,71000203663,71000203693,3,0,0,1,71000203649,71000203657,71000203661,71000203645,71000203647,71000203649,0,0,0,0,0,0,3.5,17045,15010,1.0000295336164438,0.9999704663835562
middle,71000204144,71000204173,29,71000204159,71000204173,71000204203,2,0,1,1,71000204147,71000204153,71000204159,71000204145,71000204147,71000204149,0,0,0,0,0,0,3.5,17045,15010,1.0000295336164438,0.9999704663835562
middle,71000204184,71000204203,19,71000204203,71000204237,71000204257,1,1,1,1,71000204189,71000204201,71000204203,71000204185,71000204187,71000204189,0,0,1,0,0,0,3.5,17045,15010,1.0000295336164438,0.9999704663835562
middle,71000204574,71000204581,7,71000204581,71000204617,71000204629,1,1,1,1,71000204579,71000204581,71000204599,71000204575,71000204577,71000204579,0,1,1,0,0,0,3.5,17045,15010,1.0000295336164438,0.9999704663835562
middle,71000205018,71000205041,23,71000205041,71000205109,71000205137,1,1,1,1,71000205019,71000205037,71000205041,71000205019,71000205021,71000205023,0,0,1,0,0,0,3.5,17045,15010,1.0000295336164438,0.9999704663835562
middle,71000205053,71000205109,56,71000205109,71000205137,71000205149,1,1,1,1,71000205061,71000205071,71000205077,71000205055,71000205057,71000205059,0,0,0,0,0,0,3.5,17045,15010,1.0000295336164438,0.9999704663835562
middle,71000205115,71000205137,22,71000205137,71000205149,71000205239,1,1,1,1,71000205121,71000205127,71000205131,71000205117,71000205119,71000205121,0,0,0,0,0,0,3.5,17045,15010,1.0000295336164438,0.9999704663835562
middle,71000205719,71000205737,18,71000205737,71000205751,71000205827,1,1,1,1,71000205721,71000205733,71000205737,71000205721,71000205723,71000205725,0,0,1,0,0,0,3.5,17045,15010,1.0000295336164438,0.9999704663835562
middle,71000205914,71000205919,5,71000205919,71000205923,71000205929,1,1,1,1,71000205919,71000205923,71000205929,71000205915,71000205917,71000205919,1,1,1,0,0,1,3.5,17045,15010,1.0000295336164438,0.9999704663835562
middle,71000206171,71000206219,48,71000206219,71000206231,71000206237,1,1,1,1,71000206177,71000206181,71000206187,71000206173,71000206175,71000206177,0,0,0,0,0,0,3.5,17045,15010,1.0000295336164438,0.9999704663835562
middle,71000206206,71000206219,13,71000206219,71000206231,71000206237,1,1,1,1,71000206213,71000206219,71000206229,71000206207,71000206209,71000206211,0,1,1,0,0,0,3.5,17045,15010,1.0000295336164438,0.9999704663835562
middle,71000206274,71000206279,5,71000206279,71000206283,71000206399,1,1,1,1,71000206279,71000206283,71000206289,71000206275,71000206277,71000206279,1,1,1,0,0,1,3.5,17045,15010,1.0000295336164438,0.9999704663835562
middle,71000206412,71000206421,9,71000206421,71000206429,71000206483,1,1,1,1,71000206421,71000206423,71000206429,71000206413,71000206415,71000206417,1,1,1,0,0,0,3.5,17045,15010,1.0000295336164438,0.9999704663835562
middle,71000206507,71000206547,40,71000206547,71000206549,71000206553,1,1,1,1,71000206513,71000206517,71000206531,71000206509,71000206511,71000206513,0,0,0,0,0,0,3.5,17045,15010,1.0000295336164438,0.9999704663835562
middle,71000206707,71000206729,22,71000206729,71000206763,71000206769,1,1,1,1,71000206709,71000206721,71000206723,71000206709,71000206711,71000206713,0,0,0,0,0,0,3.5,17045,15010,1.0000295336164438,0.9999704663835562
middle,71000207246,71000207251,5,71000207251,71000207263,71000207281,1,1,1,1,71000207249,71000207251,71000207263,71000207247,71000207249,71000207251,0,1,1,0,0,1,3.5,17045,15010,1.0000295336164438,0.9999704663835562
middle,71000207494,71000207507,13,71000207507,71000207519,71000207657,1,1,1,1,71000207497,71000207501,71000207503,71000207495,71000207497,71000207499,0,0,0,0,0,0,3.5,17045,15010,1.0000295336164438,0.9999704663835562
middle,71000207573,71000207657,84,71000207657,71000207659,71000207669,1,1,1,1,71000207587,71000207591,71000207599,71000207575,71000207577,71000207579,0,0,0,0,0,0,3.5,17045,15010,1.0000295336164438,0.9999704663835562
middle,71000208136,71000208163,27,71000208163,71000208187,71000208233,1,1,1,1,71000208137,71000208143,71000208151,71000208137,71000208139,71000208141,0,0,0,0,0,0,3.5,17045,15010,1.0000295336164438,0.9999704663835562
middle,71000208237,71000208283,46,71000208283,71000208319,71000208329,1,1,1,1,71000208239,71000208241,71000208259,71000208239,71000208241,71000208243,0,0,0,0,0,0,3.5,17045,15010,1.0000295336164438,0.9999704663835562
middle,71000208370,71000208379,9,71000208379,71000208403,71000208413,1,1,1,1,71000208371,71000208373,71000208379,71000208371,71000208373,71000208375,0,0,1,0,0,0,3.5,17045,15010,1.0000295336164438,0.9999704663835562
middle,71000208487,71000208491,4,71000208491,71000208509,71000208511,1,1,1,1,71000208491,71000208493,71000208497,71000208489,71000208491,71000208493,1,1,1,0,1,1,3.5,17045,15010,1.0000295336164438,0.9999704663835562
middle,71000208655,71000208659,4,71000208659,71000208661,71000208709,1,1,1,1,71000208659,71000208661,71000208667,71000208657,71000208659,71000208661,1,1,1,0,1,1,3.5,17045,15010,1.0000295336164438,0.9999704663835562
middle,71000208828,71000208847,19,71000208833,71000208847,71000208857,2,0,1,1,71000208833,71000208847,71000208857,71000208829,71000208831,71000208833,0,1,1,0,0,0,3.5,17045,15010,1.0000295336164438,0.9999704663835562
middle,71000208914,71000208931,17,71000208931,71000208941,71000208947,1,1,1,1,71000208931,71000208941,71000208947,71000208915,71000208917,71000208919,1,1,1,0,0,0,3.5,17045,15010,1.0000295336164438,0.9999704663835562
middle,71000209303,71000209309,6,71000209309,71000209321,71000209327,1,1,1,1,71000209307,71000209309,71000209321,71000209305,71000209307,71000209309,0,1,1,0,0,1,3.5,17045,15010,1.0000295336164438,0.9999704663835562
middle,71000209427,71000209439,12,71000209439,71000209459,71000209463,1,1,1,1,71000209429,71000209433,71000209439,71000209429,71000209431,71000209433,0,0,1,0,0,0,3.5,17045,15010,1.0000295336164438,0.9999704663835562
middle,71000209444,71000209459,15,71000209459,71000209463,71000209481,1,1,1,1,71000209447,71000209457,71000209459,71000209445,71000209447,71000209449,0,0,1,0,0,0,3.5,17045,15010,1.0000295336164438,0.9999704663835562
middle,71000209584,71000209619,35,71000209619,71000209667,71000209669,1,1,1,1,71000209591,71000209597,71000209601,71000209585,71000209587,71000209589,0,0,0,0,0,0,3.5,17045,15010,1.0000295336164438,0.9999704663835562
middle,71000209635,71000209667,32,71000209667,71000209669,71000209703,1,1,1,1,71000209649,71000209661,71000209663,71000209637,71000209639,71000209641,0,0,0,0,0,0,3.5,17045,15010,1.0000295336164438,0.9999704663835562
middle,71000210377,71000210399,22,71000210399,71000210441,71000210443,1,1,1,1,71000210381,71000210383,71000210389,71000210379,71000210381,71000210383,0,0,0,0,0,0,3.5,17045,15010,1.0000295336164438,0.9999704663835562
middle,71000210482,71000210503,21,71000210503,71000210521,71000210543,1,1,1,1,71000210483,71000210497,71000210503,71000210483,71000210485,71000210487,0,0,1,0,0,0,3.5,17045,15010,1.0000295336164438,0.9999704663835562
middle,71000210984,71000210999,15,71000210999,71000211043,71000211049,1,1,1,1,71000210987,71000210989,71000210993,71000210985,71000210987,71000210989,0,0,0,0,0,0,3.5,17045,15010,1.0000295336164438,0.9999704663835562
middle,71000211237,71000211251,14,71000211251,71000211253,71000211283,1,1,1,1,71000211239,71000211241,71000211251,71000211239,71000211241,71000211243,0,0,1,0,0,0,3.5,17045,15010,1.0000295336164438,0.9999704663835562
middle,71000211352,71000211407,55,71000211407,71000211413,71000211439,1,1,1,1,71000211361,71000211367,71000211371,71000211353,71000211355,71000211357,0,0,0,0,0,0,3.5,17045,15010,1.0000295336164438,0.9999704663835562
middle,71000211868,71000211871,3,71000211871,71000211889,71000211911,1,1,1,1,71000211869,71000211871,71000211881,71000211869,71000211871,71000211873,0,1,1,0,1,1,3.5,17045,15010,1.0000295336164438,0.9999704663835562
middle,71000212049,71000212081,32,71000212057,71000212081,71000212091,2,0,1,1,71000212051,71000212057,71000212061,71000212051,71000212053,71000212055,0,0,0,0,0,0,3.5,17045,15010,1.0000295336164438,0.9999704663835562
middle,71000212492,71000212499,7,71000212499,71000212511,71000212559,1,1,1,1,71000212499,71000212501,71000212511,71000212493,71000212495,71000212497,1,1,1,0,0,0,3.5,17045,15010,1.0000295336164438,0.9999704663835562
middle,71000212655,71000212663,8,71000212663,71000212697,71000212741,1,1,1,1,71000212663,71000212667,71000212669,71000212657,71000212659,71000212661,1,1,1,0,0,0,3.5,17045,15010,1.0000295336164438,0.9999704663835562
middle,71000212682,71000212697,15,71000212697,71000212741,71000212747,1,1,1,1,71000212691,71000212693,71000212697,71000212683,71000212685,71000212687,0,0,1,0,0,0,3.5,17045,15010,1.0000295336164438,0.9999704663835562
middle,71000213165,71000213183,18,71000213183,71000213201,71000213203,1,1,1,1,71000213171,71000213173,71000213183,71000213167,71000213169,71000213171,0,0,1,0,0,0,3.5,17045,15010,1.0000295336164438,0.9999704663835562
middle,71000213615,71000213623,8,71000213623,71000213633,71000213657,1,1,1,1,71000213617,71000213621,71000213623,71000213617,71000213619,71000213621,0,0,1,0,0,0,3.5,17045,15010,1.0000295336164438,0.9999704663835562
middle,71000213747,71000213803,56,71000213803,71000213861,71000213887,1,1,1,1,71000213749,71000213759,71000213761,71000213749,71000213751,71000213753,0,0,0,0,0,0,3.5,17045,15010,1.0000295336164438,0.9999704663835562
middle,71000213830,71000213861,31,71000213861,71000213887,71000213899,1,1,1,1,71000213831,71000213833,71000213849,71000213831,71000213833,71000213835,0,0,0,0,0,0,3.5,17045,15010,1.0000295336164438,0.9999704663835562
middle,71000213994,71000214001,7,71000214001,71000214007,71000214031,1,1,1,1,71000214001,71000214007,71000214013,71000213995,71000213997,71000213999,1,1,1,0,0,0,3.5,17045,15010,1.0000295336164438,0.9999704663835562
middle,71000214036,71000214037,1,71000214037,71000214041,71000214071,1,1,1,1,71000214037,71000214041,71000214053,71000214037,71000214039,71000214041,1,1,1,1,1,1,3.5,17045,15010,1.0000295336164438,0.9999704663835562
middle,71000214705,71000214709,4,71000214709,71000214731,71000214773,1,1,1,1,71000214707,71000214709,71000214713,71000214707,71000214709,71000214711,0,1,1,0,1,1,3.5,17045,15010,1.0000295336164438,0.9999704663835562
middle,71000215553,71000215567,14,71000215567,71000215609,71000215633,1,1,1,1,71000215567,71000215571,71000215577,71000215555,71000215557,71000215559,1,1,1,0,0,0,3.5,17045,15010,1.0000295336164438,0.9999704663835562
middle,71000215698,71000215703,5,71000215703,71000215747,71000215753,1,1,1,1,71000215703,71000215711,71000215717,71000215699,71000215701,71000215703,1,1,1,0,0,1,3.5,17045,15010,1.0000295336164438,0.9999704663835562
middle,71000216062,71000216069,7,71000216069,71000216099,71000216167,1,1,1,1,71000216069,71000216071,71000216081,71000216063,71000216065,71000216067,1,1,1,0,0,0,3.5,17045,15010,1.0000295336164438,0.9999704663835562
middle,71000216228,71000216237,9,71000216237,71000216269,71000216293,1,1,1,1,71000216233,71000216237,71000216239,71000216229,71000216231,71000216233,0,1,1,0,0,0,3.5,17045,15010,1.0000295336164438,0.9999704663835562
middle,71000216237,71000216269,32,71000216269,71000216293,71000216299,1,1,1,1,71000216239,71000216249,71000216257,71000216239,71000216241,71000216243,0,0,0,0,0,0,3.5,17045,15010,1.0000295336164438,0.9999704663835562
middle,71000216487,71000216503,16,71000216503,71000216509,71000216537,1,1,1,1,71000216489,71000216501,71000216503,71000216489,71000216491,71000216493,0,0,1,0,0,0,3.5,17045,15010,1.0000295336164438,0.9999704663835562
middle,71000216528,71000216537,9,71000216537,71000216579,71000216591,1,1,1,1,71000216531,71000216533,71000216537,71000216529,71000216531,71000216533,0,0,1,0,0,0,3.5,17045,15010,1.0000295336164438,0.9999704663835562
middle,71000216550,71000216579,29,71000216579,71000216591,71000216713,1,1,1,1,71000216561,71000216563,71000216569,71000216551,71000216553,71000216555,0,0,0,0,0,0,3.5,17045,15010,1.0000295336164438,0.9999704663835562
middle,71000217323,71000217403,80,71000217403,71000217437,71000217439,1,1,1,1,71000217329,71000217331,71000217347,71000217325,71000217327,71000217329,0,0,0,0,0,0,3.5,17045,15010,1.0000295336164438,0.9999704663835562
middle,71000217741,71000217763,22,71000217763,71000217863,71000217877,1,1,1,1,71000217751,71000217763,71000217767,71000217743,71000217745,71000217747,0,1,1,0,0,0,3.5,17045,15010,1.0000295336164438,0.9999704663835562
middle,71000217748,71000217763,15,71000217763,71000217863,71000217877,1,1,1,1,71000217751,71000217763,71000217767,71000217749,71000217751,71000217753,0,1,1,0,0,0,3.5,17045,15010,1.0000295336164438,0.9999704663835562
middle,71000217932,71000217983,51,71000217983,71000217997,71000218013,1,1,1,1,71000217941,71000217943,71000217947,71000217933,71000217935,71000217937,0,0,0,0,0,0,3.5,17045,15010,1.0000295336164438,0.9999704663835562
middle,71000218389,71000218409,20,71000218409,71000218433,71000218441,1,1,1,1,71000218403,71000218409,71000218411,71000218391,71000218393,71000218395,0,1,1,0,0,0,3.5,17045,15010,1.0000295336164438,0.9999704663835562
middle,71000218687,71000218693,6,71000218693,71000218721,71000218739,1,1,1,1,71000218691,71000218693,71000218697,71000218689,71000218691,71000218693,0,1,1,0,0,1,3.5,17045,15010,1.0000295336164438,0.9999704663835562
middle,71000218829,71000218841,12,71000218841,71000218859,71000218867,1,1,1,1,71000218831,71000218841,71000218843,71000218831,71000218833,71000218835,0,1,1,0,0,0,3.5,17045,15010,1.0000295336164438,0.9999704663835562
middle,71000218952,71000218957,5,71000218957,71000218963,71000218981,1,1,1,1,71000218957,71000218963,71000218967,71000218953,71000218955,71000218957,1,1,1,0,0,1,3.5,17045,15010,1.0000295336164438,0.9999704663835562
middle,71000218978,71000218981,3,71000218981,71000219023,71000219029,1,1,1,1,71000218979,71000218981,71000218987,71000218979,71000218981,71000218983,0,1,1,0,1,1,3.5,17045,15010,1.0000295336164438,0.9999704663835562
middle,71000219459,71000219467,8,71000219467,71000219513,71000219527,1,1,1,1,71000219461,71000219467,71000219471,71000219461,71000219463,71000219465,0,1,1,0,0,0,3.5,17045,15010,1.0000295336164438,0.9999704663835562
middle,71000219497,71000219527,30,71000219513,71000219527,71000219533,2,0,1,1,71000219501,71000219503,71000219509,71000219499,71000219501,71000219503,0,0,0,0,0,0,3.5,17045,15010,1.0000295336164438,0.9999704663835562
middle,71000220727,71000220757,30,71000220757,71000220779,71000220847,1,1,1,1,71000220743,71000220749,71000220751,71000220729,71000220731,71000220733,0,0,0,0,0,0,3.5,17045,15010,1.0000295336164438,0.9999704663835562
middle,71000220801,71000220847,46,71000220847,71000220869,71000220901,1,1,1,1,71000220803,71000220817,71000220821,71000220803,71000220805,71000220807,0,0,0,0,0,0,3.5,17045,15010,1.0000295336164438,0.9999704663835562
middle,71000220808,71000220847,39,71000220847,71000220869,71000220901,1,1,1,1,71000220817,71000220821,71000220827,71000220809,71000220811,71000220813,0,0,0,0,0,0,3.5,17045,15010,1.0000295336164438,0.9999704663835562
middle,71000220964,71000220971,7,71000220971,71000221027,71000221031,1,1,1,1,71000220971,71000220983,71000220989,71000220965,71000220967,71000220969,1,1,1,0,0,0,3.5,17045,15010,1.0000295336164438,0.9999704663835562
middle,71000221125,71000221153,28,71000221153,71000221223,71000221247,1,1,1,1,71000221129,71000221133,71000221139,71000221127,71000221129,71000221131,0,0,0,0,0,0,3.5,17045,15010,1.0000295336164438,0.9999704663835562
middle,71000221296,71000221309,13,71000221309,71000221333,71000221343,1,1,1,1,71000221301,71000221309,71000221321,71000221297,71000221299,71000221301,0,1,1,0,0,0,3.5,17045,15010,1.0000295336164438,0.9999704663835562
middle,71000221351,71000221373,22,71000221373,71000221379,71000221441,1,1,1,1,71000221361,71000221363,71000221367,71000221353,71000221355,71000221357,0,0,0,0,0,0,3.5,17045,15010,1.0000295336164438,0.9999704663835562
middle,71000221945,71000221951,6,71000221951,71000222011,71000222047,1,1,1,1,71000221949,71000221951,71000221961,71000221947,71000221949,71000221951,0,1,1,0,0,1,3.5,17045,15010,1.0000295336164438,0.9999704663835562
middle,71000221953,71000222011,58,71000222011,71000222047,71000222063,1,1,1,1,71000221961,71000221967,71000221969,71000221955,71000221957,71000221959,0,0,0,0,0,0,3.5,17045,15010,1.0000295336164438,0.9999704663835562
middle,71000222145,71000222147,2,71000222147,71000222173,71000222221,1,1,1,1,71000222147,71000222149,71000222159,71000222147,71000222149,71000222151,1,1,1,1,1,1,3.5,17045,15010,1.0000295336164438,0.9999704663835562
middle,71000222252,71000222261,9,71000222261,71000222273,71000222287,1,1,1,1,71000222261,71000222263,71000222269,71000222253,71000222255,71000222257,1,1,1,0,0,0,3.5,17045,15010,1.0000295336164438,0.9999704663835562
middle,71000222297,71000222309,12,71000222309,71000222317,71000222387,1,1,1,1,71000222299,71000222303,71000222309,71000222299,71000222301,71000222303,0,0,1,0,0,0,3.5,17045,15010,1.0000295336164438,0.9999704663835562
middle,71000222732,71000222759,27,71000222759,71000222809,71000222851,1,1,1,1,71000222737,71000222743,71000222749,71000222733,71000222735,71000222737,0,0,0,0,0,0,3.5,17045,15010,1.0000295336164438,0.9999704663835562
middle,71000222933,71000222939,6,71000222939,71000222947,71000222977,1,1,1,1,71000222939,71000222947,71000222957,71000222935,71000222937,71000222939,1,1,1,0,0,1,3.5,17045,15010,1.0000295336164438,0.9999704663835562
middle,71000223360,71000223361,1,71000223361,71000223377,71000223383,1,1,1,1,71000223361,71000223367,71000223373,71000223361,71000223363,71000223365,1,1,1,1,1,1,3.5,17045,15010,1.0000295336164438,0.9999704663835562
middle,71000223634,71000223659,25,71000223659,71000223703,71000223713,1,1,1,1,71000223641,71000223643,71000223647,71000223635,71000223637,71000223639,0,0,0,0,0,0,3.5,17045,15010,1.0000295336164438,0.9999704663835562
middle,71000223749,71000223761,12,71000223761,71000223787,71000223793,1,1,1,1,71000223751,71000223757,71000223761,71000223751,71000223753,71000223755,0,0,1,0,0,0,3.5,17045,15010,1.0000295336164438,0.9999704663835562
middle,71000223994,71000223997,3,71000223997,71000224051,71000224117,1,1,1,1,71000223997,71000224007,71000224013,71000223995,71000223997,71000223999,1,1,1,0,1,1,3.5,17045,15010,1.0000295336164438,0.9999704663835562
middle,71000224212,71000224219,7,71000224219,71000224231,71000224261,1,1,1,1,71000224213,71000224219,71000224223,71000224213,71000224215,71000224217,0,1,1,0,0,0,3.5,17045,15010,1.0000295336164438,0.9999704663835562
middle,71000224236,71000224261,25,71000224261,71000224291,71000224303,1,1,1,1,71000224237,71000224241,71000224247,71000224237,71000224239,71000224241,0,0,0,0,0,0,3.5,17045,15010,1.0000295336164438,0.9999704663835562
middle,71000224302,71000224303,1,71000224303,71000224319,71000224331,1,1,1,1,71000224303,71000224307,71000224319,71000224303,71000224305,71000224307,1,1,1,1,1,1,3.5,17045,15010,1.0000295336164438,0.9999704663835562
middle,71000224370,71000224391,21,71000224391,71000224397,71000224409,1,1,1,1,71000224381,71000224387,71000224391,71000224371,71000224373,71000224375,0,0,1,0,0,0,3.5,17045,15010,1.0000295336164438,0.9999704663835562
middle,71000224999,71000225041,42,71000225041,71000225047,71000225053,1,1,1,1,71000225003,71000225011,71000225017,71000225001,71000225003,71000225005,0,0,0,0,0,0,3.5,17045,15010,1.0000295336164438,0.9999704663835562
middle,71000225584,71000225599,15,71000225599,71000225609,71000225623,1,1,1,1,71000225587,71000225591,71000225599,71000225585,71000225587,71000225589,0,0,1,0,0,0,3.5,17045,15010,1.0000295336164438,0.9999704663835562
middle,71000225894,71000225897,3,71000225897,71000225899,71000225911,1,1,1,1,71000225897,71000225899,71000225903,71000225895,71000225897,71000225899,1,1,1,0,1,1,3.5,17045,15010,1.0000295336164438,0.9999704663835562
middle,71000226056,71000226103,47,71000226103,71000226127,71000226137,1,1,1,1,71000226061,71000226067,71000226071,71000226057,71000226059,71000226061,0,0,0,0,0,0,3.5,17045,15010,1.0000295336164438,0.9999704663835562
middle,71000226152,71000226179,27,71000226179,71000226191,71000226197,1,1,1,1,71000226161,71000226163,71000226173,71000226153,71000226155,71000226157,0,0,0,0,0,0,3.5,17045,15010,1.0000295336164438,0.9999704663835562
middle,71000226570,71000226571,1,71000226571,71000226581,71000226587,1,1,1,1,71000226571,71000226581,71000226587,71000226571,71000226573,71000226575,1,1,1,1,1,1,3.5,17045,15010,1.0000295336164438,0.9999704663835562
middle,71000227255,71000227261,6,71000227261,71000227289,71000227321,1,1,1,1,71000227261,71000227267,71000227279,71000227257,71000227259,71000227261,1,1,1,0,0,1,3.5,17045,15010,1.0000295336164438,0.9999704663835562
middle,71000227419,71000227423,4,71000227423,71000227433,71000227469,1,1,1,1,71000227421,71000227423,71000227427,71000227421,71000227423,71000227425,0,1,1,0,1,1,3.5,17045,15010,1.0000295336164438,0.9999704663835562
middle,71000227848,71000227871,23,71000227871,71000227891,71000227927,1,1,1,1,71000227849,71000227853,71000227861,71000227849,71000227851,71000227853,0,0,0,0,0,0,3.5,17045,15010,1.0000295336164438,0.9999704663835562
middle,71000227858,71000227871,13,71000227871,71000227891,71000227927,1,1,1,1,71000227861,71000227871,71000227873,71000227859,71000227861,71000227863,0,1,1,0,0,0,3.5,17045,15010,1.0000295336164438,0.9999704663835562
middle,71000228331,71000228339,8,71000228339,71000228347,71000228363,1,1,1,1,71000228333,71000228339,71000228347,71000228333,71000228335,71000228337,0,1,1,0,0,0,3.5,17045,15010,1.0000295336164438,0.9999704663835562
middle,71000228388,71000228389,1,71000228389,71000228401,71000228423,1,1,1,1,71000228389,71000228393,71000228399,71000228389,71000228391,71000228393,1,1,1,1,1,1,3.5,17045,15010,1.0000295336164438,0.9999704663835562
middle,71000228555,71000228569,14,71000228569,71000228573,71000228581,1,1,1,1,71000228567,71000228569,71000228573,71000228557,71000228559,71000228561,0,1,1,0,0,0,3.5,17045,15010,1.0000295336164438,0.9999704663835562
middle,71000228771,71000228801,30,71000228801,71000228813,71000228821,1,1,1,1,71000228773,71000228777,71000228791,71000228773,71000228775,71000228777,0,0,0,0,0,0,3.5,17045,15010,1.0000295336164438,0.9999704663835562
middle,71000229016,71000229019,3,71000229019,71000229049,71000229077,1,1,1,1,71000229019,71000229023,71000229029,71000229017,71000229019,71000229021,1,1,1,0,1,1,3.5,17045,15010,1.0000295336164438,0.9999704663835562
middle,71000229189,71000229197,8,71000229197,71000229217,71000229233,1,1,1,1,71000229191,71000229193,71000229197,71000229191,71000229193,71000229195,0,0,1,0,0,0,3.5,17045,15010,1.0000295336164438,0.9999704663835562
middle,71000229677,71000229701,24,71000229701,71000229731,71000229733,1,1,1,1,71000229679,71000229689,71000229691,71000229679,71000229681,71000229683,0,0,0,0,0,0,3.5,17045,15010,1.0000295336164438,0.9999704663835562
middle,71000229845,71000229851,6,71000229851,71000229877,71000229913,1,1,1,1,71000229847,71000229851,71000229863,71000229847,71000229849,71000229851,0,1,1,0,0,1,3.5,17045,15010,1.0000295336164438,0.9999704663835562
middle,71000230387,71000230391,4,71000230391,71000230423,71000230451,1,1,1,1,71000230391,71000230393,71000230409,71000230389,71000230391,71000230393,1,1,1,0,1,1,3.5,17045,15010,1.0000295336164438,0.9999704663835562
middle,71000230498,71000230507,9,71000230507,71000230531,71000230571,1,1,1,1,71000230501,71000230507,71000230513,71000230499,71000230501,71000230503,0,1,1,0,0,0,3.5,17045,15010,1.0000295336164438,0.9999704663835562
middle,71000230690,71000230711,21,71000230711,71000230739,71000230781,1,1,1,1,71000230699,71000230709,71000230711,71000230691,71000230693,71000230695,0,0,1,0,0,0,3.5,17045,15010,1.0000295336164438,0.9999704663835562
middle,71000231411,71000231413,2,71000231413,71000231443,71000231459,1,1,1,1,71000231413,71000231429,71000231431,71000231413,71000231415,71000231417,1,1,1,1,1,1,3.5,17045,15010,1.0000295336164438,0.9999704663835562
middle,71000231487,71000231513,26,71000231513,71000231527,71000231543,1,1,1,1,71000231503,71000231507,71000231509,71000231489,71000231491,71000231493,0,0,0,0,0,0,3.5,17045,15010,1.0000295336164438,0.9999704663835562
middle,71000231808,71000231837,29,71000231837,71000231839,71000231873,1,1,1,1,71000231821,71000231831,71000231837,71000231809,71000231811,71000231813,0,0,1,0,0,0,3.5,17045,15010,1.0000295336164438,0.9999704663835562
middle,71000232011,71000232013,2,71000232013,71000232047,71000232073,1,1,1,1,71000232013,71000232019,71000232031,71000232013,71000232015,71000232017,1,1,1,1,1,1,3.5,17045,15010,1.0000295336164438,0.9999704663835562
middle,71000232059,71000232073,14,71000232073,71000232109,71000232169,1,1,1,1,71000232067,71000232071,71000232073,71000232061,71000232063,71000232065,0,0,1,0,0,0,3.5,17045,15010,1.0000295336164438,0.9999704663835562
middle,71000232531,71000232547,16,71000232547,71000232553,71000232581,1,1,1,1,71000232533,71000232547,71000232551,71000232533,71000232535,71000232537,0,1,1,0,0,0,3.5,17045,15010,1.0000295336164438,0.9999704663835562
middle,71000232620,71000232661,41,71000232661,71000232673,71000232683,1,1,1,1,71000232623,71000232629,71000232637,71000232621,71000232623,71000232625,0,0,0,0,0,0,3.5,17045,15010,1.0000295336164438,0.9999704663835562
middle,71000232812,71000232841,29,71000232841,71000232851,71000232857,1,1,1,1,71000232817,71000232827,71000232829,71000232813,71000232815,71000232817,0,0,0,0,0,0,3.5,17045,15010,1.0000295336164438,0.9999704663835562
middle,71000232898,71000232899,1,71000232899,71000232907,71000232911,1,1,1,1,71000232899,71000232907,71000232911,71000232899,71000232901,71000232903,1,1,1,1,1,1,3.5,17045,15010,1.0000295336164438,0.9999704663835562
middle,71000233103,71000233127,24,71000233127,71000233133,71000233147,1,1,1,1,71000233121,71000233123,71000233127,71000233105,71000233107,71000233109,0,0,1,0,0,0,3.5,17045,15010,1.0000295336164438,0.9999704663835562
middle,71000233172,71000233207,35,71000233207,71000233229,71000233237,1,1,1,1,71000233177,71000233181,71000233189,71000233173,71000233175,71000233177,0,0,0,0,0,0,3.5,17045,15010,1.0000295336164438,0.9999704663835562
middle,71000233193,71000233207,14,71000233207,71000233229,71000233237,1,1,1,1,71000233207,71000233211,71000233217,71000233195,71000233197,71000233199,1,1,1,0,0,0,3.5,17045,15010,1.0000295336164438,0.9999704663835562
middle,71000233305,71000233309,4,71000233309,71000233333,71000233357,1,1,1,1,71000233307,71000233309,71000233313,71000233307,71000233309,71000233311,0,1,1,0,1,1,3.5,17045,15010,1.0000295336164438,0.9999704663835562
middle,71000233670,71000233687,17,71000233687,71000233691,71000233699,1,1,1,1,71000233673,71000233679,71000233687,71000233671,71000233673,71000233675,0,0,1,0,0,0,3.5,17045,15010,1.0000295336164438,0.9999704663835562
middle,71000233840,71000233879,39,71000233879,71000233897,71000233901,1,1,1,1,71000233841,71000233849,71000233853,71000233841,71000233843,71000233845,0,0,0,0,0,0,3.5,17045,15010,1.0000295336164438,0.9999704663835562
middle,71000233872,71000233879,7,71000233879,71000233897,71000233901,1,1,1,1,71000233873,71000233877,71000233879,71000233873,71000233875,71000233877,0,0,1,0,0,0,3.5,17045,15010,1.0000295336164438,0.9999704663835562
middle,71000234095,71000234101,6,71000234101,71000234119,71000234143,1,1,1,1,71000234099,71000234101,71000234111,71000234097,71000234099,71000234101,0,1,1,0,0,1,3.5,17045,15010,1.0000295336164438,0.9999704663835562
middle,71000234316,71000234329,13,71000234329,71000234351,71000234359,1,1,1,1,71000234317,71000234321,71000234323,71000234317,71000234319,71000234321,0,0,0,0,0,0,3.5,17045,15010,1.0000295336164438,0.9999704663835562
middle,71000235092,71000235107,15,71000235107,71000235127,71000235149,1,1,1,1,71000235107,71000235109,71000235113,71000235093,71000235095,71000235097,1,1,1,0,0,0,3.5,17045,15010,1.0000295336164438,0.9999704663835562
middle,71000235200,71000235211,11,71000235211,71000235247,71000235269,1,1,1,1,71000235203,71000235209,71000235211,71000235201,71000235203,71000235205,0,0,1,0,0,0,3.5,17045,15010,1.0000295336164438,0.9999704663835562
middle,71000235281,71000235289,8,71000235289,71000235343,71000235353,1,1,1,1,71000235283,71000235287,71000235289,71000235283,71000235285,71000235287,0,0,1,0,0,0,3.5,17045,15010,1.0000295336164438,0.9999704663835562
middle,71000235867,71000235869,2,71000235869,71000235893,71000235919,1,1,1,1,71000235869,71000235877,71000235881,71000235869,71000235871,71000235873,1,1,1,1,1,1,3.5,17045,15010,1.0000295336164438,0.9999704663835562
middle,71000235945,71000235961,16,71000235961,71000235979,71000236001,1,1,1,1,71000235947,71000235949,71000235953,71000235947,71000235949,71000235951,0,0,0,0,0,0,3.5,17045,15010,1.0000295336164438,0.9999704663835562
middle,71000236060,71000236067,7,71000236067,71000236081,71000236129,1,1,1,1,71000236061,71000236063,71000236067,71000236061,71000236063,71000236065,0,0,1,0,0,0,3.5,17045,15010,1.0000295336164438,0.9999704663835562
middle,71000236261,71000236267,6,71000236267,71000236271,71000236283,1,1,1,1,71000236267,71000236271,71000236273,71000236263,71000236265,71000236267,1,1,1,0,0,1,3.5,17045,15010,1.0000295336164438,0.9999704663835562
middle,71000237172,71000237213,41,71000237213,71000237219,71000237227,1,1,1,1,71000237173,71000237177,71000237179,71000237173,71000237175,71000237177,0,0,0,0,0,0,3.5,17045,15010,1.0000295336164438,0.9999704663835562
middle,71000237178,71000237213,35,71000237213,71000237219,71000237227,1,1,1,1,71000237179,71000237183,71000237201,71000237179,71000237181,71000237183,0,0,0,0,0,0,3.5,17045,15010,1.0000295336164438,0.9999704663835562
middle,71000237229,71000237291,62,71000237291,71000237303,71000237317,1,1,1,1,71000237233,71000237237,71000237239,71000237231,71000237233,71000237235,0,0,0,0,0,0,3.5,17045,15010,1.0000295336164438,0.9999704663835562
middle,71000237842,71000237887,45,71000237887,71000237897,71000237929,1,1,1,1,71000237851,71000237857,71000237863,71000237843,71000237845,71000237847,0,0,0,0,0,0,3.5,17045,15010,1.0000295336164438,0.9999704663835562
middle,71000237915,71000237929,14,71000237929,71000237933,71000237977,1,1,1,1,71000237921,71000237923,71000237927,71000237917,71000237919,71000237921,0,0,0,0,0,0,3.5,17045,15010,1.0000295336164438,0.9999704663835562
middle,71000237990,71000237999,9,71000237999,71000238007,71000238017,1,1,1,1,71000237993,71000237999,71000238007,71000237991,71000237993,71000237995,0,1,1,0,0,0,3.5,17045,15010,1.0000295336164438,0.9999704663835562
middle,71000238047,71000238097,50,71000238097,71000238121,71000238187,1,1,1,1,71000238053,71000238061,71000238073,71000238049,71000238051,71000238053,0,0,0,0,0,0,3.5,17045,15010,1.0000295336164438,0.9999704663835562
middle,71000238887,71000238913,26,71000238913,71000238919,71000238961,1,1,1,1,71000238889,71000238893,71000238899,71000238889,71000238891,71000238893,0,0,0,0,0,0,3.5,17045,15010,1.0000295336164438,0.9999704663835562
middle,71000239294,71000239337,43,71000239327,71000239337,71000239363,2,0,1,1,71000239301,71000239307,71000239309,71000239295,71000239297,71000239299,0,0,0,0,0,0,3.5,17045,15010,1.0000295336164438,0.9999704663835562
middle,71000239854,71000239861,7,71000239861,71000239897,71000239901,1,1,1,1,71000239859,71000239861,71000239867,71000239855,71000239857,71000239859,0,1,1,0,0,0,3.5,17045,15010,1.0000295336164438,0.9999704663835562
middle,71000240146,71000240161,15,71000240161,71000240167,71000240197,1,1,1,1,71000240153,71000240159,71000240161,71000240147,71000240149,71000240151,0,0,1,0,0,0,3.5,17045,15010,1.0000295336164438,0.9999704663835562
middle,71000240774,71000240797,23,71000240797,71000240807,71000240809,1,1,1,1,71000240777,71000240783,71000240789,71000240775,71000240777,71000240779,0,0,0,0,0,0,3.5,17045,15010,1.0000295336164438,0.9999704663835562
middle,71000241120,71000241127,7,71000241127,71000241149,71000241167,1,1,1,1,71000241121,71000241127,71000241131,71000241121,71000241123,71000241125,0,1,1,0,0,0,3.5,17045,15010,1.0000295336164438,0.9999704663835562
middle,71000241208,71000241227,19,71000241217,71000241227,71000241283,2,0,1,1,71000241211,71000241217,71000241223,71000241209,71000241211,71000241213,0,0,0,0,0,0,3.5,17045,15010,1.0000295336164438,0.9999704663835562
middle,71000241246,71000241283,37,71000241283,71000241289,71000241313,1,1,1,1,71000241251,71000241259,71000241269,71000241247,71000241249,71000241251,0,0,0,0,0,0,3.5,17045,15010,1.0000295336164438,0.9999704663835562
middle,71000241304,71000241313,9,71000241313,71000241337,71000241353,1,1,1,1,71000241313,71000241317,71000241329,71000241305,71000241307,71000241309,1,1,1,0,0,0,3.5,17045,15010,1.0000295336164438,0.9999704663835562
middle,71000241382,71000241383,1,71000241383,71000241401,71000241419,1,1,1,1,71000241383,71000241397,71000241401,71000241383,71000241385,71000241387,1,1,1,1,1,1,3.5,17045,15010,1.0000295336164438,0.9999704663835562
middle,71000241503,71000241517,14,71000241517,71000241553,71000241581,1,1,1,1,71000241509,71000241511,71000241517,71000241505,71000241507,71000241509,0,0,1,0,0,0,3.5,17045,15010,1.0000295336164438,0.9999704663835562
middle,71000241580,71000241581,1,71000241581,71000241593,71000241601,1,1,1,1,71000241581,71000241589,71000241593,71000241581,71000241583,71000241585,1,1,1,1,1,1,3.5,17045,15010,1.0000295336164438,0.9999704663835562
middle,71000242095,71000242109,14,71000242109,71000242139,71000242147,1,1,1,1,71000242097,71000242099,71000242109,71000242097,71000242099,71000242101,0,0,1,0,0,0,3.5,17045,15010,1.0000295336164438,0.9999704663835562
middle,71000242193,71000242199,6,71000242199,71000242213,71000242301,1,1,1,1,71000242199,71000242211,71000242213,71000242195,71000242197,71000242199,1,1,1,0,0,1,3.5,17045,15010,1.0000295336164438,0.9999704663835562
middle,71000242641,71000242673,32,71000242673,71000242763,71000242769,1,1,1,1,71000242657,71000242661,71000242667,71000242643,71000242645,71000242647,0,0,0,0,0,0,3.5,17045,15010,1.0000295336164438,0.9999704663835562
middle,71000243214,71000243257,43,71000243257,71000243261,71000243359,1,1,1,1,71000243219,71000243227,71000243239,71000243215,71000243217,71000243219,0,0,0,0,0,0,3.5,17045,15010,1.0000295336164438,0.9999704663835562
middle,71000243278,71000243359,81,71000243359,71000243381,71000243387,1,1,1,1,71000243287,71000243291,71000243297,71000243279,71000243281,71000243283,0,0,0,0,0,0,3.5,17045,15010,1.0000295336164438,0.9999704663835562
middle,71000243316,71000243359,43,71000243359,71000243381,71000243387,1,1,1,1,71000243329,71000243333,71000243339,71000243317,71000243319,71000243321,0,0,0,0,0,0,3.5,17045,15010,1.0000295336164438,0.9999704663835562
middle,71000243502,71000243549,47,71000243549,71000243551,71000243603,1,1,1,1,71000243513,71000243519,71000243527,71000243503,71000243505,71000243507,0,0,0,0,0,0,3.5,17045,15010,1.0000295336164438,0.9999704663835562
middle,71000244457,71000244463,6,71000244463,71000244481,71000244527,1,1,1,1,71000244461,71000244463,71000244467,71000244459,71000244461,71000244463,0,1,1,0,0,1,3.5,17045,15010,1.0000295336164438,0.9999704663835562
middle,71000244935,71000244947,12,71000244947,71000244967,71000244971,1,1,1,1,71000244937,71000244941,71000244947,71000244937,71000244939,71000244941,0,0,1,0,0,0,3.5,17045,15010,1.0000295336164438,0.9999704663835562
middle,71000245635,71000245637,2,71000245637,71000245649,71000245661,1,1,1,1,71000245637,71000245639,71000245643,71000245637,71000245639,71000245641,1,1,1,1,1,1,3.5,17045,15010,1.0000295336164438,0.9999704663835562
middle,71000246179,71000246183,4,71000246183,71000246263,71000246297,1,1,1,1,71000246183,71000246189,71000246201,71000246181,71000246183,71000246185,1,1,1,0,1,1,3.5,17045,15010,1.0000295336164438,0.9999704663835562
middle,71000246278,71000246297,19,71000246297,71000246327,71000246341,1,1,1,1,71000246279,71000246281,71000246287,71000246279,71000246281,71000246283,0,0,0,0,0,0,3.5,17045,15010,1.0000295336164438,0.9999704663835562
middle,71000247643,71000247673,30,71000247673,71000247691,71000247751,1,1,1,1,71000247649,71000247653,71000247667,71000247645,71000247647,71000247649,0,0,0,0,0,0,3.5,17045,15010,1.0000295336164438,0.9999704663835562
middle,71000247645,71000247673,28,71000247673,71000247691,71000247751,1,1,1,1,71000247649,71000247653,71000247667,71000247647,71000247649,71000247651,0,0,0,0,0,0,3.5,17045,15010,1.0000295336164438,0.9999704663835562
middle,71000247828,71000247841,13,71000247841,71000247893,71000247917,1,1,1,1,71000247833,71000247841,71000247847,71000247829,71000247831,71000247833,0,1,1,0,0,0,3.5,17045,15010,1.0000295336164438,0.9999704663835562
middle,71000248213,71000248237,24,71000248237,71000248283,71000248303,1,1,1,1,71000248217,71000248219,71000248223,71000248215,71000248217,71000248219,0,0,0,0,0,0,3.5,17045,15010,1.0000295336164438,0.9999704663835562
middle,71000248447,71000248453,6,71000248453,71000248463,71000248603,1,1,1,1,71000248453,71000248457,71000248463,71000248449,71000248451,71000248453,1,1,1,0,0,1,3.5,17045,15010,1.0000295336164438,0.9999704663835562
middle,71000248461,71000248463,2,71000248463,71000248603,71000248607,1,1,1,1,71000248463,71000248469,71000248471,71000248463,71000248465,71000248467,1,1,1,1,1,1,3.5,17045,15010,1.0000295336164438,0.9999704663835562
middle,71000249001,71000249039,38,71000249039,71000249057,71000249071,1,1,1,1,71000249003,71000249011,71000249017,71000249003,71000249005,71000249007,0,0,0,0,0,0,3.5,17045,15010,1.0000295336164438,0.9999704663835562
middle,71000249176,71000249191,15,71000249191,71000249207,71000249209,1,1,1,1,71000249179,71000249183,71000249189,71000249177,71000249179,71000249181,0,0,0,0,0,0,3.5,17045,15010,1.0000295336164438,0.9999704663835562
middle,71000249273,71000249317,44,71000249317,71000249321,71000249339,1,1,1,1,71000249279,71000249291,71000249293,71000249275,71000249277,71000249279,0,0,0,0,0,0,3.5,17045,15010,1.0000295336164438,0.9999704663835562
middle,71000249328,71000249339,11,71000249339,71000249381,71000249393,1,1,1,1,71000249329,71000249339,71000249347,71000249329,71000249331,71000249333,0,1,1,0,0,0,3.5,17045,15010,1.0000295336164438,0.9999704663835562
middle,71000249725,71000249759,34,71000249759,71000249767,71000249779,1,1,1,1,71000249729,71000249737,71000249741,71000249727,71000249729,71000249731,0,0,0,0,0,0,3.5,17045,15010,1.0000295336164438,0.9999704663835562
middle,71000250255,71000250257,2,71000250257,71000250313,71000250317,1,1,1,1,71000250257,71000250259,71000250271,71000250257,71000250259,71000250261,1,1,1,1,1,1,3.5,17045,15010,1.0000295336164438,0.9999704663835562
middle,71000250803,71000250817,14,71000250817,71000250859,71000250883,1,1,1,1,71000250809,71000250817,71000250823,71000250805,71000250807,71000250809,0,1,1,0,0,0,3.5,17045,15010,1.0000295336164438,0.9999704663835562
middle,71000250844,71000250859,15,71000250859,71000250883,71000250907,1,1,1,1,71000250847,71000250851,71000250857,71000250845,71000250847,71000250849,0,0,0,0,0,0,3.5,17045,15010,1.0000295336164438,0.9999704663835562
middle,71000251198,71000251207,9,71000251207,71000251211,71000251229,1,1,1,1,71000251199,71000251207,71000251211,71000251199,71000251201,71000251203,0,1,1,0,0,0,3.5,17045,15010,1.0000295336164438,0.9999704663835562
middle,71000251246,71000251247,1,71000251247,71000251249,71000251253,1,1,1,1,71000251247,71000251249,71000251253,71000251247,71000251249,71000251251,1,1,1,1,1,1,3.5,17045,15010,1.0000295336164438,0.9999704663835562
middle,71000251309,71000251331,22,71000251331,71000251363,71000251433,1,1,1,1,71000251313,71000251319,71000251321,71000251311,71000251313,71000251315,0,0,0,0,0,0,3.5,17045,15010,1.0000295336164438,0.9999704663835562
middle,71000251503,71000251537,34,71000251537,71000251547,71000251559,1,1,1,1,71000251507,71000251513,71000251519,71000251505,71000251507,71000251509,0,0,0,0,0,0,3.5,17045,15010,1.0000295336164438,0.9999704663835562
middle,71000251786,71000251789,3,71000251789,71000251801,71000251811,1,1,1,1,71000251789,71000251793,71000251799,71000251787,71000251789,71000251791,1,1,1,0,1,1,3.5,17045,15010,1.0000295336164438,0.9999704663835562
middle,71000252220,71000252233,13,71000252233,71000252243,71000252273,1,1,1,1,71000252221,71000252227,71000252231,71000252221,71000252223,71000252225,0,0,0,0,0,0,3.5,17045,15010,1.0000295336164438,0.9999704663835562
middle,71000252266,71000252291,25,71000252273,71000252291,71000252317,2,0,1,1,71000252273,71000252287,71000252291,71000252267,71000252269,71000252271,0,0,1,0,0,0,3.5,17045,15010,1.0000295336164438,0.9999704663835562
middle,71000252278,71000252291,13,71000252291,71000252317,71000252333,1,1,1,1,71000252287,71000252291,71000252299,71000252279,71000252281,71000252283,0,1,1,0,0,0,3.5,17045,15010,1.0000295336164438,0.9999704663835562
middle,71000252445,71000252483,38,71000252459,71000252461,71000252483,3,0,0,1,71000252447,71000252459,71000252461,71000252447,71000252449,71000252451,0,0,0,0,0,0,3.5,17045,15010,1.0000295336164438,0.9999704663835562
middle,71000253026,71000253047,21,71000253047,71000253067,71000253073,1,1,1,1,71000253031,71000253043,71000253047,71000253027,71000253029,71000253031,0,0,1,0,0,0,3.5,17045,15010,1.0000295336164438,0.9999704663835562
middle,71000253211,71000253217,6,71000253217,71000253223,71000253253,1,1,1,1,71000253217,71000253221,71000253223,71000253213,71000253215,71000253217,1,1,1,0,0,1,3.5,17045,15010,1.0000295336164438,0.9999704663835562
middle,71000253755,71000253757,2,71000253757,71000253761,71000253769,1,1,1,1,71000253757,71000253761,71000253763,71000253757,71000253759,71000253761,1,1,1,1,1,1,3.5,17045,15010,1.0000295336164438,0.9999704663835562
middle,71000254051,71000254081,30,71000254081,71000254093,71000254099,1,1,1,1,71000254057,71000254069,71000254079,71000254053,71000254055,71000254057,0,0,0,0,0,0,3.5,17045,15010,1.0000295336164438,0.9999704663835562
middle,71000254128,71000254153,25,71000254153,71000254181,71000254187,1,1,1,1,71000254141,71000254147,71000254151,71000254129,71000254131,71000254133,0,0,0,0,0,0,3.5,17045,15010,1.0000295336164438,0.9999704663835562
middle,71000254384,71000254427,43,71000254427,71000254433,71000254447,1,1,1,1,71000254387,71000254393,71000254397,71000254385,71000254387,71000254389,0,0,0,0,0,0,3.5,17045,15010,1.0000295336164438,0.9999704663835562
middle,71000254429,71000254433,4,71000254433,71000254447,71000254463,1,1,1,1,71000254433,71000254439,71000254441,71000254431,71000254433,71000254435,1,1,1,0,1,1,3.5,17045,15010,1.0000295336164438,0.9999704663835562
middle,71000254597,71000254649,52,71000254649,71000254651,71000254811,1,1,1,1,71000254601,71000254603,71000254607,71000254599,71000254601,71000254603,0,0,0,0,0,0,3.5,17045,15010,1.0000295336164438,0.9999704663835562
middle,71000254729,71000254811,82,71000254811,71000254867,71000254907,1,1,1,1,71000254733,71000254739,71000254751,71000254731,71000254733,71000254735,0,0,0,0,0,0,3.5,17045,15010,1.0000295336164438,0.9999704663835562
middle,71000254755,71000254811,56,71000254811,71000254867,71000254907,1,1,1,1,71000254757,71000254769,71000254771,71000254757,71000254759,71000254761,0,0,0,0,0,0,3.5,17045,15010,1.0000295336164438,0.9999704663835562
middle,71000254935,71000254967,32,71000254967,71000254973,71000254991,1,1,1,1,71000254939,71000254943,71000254951,71000254937,71000254939,71000254941,0,0,0,0,0,0,3.5,17045,15010,1.0000295336164438,0.9999704663835562
middle,71000254999,71000255041,42,71000255041,71000255057,71000255059,1,1,1,1,71000255003,71000255009,71000255017,71000255001,71000255003,71000255005,0,0,0,0,0,0,3.5,17045,15010,1.0000295336164438,0.9999704663835562
middle,71000255467,71000255479,12,71000255479,71000255503,71000255531,1,1,1,1,71000255471,71000255477,71000255479,71000255469,71000255471,71000255473,0,0,1,0,0,0,3.5,17045,15010,1.0000295336164438,0.9999704663835562
middle,71000255538,71000255563,25,71000255563,71000255567,71000255581,1,1,1,1,71000255539,71000255549,71000255551,71000255539,71000255541,71000255543,0,0,0,0,0,0,3.5,17045,15010,1.0000295336164438,0.9999704663835562
middle,71000255839,71000255861,22,71000255861,71000255869,71000255903,1,1,1,1,71000255857,71000255861,71000255867,71000255841,71000255843,71000255845,0,1,1,0,0,0,3.5,17045,15010,1.0000295336164438,0.9999704663835562
middle,71000256108,71000256137,29,71000256137,71000256149,71000256161,1,1,1,1,71000256109,71000256113,71000256121,71000256109,71000256111,71000256113,0,0,0,0,0,0,3.5,17045,15010,1.0000295336164438,0.9999704663835562
middle,71000257186,71000257201,15,71000257201,71000257241,71000257243,1,1,1,1,71000257187,71000257193,71000257201,71000257187,71000257189,71000257191,0,0,1,0,0,0,3.5,17045,15010,1.0000295336164438,0.9999704663835562
middle,71000257339,71000257409,70,71000257409,71000257453,71000257459,1,1,1,1,71000257343,71000257351,71000257357,71000257341,71000257343,71000257345,0,0,0,0,0,0,3.5,17045,15010,1.0000295336164438,0.9999704663835562
middle,71000257692,71000257693,1,71000257693,71000257697,71000257709,1,1,1,1,71000257693,71000257697,71000257703,71000257693,71000257695,71000257697,1,1,1,1,1,1,3.5,17045,15010,1.0000295336164438,0.9999704663835562
middle,71000257970,71000257987,17,71000257987,71000258027,71000258059,1,1,1,1,71000257973,71000257981,71000257987,71000257971,71000257973,71000257975,0,0,1,0,0,0,3.5,17045,15010,1.0000295336164438,0.9999704663835562
middle,71000259176,71000259181,5,71000259181,71000259191,71000259223,1,1,1,1,71000259179,71000259181,71000259191,71000259177,71000259179,71000259181,0,1,1,0,0,1,3.5,17045,15010,1.0000295336164438,0.9999704663835562
middle,71000259414,71000259509,95,71000259431,71000259509,71000259529,2,0,1,1,71000259419,71000259427,71000259431,71000259415,71000259417,71000259419,0,0,0,0,0,0,3.5,17045,15010,1.0000295336164438,0.9999704663835562
middle,71000259862,71000259871,9,71000259871,71000259899,71000259901,1,1,1,1,71000259871,71000259881,71000259887,71000259863,71000259865,71000259867,1,1,1,0,0,0,3.5,17045,15010,1.0000295336164438,0.9999704663835562
middle,71000260247,71000260277,30,71000260277,71000260291,71000260319,1,1,1,1,71000260259,71000260267,71000260271,71000260249,71000260251,71000260253,0,0,0,0,0,0,3.5,17045,15010,1.0000295336164438,0.9999704663835562
middle,71000260264,71000260277,13,71000260277,71000260291,71000260319,1,1,1,1,71000260267,71000260271,71000260277,71000260265,71000260267,71000260269,0,0,1,0,0,0,3.5,17045,15010,1.0000295336164438,0.9999704663835562
middle,71000260292,71000260319,27,71000260319,71000260369,71000260381,1,1,1,1,71000260301,71000260307,71000260313,71000260293,71000260295,71000260297,0,0,0,0,0,0,3.5,17045,15010,1.0000295336164438,0.9999704663835562
middle,71000260483,71000260493,10,71000260493,71000260501,71000260519,1,1,1,1,71000260489,71000260493,71000260501,71000260485,71000260487,71000260489,0,1,1,0,0,0,3.5,17045,15010,1.0000295336164438,0.9999704663835562
middle,71000260588,71000260601,13,71000260601,71000260603,71000260613,1,1,1,1,71000260601,71000260603,71000260607,71000260589,71000260591,71000260593,1,1,1,0,0,0,3.5,17045,15010,1.0000295336164438,0.9999704663835562
middle,71000260764,71000260817,53,71000260817,71000260829,71000260843,1,1,1,1,71000260769,71000260777,71000260781,71000260765,71000260767,71000260769,0,0,0,0,0,0,3.5,17045,15010,1.0000295336164438,0.9999704663835562
middle,71000260885,71000260889,4,71000260889,71000260913,71000260931,1,1,1,1,71000260889,71000260897,71000260901,71000260887,71000260889,71000260891,1,1,1,0,1,1,3.5,17045,15010,1.0000295336164438,0.9999704663835562
middle,71000261346,71000261363,17,71000261363,71000261377,71000261393,1,1,1,1,71000261347,71000261351,71000261357,71000261347,71000261349,71000261351,0,0,0,0,0,0,3.5,17045,15010,1.0000295336164438,0.9999704663835562
middle,71000261437,71000261443,6,71000261443,71000261461,71000261489,1,1,1,1,71000261441,71000261443,71000261459,71000261439,71000261441,71000261443,0,1,1,0,0,1,3.5,17045,15010,1.0000295336164438,0.9999704663835562
middle,71000261586,71000261597,11,71000261597,71000261603,71000261699,1,1,1,1,71000261593,71000261597,71000261599,71000261587,71000261589,71000261591,0,1,1,0,0,0,3.5,17045,15010,1.0000295336164438,0.9999704663835562
middle,71000261634,71000261699,65,71000261699,71000261707,71000261743,1,1,1,1,71000261639,71000261641,71000261653,71000261635,71000261637,71000261639,0,0,0,0,0,0,3.5,17045,15010,1.0000295336164438,0.9999704663835562
middle,71000261877,71000261879,2,71000261879,71000261933,71000261939,1,1,1,1,71000261879,71000261887,71000261903,71000261879,71000261881,71000261883,1,1,1,1,1,1,3.5,17045,15010,1.0000295336164438,0.9999704663835562
middle,71000261975,71000261993,18,71000261993,71000262007,71000262019,1,1,1,1,71000261977,71000261987,71000261989,71000261977,71000261979,71000261981,0,0,0,0,0,0,3.5,17045,15010,1.0000295336164438,0.9999704663835562
middle,71000262121,71000262127,6,71000262127,71000262131,71000262139,1,1,1,1,71000262127,71000262131,71000262133,71000262123,71000262125,71000262127,1,1,1,0,0,1,3.5,17045,15010,1.0000295336164438,0.9999704663835562
middle,71000262435,71000262439,4,71000262439,71000262497,71000262533,1,1,1,1,71000262439,71000262449,71000262451,71000262437,71000262439,71000262441,1,1,1,0,1,1,3.5,17045,15010,1.0000295336164438,0.9999704663835562
middle,71000262714,71000262779,65,71000262779,71000262793,71000262847,1,1,1,1,71000262719,71000262721,71000262733,71000262715,71000262717,71000262719,0,0,0,0,0,0,3.5,17045,15010,1.0000295336164438,0.9999704663835562
middle,71000263091,71000263099,8,71000263099,71000263133,71000263157,1,1,1,1,71000263093,71000263097,71000263099,71000263093,71000263095,71000263097,0,0,1,0,0,0,3.5,17045,15010,1.0000295336164438,0.9999704663835562
middle,71000263233,71000263247,14,71000263247,71000263283,71000263291,1,1,1,1,71000263237,71000263247,71000263249,71000263235,71000263237,71000263239,0,1,1,0,0,0,3.5,17045,15010,1.0000295336164438,0.9999704663835562
middle,71000263263,71000263283,20,71000263283,71000263291,71000263303,1,1,1,1,71000263267,71000263273,71000263277,71000263265,71000263267,71000263269,0,0,0,0,0,0,3.5,17045,15010,1.0000295336164438,0.9999704663835562
middle,71000263300,71000263303,3,71000263303,71000263319,71000263361,1,1,1,1,71000263303,71000263307,71000263319,71000263301,71000263303,71000263305,1,1,1,0,1,1,3.5,17045,15010,1.0000295336164438,0.9999704663835562
middle,71000263903,71000263949,46,71000263937,71000263949,71000263951,2,0,1,1,71000263907,71000263909,71000263913,71000263905,71000263907,71000263909,0,0,0,0,0,0,3.5,17045,15010,1.0000295336164438,0.9999704663835562
middle,71000263984,71000263991,7,71000263991,71000263993,71000264053,1,1,1,1,71000263987,71000263991,71000263993,71000263985,71000263987,71000263989,0,1,1,0,0,0,3.5,17045,15010,1.0000295336164438,0.9999704663835562
middle,71000264433,71000264471,38,71000264471,71000264473,71000264537,1,1,1,1,71000264441,71000264443,71000264453,71000264435,71000264437,71000264439,0,0,0,0,0,0,3.5,17045,15010,1.0000295336164438,0.9999704663835562
middle,71000264693,71000264707,14,71000264707,71000264711,71000264719,1,1,1,1,71000264701,71000264707,71000264711,71000264695,71000264697,71000264699,0,1,1,0,0,0,3.5,17045,15010,1.0000295336164438,0.9999704663835562
middle,71000264733,71000264827,94,71000264767,71000264827,71000264833,2,0,1,1,71000264743,71000264747,71000264749,71000264735,71000264737,71000264739,0,0,0,0,0,0,3.5,17045,15010,1.0000295336164438,0.9999704663835562
middle,71000264800,71000264827,27,71000264827,71000264833,71000264843,1,1,1,1,71000264801,71000264807,71000264809,71000264801,71000264803,71000264805,0,0,0,0,0,0,3.5,17045,15010,1.0000295336164438,0.9999704663835562
middle,71000264825,71000264827,2,71000264827,71000264833,71000264843,1,1,1,1,71000264827,71000264831,71000264833,71000264827,71000264829,71000264831,1,1,1,1,1,1,3.5,17045,15010,1.0000295336164438,0.9999704663835562
middle,71000265050,71000265059,9,71000265059,71000265073,71000265109,1,1,1,1,71000265053,71000265059,71000265067,71000265051,71000265053,71000265055,0,1,1,0,0,0,3.5,17045,15010,1.0000295336164438,0.9999704663835562
middle,71000265054,71000265059,5,71000265059,71000265073,71000265109,1,1,1,1,71000265059,71000265067,71000265071,71000265055,71000265057,71000265059,1,1,1,0,0,1,3.5,17045,15010,1.0000295336164438,0.9999704663835562
middle,71000265280,71000265283,3,71000265283,71000265299,71000265337,1,1,1,1,71000265283,71000265289,71000265293,71000265281,71000265283,71000265285,1,1,1,0,1,1,3.5,17045,15010,1.0000295336164438,0.9999704663835562
middle,71000265344,71000265353,9,71000265353,71000265379,71000265407,1,1,1,1,71000265353,71000265359,71000265361,71000265345,71000265347,71000265349,1,1,1,0,0,0,3.5,17045,15010,1.0000295336164438,0.9999704663835562
middle,71000265576,71000265593,17,71000265593,71000265613,71000265617,1,1,1,1,71000265593,71000265599,71000265601,71000265577,71000265579,71000265581,1,1,1,0,0,0,3.5,17045,15010,1.0000295336164438,0.9999704663835562
middle,71000265868,71000265911,43,71000265911,71000265949,71000265967,1,1,1,1,71000265871,71000265877,71000265883,71000265869,71000265871,71000265873,0,0,0,0,0,0,3.5,17045,15010,1.0000295336164438,0.9999704663835562
middle,71000266065,71000266079,14,71000266079,71000266081,71000266091,1,1,1,1,71000266067,71000266069,71000266079,71000266067,71000266069,71000266071,0,0,1,0,0,0,3.5,17045,15010,1.0000295336164438,0.9999704663835562
middle,71000266177,71000266241,64,71000266241,71000266243,71000266273,1,1,1,1,71000266187,71000266193,71000266201,71000266179,71000266181,71000266183,0,0,0,0,0,0,3.5,17045,15010,1.0000295336164438,0.9999704663835562
middle,71000266279,71000266291,12,71000266291,71000266331,71000266343,1,1,1,1,71000266283,71000266289,71000266291,71000266281,71000266283,71000266285,0,0,1,0,0,0,3.5,17045,15010,1.0000295336164438,0.9999704663835562
middle,71000266434,71000266439,5,71000266439,71000266453,71000266483,1,1,1,1,71000266439,71000266453,71000266457,71000266435,71000266437,71000266439,1,1,1,0,0,1,3.5,17045,15010,1.0000295336164438,0.9999704663835562
middle,71000267094,71000267101,7,71000267101,71000267111,71000267119,1,1,1,1,71000267099,71000267101,71000267111,71000267095,71000267097,71000267099,0,1,1,0,0,0,3.5,17045,15010,1.0000295336164438,0.9999704663835562
middle,71000267865,71000267869,4,71000267869,71000267879,71000267969,1,1,1,1,71000267867,71000267869,71000267873,71000267867,71000267869,71000267871,0,1,1,0,1,1,3.5,17045,15010,1.0000295336164438,0.9999704663835562
middle,71000267877,71000267879,2,71000267879,71000267969,71000267999,1,1,1,1,71000267879,71000267881,71000267893,71000267879,71000267881,71000267883,1,1,1,1,1,1,3.5,17045,15010,1.0000295336164438,0.9999704663835562
middle,71000268129,71000268151,22,71000268151,71000268181,71000268193,1,1,1,1,71000268133,71000268139,71000268149,71000268131,71000268133,71000268135,0,0,0,0,0,0,3.5,17045,15010,1.0000295336164438,0.9999704663835562
middle,71000268392,71000268407,15,71000268407,71000268457,71000268463,1,1,1,1,71000268397,71000268401,71000268403,71000268393,71000268395,71000268397,0,0,0,0,0,0,3.5,17045,15010,1.0000295336164438,0.9999704663835562
middle,71000268426,71000268457,31,71000268457,71000268463,71000268487,1,1,1,1,71000268431,71000268433,71000268457,71000268427,71000268429,71000268431,0,0,1,0,0,0,3.5,17045,15010,1.0000295336164438,0.9999704663835562
middle,71000268793,71000268797,4,71000268797,71000268811,71000268869,1,1,1,1,71000268797,71000268803,71000268809,71000268795,71000268797,71000268799,1,1,1,0,1,1,3.5,17045,15010,1.0000295336164438,0.9999704663835562
middle,71000269134,71000269169,35,71000269159,71000269169,71000269177,2,0,1,1,71000269139,71000269141,71000269159,71000269135,71000269137,71000269139,0,0,0,0,0,0,3.5,17045,15010,1.0000295336164438,0.9999704663835562
middle,71000269176,71000269177,1,71000269177,71000269181,71000269183,1,1,1,1,71000269177,71000269181,71000269183,71000269177,71000269179,71000269181,1,1,1,1,1,1,3.5,17045,15010,1.0000295336164438,0.9999704663835562
middle,71000269263,71000269331,68,71000269331,71000269357,71000269381,1,1,1,1,71000269271,71000269273,71000269279,71000269265,71000269267,71000269269,0,0,0,0,0,0,3.5,17045,15010,1.0000295336164438,0.9999704663835562
middle,71000269701,71000269783,82,71000269783,71000269793,71000269799,1,1,1,1,71000269709,71000269721,71000269723,71000269703,71000269705,71000269707,0,0,0,0,0,0,3.5,17045,15010,1.0000295336164438,0.9999704663835562
middle,71000269902,71000269903,1,71000269903,71000269919,71000269943,1,1,1,1,71000269903,71000269913,71000269919,71000269903,71000269905,71000269907,1,1,1,1,1,1,3.5,17045,15010,1.0000295336164438,0.9999704663835562
middle,71000269951,71000269961,10,71000269961,71000269993,71000269997,1,1,1,1,71000269961,71000269969,71000269979,71000269953,71000269955,71000269957,1,1,1,0,0,0,3.5,17045,15010,1.0000295336164438,0.9999704663835562
middle,71000269997,71000269999,2,71000269999,71000270057,71000270069,1,1,1,1,71000269999,71000270009,71000270021,71000269999,71000270001,71000270003,1,1,1,1,1,1,3.5,17045,15010,1.0000295336164438,0.9999704663835562
middle,71000270013,71000270057,44,71000270057,71000270069,71000270087,1,1,1,1,71000270021,71000270027,71000270039,71000270015,71000270017,71000270019,0,0,0,0,0,0,3.5,17045,15010,1.0000295336164438,0.9999704663835562
middle,71000270599,71000270639,40,71000270639,71000270659,71000270681,1,1,1,1,71000270603,71000270609,71000270611,71000270601,71000270603,71000270605,0,0,0,0,0,0,3.5,17045,15010,1.0000295336164438,0.9999704663835562
middle,71000270638,71000270639,1,71000270639,71000270659,71000270681,1,1,1,1,71000270639,71000270641,71000270651,71000270639,71000270641,71000270643,1,1,1,1,1,1,3.5,17045,15010,1.0000295336164438,0.9999704663835562
middle,71000270671,71000270681,10,71000270681,71000270717,71000270743,1,1,1,1,71000270681,71000270683,71000270689,71000270673,71000270675,71000270677,1,1,1,0,0,0,3.5,17045,15010,1.0000295336164438,0.9999704663835562
middle,71000270956,71000270963,7,71000270963,71000270977,71000270981,1,1,1,1,71000270963,71000270977,71000270981,71000270957,71000270959,71000270961,1,1,1,0,0,0,3.5,17045,15010,1.0000295336164438,0.9999704663835562
middle,71000271122,71000271127,5,71000271127,71000271157,71000271169,1,1,1,1,71000271127,71000271131,71000271137,71000271123,71000271125,71000271127,1,1,1,0,0,1,3.5,17045,15010,1.0000295336164438,0.9999704663835562
middle,71000271326,71000271437,111,71000271437,71000271443,71000271449,1,1,1,1,71000271341,71000271343,71000271347,71000271327,71000271329,71000271331,0,0,0,0,0,0,3.5,17045,15010,1.0000295336164438,0.9999704663835562
middle,71000271959,71000271971,12,71000271971,71000272009,71000272039,1,1,1,1,71000271967,71000271971,71000271973,71000271961,71000271963,71000271965,0,1,1,0,0,0,3.5,17045,15010,1.0000295336164438,0.9999704663835562
middle,71000272020,71000272039,19,71000272039,71000272069,71000272093,1,1,1,1,71000272033,71000272039,71000272043,71000272021,71000272023,71000272025,0,1,1,0,0,0,3.5,17045,15010,1.0000295336164438,0.9999704663835562
middle,71000272141,71000272153,12,71000272153,71000272159,71000272169,1,1,1,1,71000272153,71000272157,71000272159,71000272143,71000272145,71000272147,1,1,1,0,0,0,3.5,17045,15010,1.0000295336164438,0.9999704663835562
middle,71000272217,71000272247,30,71000272247,71000272271,71000272309,1,1,1,1,71000272219,71000272223,71000272229,71000272219,71000272221,71000272223,0,0,0,0,0,0,3.5,17045,15010,1.0000295336164438,0.9999704663835562
middle,71000272521,71000272549,28,71000272549,71000272561,71000272571,1,1,1,1,71000272529,71000272537,71000272543,71000272523,71000272525,71000272527,0,0,0,0,0,0,3.5,17045,15010,1.0000295336164438,0.9999704663835562
middle,71000273449,71000273479,30,71000273479,71000273483,71000273489,1,1,1,1,71000273459,71000273467,71000273471,71000273451,71000273453,71000273455,0,0,0,0,0,0,3.5,17045,15010,1.0000295336164438,0.9999704663835562
middle,71000274045,71000274067,22,71000274067,71000274101,71000274109,1,1,1,1,71000274047,71000274049,71000274061,71000274047,71000274049,71000274051,0,0,0,0,0,0,3.5,17045,15010,1.0000295336164438,0.9999704663835562
middle,71000274849,71000274859,10,71000274859,71000274893,71000274911,1,1,1,1,71000274853,71000274857,71000274859,71000274851,71000274853,71000274855,0,0,1,0,0,0,3.5,17045,15010,1.0000295336164438,0.9999704663835562
middle,71000275110,71000275117,7,71000275117,71000275183,71000275187,1,1,1,1,71000275111,71000275117,71000275123,71000275111,71000275113,71000275115,0,1,1,0,0,0,3.5,17045,15010,1.0000295336164438,0.9999704663835562
middle,71000275400,71000275403,3,71000275403,71000275429,71000275433,1,1,1,1,71000275403,71000275417,71000275421,71000275401,71000275403,71000275405,1,1,1,0,1,1,3.5,17045,15010,1.0000295336164438,0.9999704663835562
middle,71000275451,71000275501,50,71000275501,71000275529,71000275537,1,1,1,1,71000275453,71000275459,71000275471,71000275453,71000275455,71000275457,0,0,0,0,0,0,3.5,17045,15010,1.0000295336164438,0.9999704663835562
middle,71000275486,71000275501,15,71000275501,71000275529,71000275537,1,1,1,1,71000275487,71000275499,71000275501,71000275487,71000275489,71000275491,0,0,1,0,0,0,3.5,17045,15010,1.0000295336164438,0.9999704663835562
middle,71000275612,71000275613,1,71000275613,71000275631,71000275657,1,1,1,1,71000275613,71000275627,71000275631,71000275613,71000275615,71000275617,1,1,1,1,1,1,3.5,17045,15010,1.0000295336164438,0.9999704663835562
middle,71000275658,71000275699,41,71000275699,71000275733,71000275739,1,1,1,1,71000275663,71000275667,71000275669,71000275659,71000275661,71000275663,0,0,0,0,0,0,3.5,17045,15010,1.0000295336164438,0.9999704663835562
middle,71000275857,71000275859,2,71000275859,71000275867,71000275897,1,1,1,1,71000275859,71000275861,71000275867,71000275859,71000275861,71000275863,1,1,1,1,1,1,3.5,17045,15010,1.0000295336164438,0.9999704663835562
middle,71000276568,71000276573,5,71000276573,71000276639,71000276653,1,1,1,1,71000276573,71000276579,71000276587,71000276569,71000276571,71000276573,1,1,1,0,0,1,3.5,17045,15010,1.0000295336164438,0.9999704663835562
middle,71000276579,71000276639,60,71000276639,71000276653,71000276657,1,1,1,1,71000276587,71000276591,71000276593,71000276581,71000276583,71000276585,0,0,0,0,0,0,3.5,17045,15010,1.0000295336164438,0.9999704663835562
middle,71000276746,71000276759,13,71000276759,71000276783,71000276801,1,1,1,1,71000276747,71000276759,71000276761,71000276747,71000276749,71000276751,0,1,1,0,0,0,3.5,17045,15010,1.0000295336164438,0.9999704663835562
middle,71000276752,71000276759,7,71000276759,71000276783,71000276801,1,1,1,1,71000276759,71000276761,71000276771,71000276753,71000276755,71000276757,1,1,1,0,0,0,3.5,17045,15010,1.0000295336164438,0.9999704663835562
middle,71000276760,71000276783,23,71000276783,71000276801,71000276827,1,1,1,1,71000276761,71000276771,71000276777,71000276761,71000276763,71000276765,0,0,0,0,0,0,3.5,17045,15010,1.0000295336164438,0.9999704663835562
middle,71000277094,71000277199,105,71000277199,71000277217,71000277221,1,1,1,1,71000277097,71000277107,71000277109,71000277095,71000277097,71000277099,0,0,0,0,0,0,3.5,17045,15010,1.0000295336164438,0.9999704663835562
middle,71000277424,71000277473,49,71000277473,71000277479,71000277497,1,1,1,1,71000277427,71000277431,71000277437,71000277425,71000277427,71000277429,0,0,0,0,0,0,3.5,17045,15010,1.0000295336164438,0.9999704663835562
middle,71000277425,71000277473,48,71000277473,71000277479,71000277497,1,1,1,1,71000277427,71000277431,71000277437,71000277427,71000277429,71000277431,0,0,0,0,0,0,3.5,17045,15010,1.0000295336164438,0.9999704663835562
middle,71000277914,71000277923,9,71000277923,71000277937,71000277967,1,1,1,1,71000277917,71000277919,71000277923,71000277915,71000277917,71000277919,0,0,1,0,0,0,3.5,17045,15010,1.0000295336164438,0.9999704663835562
middle,71000278031,71000278043,12,71000278043,71000278057,71000278061,1,1,1,1,71000278033,71000278039,71000278043,71000278033,71000278035,71000278037,0,0,1,0,0,0,3.5,17045,15010,1.0000295336164438,0.9999704663835562
middle,71000278072,71000278073,1,71000278073,71000278109,71000278121,1,1,1,1,71000278073,71000278081,71000278087,71000278073,71000278075,71000278077,1,1,1,1,1,1,3.5,17045,15010,1.0000295336164438,0.9999704663835562
middle,71000278168,71000278171,3,71000278171,71000278183,71000278187,1,1,1,1,71000278169,71000278171,71000278177,71000278169,71000278171,71000278173,0,1,1,0,1,1,3.5,17045,15010,1.0000295336164438,0.9999704663835562
middle,71000278447,71000278493,46,71000278493,71000278501,71000278549,1,1,1,1,71000278451,71000278457,71000278463,71000278449,71000278451,71000278453,0,0,0,0,0,0,3.5,17045,15010,1.0000295336164438,0.9999704663835562
middle,71000278707,71000278721,14,71000278721,71000278771,71000278777,1,1,1,1,71000278709,71000278721,71000278729,71000278709,71000278711,71000278713,0,1,1,0,0,0,3.5,17045,15010,1.0000295336164438,0.9999704663835562
middle,71000278805,71000278819,14,71000278819,71000278823,71000278837,1,1,1,1,71000278807,71000278819,71000278823,71000278807,71000278809,71000278811,0,1,1,0,0,0,3.5,17045,15010,1.0000295336164438,0.9999704663835562
middle,71000278815,71000278819,4,71000278819,71000278823,71000278837,1,1,1,1,71000278819,71000278823,71000278829,71000278817,71000278819,71000278821,1,1,1,0,1,1,3.5,17045,15010,1.0000295336164438,0.9999704663835562
middle,71000278964,71000279033,69,71000279033,71000279039,71000279041,1,1,1,1,71000278967,71000278969,71000278981,71000278965,71000278967,71000278969,0,0,0,0,0,0,3.5,17045,15010,1.0000295336164438,0.9999704663835562
middle,71000279170,71000279171,1,71000279171,71000279227,71000279299,1,1,1,1,71000279171,71000279173,71000279177,71000279171,71000279173,71000279175,1,1,1,1,1,1,3.5,17045,15010,1.0000295336164438,0.9999704663835562
middle,71000279335,71000279351,16,71000279351,71000279359,71000279393,1,1,1,1,71000279347,71000279351,71000279353,71000279337,71000279339,71000279341,0,1,1,0,0,0,3.5,17045,15010,1.0000295336164438,0.9999704663835562
middle,71000279502,71000279509,7,71000279509,71000279521,71000279551,1,1,1,1,71000279503,71000279507,71000279509,71000279503,71000279505,71000279507,0,0,1,0,0,0,3.5,17045,15010,1.0000295336164438,0.9999704663835562
middle,71000280685,71000280691,6,71000280691,71000280697,71000280713,1,1,1,1,71000280691,71000280697,71000280707,71000280687,71000280689,71000280691,1,1,1,0,0,1,3.5,17045,15010,1.0000295336164438,0.9999704663835562
middle,71000280985,71000280991,6,71000280991,71000281031,71000281097,1,1,1,1,71000280991,71000281003,71000281007,71000280987,71000280989,71000280991,1,1,1,0,0,1,3.5,17045,15010,1.0000295336164438,0.9999704663835562
middle,71000281086,71000281097,11,71000281097,71000281139,71000281141,1,1,1,1,71000281087,71000281097,71000281103,71000281087,71000281089,71000281091,0,1,1,0,0,0,3.5,17045,15010,1.0000295336164438,0.9999704663835562
middle,71000281145,71000281171,26,71000281171,71000281259,71000281279,1,1,1,1,71000281147,71000281151,71000281169,71000281147,71000281149,71000281151,0,0,0,0,0,0,3.5,17045,15010,1.0000295336164438,0.9999704663835562
middle,71000281222,71000281259,37,71000281259,71000281279,71000281307,1,1,1,1,71000281223,71000281229,71000281237,71000281223,71000281225,71000281227,0,0,0,0,0,0,3.5,17045,15010,1.0000295336164438,0.9999704663835562
middle,71000281325,71000281343,18,71000281343,71000281369,71000281409,1,1,1,1,71000281333,71000281337,71000281343,71000281327,71000281329,71000281331,0,0,1,0,0,0,3.5,17045,15010,1.0000295336164438,0.9999704663835562
middle,71000281538,71000281579,41,71000281571,71000281579,71000281591,2,0,1,1,71000281543,71000281553,71000281571,71000281539,71000281541,71000281543,0,0,0,0,0,0,3.5,17045,15010,1.0000295336164438,0.9999704663835562
middle,71000281577,71000281579,2,71000281579,71000281591,71000281603,1,1,1,1,71000281579,71000281589,71000281591,71000281579,71000281581,71000281583,1,1,1,1,1,1,3.5,17045,15010,1.0000295336164438,0.9999704663835562
middle,71000282535,71000282539,4,71000282539,71000282557,71000282579,1,1,1,1,71000282537,71000282539,71000282543,71000282537,71000282539,71000282541,0,1,1,0,1,1,3.5,17045,15010,1.0000295336164438,0.9999704663835562
middle,71000283330,71000283353,23,71000283353,71000283359,71000283373,1,1,1,1,71000283331,71000283337,71000283349,71000283331,71000283333,71000283335,0,0,0,0,0,0,3.5,17045,15010,1.0000295336164438,0.9999704663835562
middle,71000283654,71000283659,5,71000283659,71000283691,71000283713,1,1,1,1,71000283659,71000283661,71000283667,71000283655,71000283657,71000283659,1,1,1,0,0,1,3.5,17045,15010,1.0000295336164438,0.9999704663835562
middle,71000283667,71000283691,24,71000283691,71000283713,71000283721,1,1,1,1,71000283671,71000283677,71000283689,71000283669,71000283671,71000283673,0,0,0,0,0,0,3.5,17045,15010,1.0000295336164438,0.9999704663835562
middle,71000283785,71000283791,6,71000283791,71000283853,71000283857,1,1,1,1,71000283787,71000283791,71000283793,71000283787,71000283789,71000283791,0,1,1,0,0,1,3.5,17045,15010,1.0000295336164438,0.9999704663835562
middle,71000284418,71000284469,51,71000284469,71000284499,71000284519,1,1,1,1,71000284427,71000284429,71000284441,71000284419,71000284421,71000284423,0,0,0,0,0,0,3.5,17045,15010,1.0000295336164438,0.9999704663835562
middle,71000284428,71000284469,41,71000284469,71000284499,71000284519,1,1,1,1,71000284429,71000284441,71000284451,71000284429,71000284431,71000284433,0,0,0,0,0,0,3.5,17045,15010,1.0000295336164438,0.9999704663835562
middle,71000284551,71000284567,16,71000284567,71000284571,71000284601,1,1,1,1,71000284561,71000284567,71000284571,71000284553,71000284555,71000284557,0,1,1,0,0,0,3.5,17045,15010,1.0000295336164438,0.9999704663835562
middle,71000284748,71000284753,5,71000284753,71000284799,71000284889,1,1,1,1,71000284753,71000284757,71000284759,71000284749,71000284751,71000284753,1,1,1,0,0,1,3.5,17045,15010,1.0000295336164438,0.9999704663835562
middle,71000285075,71000285089,14,71000285089,71000285099,71000285107,1,1,1,1,71000285077,71000285087,71000285089,71000285077,71000285079,71000285081,0,0,1,0,0,0,3.5,17045,15010,1.0000295336164438,0.9999704663835562
middle,71000285098,71000285099,1,71000285099,71000285107,71000285119,1,1,1,1,71000285099,71000285101,71000285107,71000285099,71000285101,71000285103,1,1,1,1,1,1,3.5,17045,15010,1.0000295336164438,0.9999704663835562
middle,71000285219,71000285233,14,71000285233,71000285281,71000285297,1,1,1,1,71000285221,71000285227,71000285231,71000285221,71000285223,71000285225,0,0,0,0,0,0,3.5,17045,15010,1.0000295336164438,0.9999704663835562
middle,71000285431,71000285449,18,71000285449,71000285453,71000285501,1,1,1,1,71000285437,71000285441,71000285449,71000285433,71000285435,71000285437,0,0,1,0,0,0,3.5,17045,15010,1.0000295336164438,0.9999704663835562
middle,71000285776,71000285801,25,71000285801,71000285803,71000285819,1,1,1,1,71000285777,71000285779,71000285789,71000285777,71000285779,71000285781,0,0,0,0,0,0,3.5,17045,15010,1.0000295336164438,0.9999704663835562
middle,71000285807,71000285819,12,71000285819,71000285833,71000285843,1,1,1,1,71000285809,71000285813,71000285819,71000285809,71000285811,71000285813,0,0,1,0,0,0,3.5,17045,15010,1.0000295336164438,0.9999704663835562
middle,71000285971,71000285977,6,71000285977,71000285999,71000286023,1,1,1,1,71000285977,71000285981,71000285989,71000285973,71000285975,71000285977,1,1,1,0,0,1,3.5,17045,15010,1.0000295336164438,0.9999704663835562
middle,71000286155,71000286187,32,71000286187,71000286223,71000286263,1,1,1,1,71000286163,71000286167,71000286169,71000286157,71000286159,71000286161,0,0,0,0,0,0,3.5,17045,15010,1.0000295336164438,0.9999704663835562
middle,71000286258,71000286263,5,71000286263,71000286281,71000286299,1,1,1,1,71000286263,71000286271,71000286277,71000286259,71000286261,71000286263,1,1,1,0,0,1,3.5,17045,15010,1.0000295336164438,0.9999704663835562
middle,71000286365,71000286391,26,71000286391,71000286397,71000286419,1,1,1,1,71000286367,71000286377,71000286389,71000286367,71000286369,71000286371,0,0,0,0,0,0,3.5,17045,15010,1.0000295336164438,0.9999704663835562
middle,71000286374,71000286391,17,71000286391,71000286397,71000286419,1,1,1,1,71000286377,71000286389,71000286391,71000286375,71000286377,71000286379,0,0,1,0,0,0,3.5,17045,15010,1.0000295336164438,0.9999704663835562
middle,71000286638,71000286647,9,71000286647,71000286649,71000286671,1,1,1,1,71000286641,71000286647,71000286649,71000286639,71000286641,71000286643,0,1,1,0,0,0,3.5,17045,15010,1.0000295336164438,0.9999704663835562
middle,71000286903,71000286949,46,71000286949,71000286989,71000287003,1,1,1,1,71000286911,71000286913,71000286919,71000286905,71000286907,71000286909,0,0,0,0,0,0,3.5,17045,15010,1.0000295336164438,0.9999704663835562
middle,71000287505,71000287507,2,71000287507,71000287537,71000287573,1,1,1,1,71000287507,71000287511,71000287513,71000287507,71000287509,71000287511,1,1,1,1,1,1,3.5,17045,15010,1.0000295336164438,0.9999704663835562
middle,71000287511,71000287537,26,71000287537,71000287573,71000287637,1,1,1,1,71000287513,71000287531,71000287537,71000287513,71000287515,71000287517,0,0,1,0,0,0,3.5,17045,15010,1.0000295336164438,0.9999704663835562
middle,71000287689,71000287793,104,71000287793,71000287801,71000287829,1,1,1,1,71000287691,71000287697,71000287703,71000287691,71000287693,71000287695,0,0,0,0,0,0,3.5,17045,15010,1.0000295336164438,0.9999704663835562
middle,71000287848,71000287861,13,71000287861,71000287871,71000287879,1,1,1,1,71000287849,71000287859,71000287861,71000287849,71000287851,71000287853,0,0,1,0,0,0,3.5,17045,15010,1.0000295336164438,0.9999704663835562
middle,71000288015,71000288077,62,71000288077,71000288083,71000288119,1,1,1,1,71000288017,71000288033,71000288039,71000288017,71000288019,71000288021,0,0,0,0,0,0,3.5,17045,15010,1.0000295336164438,0.9999704663835562
middle,71000288440,71000288441,1,71000288441,71000288479,71000288507,1,1,1,1,71000288441,71000288459,71000288467,71000288441,71000288443,71000288445,1,1,1,1,1,1,3.5,17045,15010,1.0000295336164438,0.9999704663835562
middle,71000288442,71000288479,37,71000288479,71000288507,71000288521,1,1,1,1,71000288459,71000288467,71000288473,71000288443,71000288445,71000288447,0,0,0,0,0,0,3.5,17045,15010,1.0000295336164438,0.9999704663835562
middle,71000288448,71000288479,31,71000288479,71000288507,71000288521,1,1,1,1,71000288459,71000288467,71000288473,71000288449,71000288451,71000288453,0,0,0,0,0,0,3.5,17045,15010,1.0000295336164438,0.9999704663835562
middle,71000288533,71000288581,48,71000288581,71000288591,71000288609,1,1,1,1,71000288539,71000288543,71000288549,71000288535,71000288537,71000288539,0,0,0,0,0,0,3.5,17045,15010,1.0000295336164438,0.9999704663835562
middle,71000288876,71000288897,21,71000288897,71000288917,71000288921,1,1,1,1,71000288881,71000288893,71000288897,71000288877,71000288879,71000288881,0,0,1,0,0,0,3.5,17045,15010,1.0000295336164438,0.9999704663835562
middle,71000288892,71000288897,5,71000288897,71000288917,71000288921,1,1,1,1,71000288893,71000288897,71000288899,71000288893,71000288895,71000288897,0,1,1,0,0,1,3.5,17045,15010,1.0000295336164438,0.9999704663835562
middle,71000288993,71000288999,6,71000288999,71000289037,71000289049,1,1,1,1,71000288999,71000289007,71000289011,71000288995,71000288997,71000288999,1,1,1,0,0,1,3.5,17045,15010,1.0000295336164438,0.9999704663835562
middle,71000289206,71000289209,3,71000289209,71000289221,71000289223,1,1,1,1,71000289209,71000289211,71000289221,71000289207,71000289209,71000289211,1,1,1,0,1,1,3.5,17045,15010,1.0000295336164438,0.9999704663835562
middle,71000289653,71000289683,30,71000289683,71000289697,71000289709,1,1,1,1,71000289667,71000289671,71000289673,71000289655,71000289657,71000289659,0,0,0,0,0,0,3.5,17045,15010,1.0000295336164438,0.9999704663835562
middle,71000290055,71000290061,6,71000290061,71000290093,71000290103,1,1,1,1,71000290057,71000290061,71000290063,71000290057,71000290059,71000290061,0,1,1,0,0,1,3.5,17045,15010,1.0000295336164438,0.9999704663835562
middle,71000290917,71000290919,2,71000290919,71000290927,71000290937,1,1,1,1,71000290919,71000290927,71000290931,71000290919,71000290921,71000290923,1,1,1,1,1,1,3.5,17045,15010,1.0000295336164438,0.9999704663835562
middle,71000291025,71000291027,2,71000291027,71000291041,71000291059,1,1,1,1,71000291027,71000291029,71000291039,71000291027,71000291029,71000291031,1,1,1,1,1,1,3.5,17045,15010,1.0000295336164438,0.9999704663835562
middle,71000291176,71000291191,15,71000291191,71000291233,71000291239,1,1,1,1,71000291177,71000291179,71000291183,71000291177,71000291179,71000291181,0,0,0,0,0,0,3.5,17045,15010,1.0000295336164438,0.9999704663835562
middle,71000291385,71000291413,28,71000291389,71000291413,71000291423,2,0,1,1,71000291387,71000291389,71000291399,71000291387,71000291389,71000291391,0,0,0,0,0,0,3.5,17045,15010,1.0000295336164438,0.9999704663835562
middle,71000291720,71000291731,11,71000291731,71000291737,71000291771,1,1,1,1,71000291723,71000291729,71000291731,71000291721,71000291723,71000291725,0,0,1,0,0,0,3.5,17045,15010,1.0000295336164438,0.9999704663835562
middle,71000291941,71000291953,12,71000291953,71000291977,71000292019,1,1,1,1,71000291951,71000291953,71000291959,71000291943,71000291945,71000291947,0,1,1,0,0,0,3.5,17045,15010,1.0000295336164438,0.9999704663835562
middle,71000292529,71000292569,40,71000292569,71000292577,71000292611,1,1,1,1,71000292533,71000292541,71000292547,71000292531,71000292533,71000292535,0,0,0,0,0,0,3.5,17045,15010,1.0000295336164438,0.9999704663835562
middle,71000293073,71000293079,6,71000293079,71000293081,71000293103,1,1,1,1,71000293079,71000293081,71000293087,71000293075,71000293077,71000293079,1,1,1,0,0,1,3.5,17045,15010,1.0000295336164438,0.9999704663835562
middle,71000293598,71000293607,9,71000293607,71000293619,71000293631,1,1,1,1,71000293607,71000293613,71000293619,71000293599,71000293601,71000293603,1,1,1,0,0,0,3.5,17045,15010,1.0000295336164438,0.9999704663835562
middle,71000294058,71000294063,5,71000294063,71000294083,71000294089,1,1,1,1,71000294059,71000294063,71000294069,71000294059,71000294061,71000294063,0,1,1,0,0,1,3.5,17045,15010,1.0000295336164438,0.9999704663835562
middle,71000294069,71000294083,14,71000294083,71000294089,71000294117,1,1,1,1,71000294081,71000294083,71000294089,71000294071,71000294073,71000294075,0,1,1,0,0,0,3.5,17045,15010,1.0000295336164438,0.9999704663835562
middle,71000294521,71000294549,28,71000294549,71000294569,71000294621,1,1,1,1,71000294527,71000294531,71000294537,71000294523,71000294525,71000294527,0,0,0,0,0,0,3.5,17045,15010,1.0000295336164438,0.9999704663835562
middle,71000294607,71000294621,14,71000294621,71000294627,71000294641,1,1,1,1,71000294611,71000294621,71000294627,71000294609,71000294611,71000294613,0,1,1,0,0,0,3.5,17045,15010,1.0000295336164438,0.9999704663835562
middle,71000294645,71000294663,18,71000294663,71000294669,71000294699,1,1,1,1,71000294653,71000294663,71000294669,71000294647,71000294649,71000294651,0,1,1,0,0,0,3.5,17045,15010,1.0000295336164438,0.9999704663835562
middle,71000294833,71000294839,6,71000294839,71000294879,71000294909,1,1,1,1,71000294839,71000294851,71000294857,71000294835,71000294837,71000294839,1,1,1,0,0,1,3.5,17045,15010,1.0000295336164438,0.9999704663835562
middle,71000294871,71000294909,38,71000294879,71000294909,71000294927,2,0,1,1,71000294873,71000294879,71000294881,71000294873,71000294875,71000294877,0,0,0,0,0,0,3.5,17045,15010,1.0000295336164438,0.9999704663835562
middle,71000294995,71000295011,16,71000295011,71000295049,71000295061,1,1,1,1,71000294999,71000295001,71000295007,71000294997,71000294999,71000295001,0,0,0,0,0,0,3.5,17045,15010,1.0000295336164438,0.9999704663835562
middle,71000295407,71000295419,12,71000295419,71000295469,71000295493,1,1,1,1,71000295409,71000295413,71000295419,71000295409,71000295411,71000295413,0,0,1,0,0,0,3.5,17045,15010,1.0000295336164438,0.9999704663835562
middle,71000295533,71000295539,6,71000295539,71000295551,71000295557,1,1,1,1,71000295539,71000295547,71000295551,71000295535,71000295537,71000295539,1,1,1,0,0,1,3.5,17045,15010,1.0000295336164438,0.9999704663835562
middle,71000295591,71000295593,2,71000295593,71000295629,71000295637,1,1,1,1,71000295593,71000295599,71000295601,71000295593,71000295595,71000295597,1,1,1,1,1,1,3.5,17045,15010,1.0000295336164438,0.9999704663835562
middle,71000295667,71000295679,12,71000295679,71000295701,71000295703,1,1,1,1,71000295679,71000295683,71000295689,71000295669,71000295671,71000295673,1,1,1,0,0,0,3.5,17045,15010,1.0000295336164438,0.9999704663835562
middle,71000295830,71000295841,11,71000295841,71000295931,71000295953,1,1,1,1,71000295833,71000295841,71000295851,71000295831,71000295833,71000295835,0,1,1,0,0,0,3.5,17045,15010,1.0000295336164438,0.9999704663835562
middle,71000296030,71000296043,13,71000296043,71000296057,71000296063,1,1,1,1,71000296033,71000296043,71000296049,71000296031,71000296033,71000296035,0,1,1,0,0,0,3.5,17045,15010,1.0000295336164438,0.9999704663835562
middle,71000296468,71000296469,1,71000296469,71000296481,71000296487,1,1,1,1,71000296469,71000296481,71000296483,71000296469,71000296471,71000296473,1,1,1,1,1,1,3.5,17045,15010,1.0000295336164438,0.9999704663835562
middle,71000296566,71000296597,31,71000296597,71000296613,71000296643,1,1,1,1,71000296567,71000296571,71000296573,71000296567,71000296569,71000296571,0,0,0,0,0,0,3.5,17045,15010,1.0000295336164438,0.9999704663835562
middle,71000296670,71000296691,21,71000296691,71000296711,71000296739,1,1,1,1,71000296673,71000296681,71000296687,71000296671,71000296673,71000296675,0,0,0,0,0,0,3.5,17045,15010,1.0000295336164438,0.9999704663835562
middle,71000296676,71000296691,15,71000296691,71000296711,71000296739,1,1,1,1,71000296681,71000296687,71000296691,71000296677,71000296679,71000296681,0,0,1,0,0,0,3.5,17045,15010,1.0000295336164438,0.9999704663835562
middle,71000296721,71000296739,18,71000296739,71000296769,71000296771,1,1,1,1,71000296723,71000296727,71000296733,71000296723,71000296725,71000296727,0,0,0,0,0,0,3.5,17045,15010,1.0000295336164438,0.9999704663835562
middle,71000296728,71000296739,11,71000296739,71000296769,71000296771,1,1,1,1,71000296733,71000296739,71000296747,71000296729,71000296731,71000296733,0,1,1,0,0,0,3.5,17045,15010,1.0000295336164438,0.9999704663835562
middle,71000296861,71000296877,16,71000296877,71000296883,71000296907,1,1,1,1,71000296877,71000296879,71000296883,71000296863,71000296865,71000296867,1,1,1,0,0,0,3.5,17045,15010,1.0000295336164438,0.9999704663835562
middle,71000296928,71000296931,3,71000296931,71000296981,71000297009,1,1,1,1,71000296931,71000296933,71000296937,71000296929,71000296931,71000296933,1,1,1,0,1,1,3.5,17045,15010,1.0000295336164438,0.9999704663835562
middle,71000297011,71000297021,10,71000297021,71000297033,71000297047,1,1,1,1,71000297021,71000297023,71000297029,71000297013,71000297015,71000297017,1,1,1,0,0,0,3.5,17045,15010,1.0000295336164438,0.9999704663835562
middle,71000298127,71000298163,36,71000298163,71000298167,71000298191,1,1,1,1,71000298133,71000298137,71000298139,71000298129,71000298131,71000298133,0,0,0,0,0,0,3.5,17045,15010,1.0000295336164438,0.9999704663835562
middle,71000298397,71000298407,10,71000298407,71000298419,71000298443,1,1,1,1,71000298401,71000298403,71000298407,71000298399,71000298401,71000298403,0,0,1,0,0,0,3.5,17045,15010,1.0000295336164438,0.9999704663835562
middle,71000298666,71000298673,7,71000298673,71000298689,71000298701,1,1,1,1,71000298667,71000298671,71000298673,71000298667,71000298669,71000298671,0,0,1,0,0,0,3.5,17045,15010,1.0000295336164438,0.9999704663835562
middle,71000299064,71000299081,17,71000299081,71000299109,71000299127,1,1,1,1,71000299067,71000299079,71000299081,71000299065,71000299067,71000299069,0,0,1,0,0,0,3.5,17045,15010,1.0000295336164438,0.9999704663835562
middle,71000299216,71000299217,1,71000299217,71000299241,71000299273,1,1,1,1,71000299217,71000299219,71000299229,71000299217,71000299219,71000299221,1,1,1,1,1,1,3.5,17045,15010,1.0000295336164438,0.9999704663835562
middle,71000299490,71000299561,71,71000299561,71000299571,71000299609,1,1,1,1,71000299493,71000299499,71000299501,71000299491,71000299493,71000299495,0,0,0,0,0,0,3.5,17045,15010,1.0000295336164438,0.9999704663835562
middle,71000300019,71000300023,4,71000300023,71000300039,71000300083,1,1,1,1,71000300023,71000300027,71000300039,71000300021,71000300023,71000300025,1,1,1,0,1,1,3.5,17045,15010,1.0000295336164438,0.9999704663835562
middle,71000300070,71000300083,13,71000300083,71000300171,71000300207,1,1,1,1,71000300071,71000300083,71000300089,71000300071,71000300073,71000300075,0,1,1,0,0,0,3.5,17045,15010,1.0000295336164438,0.9999704663835562
middle,71000300118,71000300171,53,71000300171,71000300207,71000300213,1,1,1,1,71000300123,71000300141,71000300143,71000300119,71000300121,71000300123,0,0,0,0,0,0,3.5,17045,15010,1.0000295336164438,0.9999704663835562
middle,71000300305,71000300321,16,71000300321,71000300359,71000300381,1,1,1,1,71000300311,71000300321,71000300323,71000300307,71000300309,71000300311,0,1,1,0,0,0,3.5,17045,15010,1.0000295336164438,0.9999704663835562
middle,71000300660,71000300677,17,71000300677,71000300681,71000300719,1,1,1,1,71000300663,71000300669,71000300671,71000300661,71000300663,71000300665,0,0,0,0,0,0,3.5,17045,15010,1.0000295336164438,0.9999704663835562
middle,71000300908,71000300909,1,71000300909,71000300933,71000300939,1,1,1,1,71000300909,71000300911,71000300923,71000300909,71000300911,71000300913,1,1,1,1,1,1,3.5,17045,15010,1.0000295336164438,0.9999704663835562
middle,71000301110,71000301149,39,71000301149,71000301157,71000301187,1,1,1,1,71000301121,71000301131,71000301133,71000301111,71000301113,71000301115,0,0,0,0,0,0,3.5,17045,15010,1.0000295336164438,0.9999704663835562
middle,71000301152,71000301187,35,71000301157,71000301187,71000301217,2,0,1,1,71000301157,71000301161,71000301167,71000301153,71000301155,71000301157,0,0,0,0,0,0,3.5,17045,15010,1.0000295336164438,0.9999704663835562
middle,71000301298,71000301301,3,71000301301,71000301313,71000301367,1,1,1,1,71000301299,71000301301,71000301311,71000301299,71000301301,71000301303,0,1,1,0,1,1,3.5,17045,15010,1.0000295336164438,0.9999704663835562
middle,71000302018,71000302049,31,71000302049,71000302127,71000302129,1,1,1,1,71000302027,71000302031,71000302039,71000302019,71000302021,71000302023,0,0,0,0,0,0,3.5,17045,15010,1.0000295336164438,0.9999704663835562
middle,71000302088,71000302127,39,71000302127,71000302129,71000302147,1,1,1,1,71000302097,71000302099,71000302117,71000302089,71000302091,71000302093,0,0,0,0,0,0,3.5,17045,15010,1.0000295336164438,0.9999704663835562
middle,71000302383,71000302397,14,71000302397,71000302403,71000302487,1,1,1,1,71000302391,71000302393,71000302397,71000302385,71000302387,71000302389,0,0,1,0,0,0,3.5,17045,15010,1.0000295336164438,0.9999704663835562
middle,71000303267,71000303287,20,71000303287,71000303333,71000303351,1,1,1,1,71000303279,71000303281,71000303287,71000303269,71000303271,71000303273,0,0,1,0,0,0,3.5,17045,15010,1.0000295336164438,0.9999704663835562
middle,71000303281,71000303287,6,71000303287,71000303333,71000303351,1,1,1,1,71000303287,71000303291,71000303299,71000303283,71000303285,71000303287,1,1,1,0,0,1,3.5,17045,15010,1.0000295336164438,0.9999704663835562
middle,71000303679,71000303707,28,71000303707,71000303713,71000303741,1,1,1,1,71000303681,71000303683,71000303687,71000303681,71000303683,71000303685,0,0,0,0,0,0,3.5,17045,15010,1.0000295336164438,0.9999704663835562
middle,71000304484,71000304491,7,71000304491,71000304497,71000304509,1,1,1,1,71000304491,71000304493,71000304497,71000304485,71000304487,71000304489,1,1,1,0,0,0,3.5,17045,15010,1.0000295336164438,0.9999704663835562
middle,71000304506,71000304509,3,71000304509,71000304541,71000304547,1,1,1,1,71000304509,71000304511,71000304521,71000304507,71000304509,71000304511,1,1,1,0,1,1,3.5,17045,15010,1.0000295336164438,0.9999704663835562
middle,71000304824,71000304827,3,71000304827,71000304833,71000304839,1,1,1,1,71000304827,71000304829,71000304833,71000304825,71000304827,71000304829,1,1,1,0,1,1,3.5,17045,15010,1.0000295336164438,0.9999704663835562
middle,71000304837,71000304839,2,71000304839,71000304841,71000304847,1,1,1,1,71000304839,71000304841,71000304847,71000304839,71000304841,71000304843,1,1,1,1,1,1,3.5,17045,15010,1.0000295336164438,0.9999704663835562
middle,71000305136,71000305139,3,71000305139,71000305157,71000305171,1,1,1,1,71000305139,71000305141,71000305151,71000305137,71000305139,71000305141,1,1,1,0,1,1,3.5,17045,15010,1.0000295336164438,0.9999704663835562
middle,71000306163,71000306189,26,71000306189,71000306219,71000306227,1,1,1,1,71000306171,71000306173,71000306177,71000306165,71000306167,71000306169,0,0,0,0,0,0,3.5,17045,15010,1.0000295336164438,0.9999704663835562
middle,71000306675,71000306683,8,71000306683,71000306701,71000306717,1,1,1,1,71000306677,71000306681,71000306683,71000306677,71000306679,71000306681,0,0,1,0,0,0,3.5,17045,15010,1.0000295336164438,0.9999704663835562
middle,71000306686,71000306701,15,71000306701,71000306717,71000306719,1,1,1,1,71000306687,71000306701,71000306717,71000306687,71000306689,71000306691,0,1,1,0,0,0,3.5,17045,15010,1.0000295336164438,0.9999704663835562
middle,71000306925,71000306939,14,71000306939,71000306953,71000306957,1,1,1,1,71000306929,71000306933,71000306939,71000306927,71000306929,71000306931,0,0,1,0,0,0,3.5,17045,15010,1.0000295336164438,0.9999704663835562
middle,71000306940,71000306953,13,71000306953,71000306957,71000306969,1,1,1,1,71000306947,71000306953,71000306957,71000306941,71000306943,71000306945,0,1,1,0,0,0,3.5,17045,15010,1.0000295336164438,0.9999704663835562
middle,71000307562,71000307571,9,71000307571,71000307671,71000307689,1,1,1,1,71000307563,71000307569,71000307571,71000307563,71000307565,71000307567,0,0,1,0,0,0,3.5,17045,15010,1.0000295336164438,0.9999704663835562
middle,71000307846,71000307857,11,71000307857,71000307901,71000308013,1,1,1,1,71000307853,71000307857,71000307863,71000307847,71000307849,71000307851,0,1,1,0,0,0,3.5,17045,15010,1.0000295336164438,0.9999704663835562
middle,71000307921,71000308013,92,71000308013,71000308021,71000308031,1,1,1,1,71000307923,71000307929,71000307941,71000307923,71000307925,71000307927,0,0,0,0,0,0,3.5,17045,15010,1.0000295336164438,0.9999704663835562
middle,71000308246,71000308261,15,71000308261,71000308319,71000308381,1,1,1,1,71000308259,71000308261,71000308271,71000308247,71000308249,71000308251,0,1,1,0,0,0,3.5,17045,15010,1.0000295336164438,0.9999704663835562
middle,71000308366,71000308381,15,71000308381,71000308439,71000308447,1,1,1,1,71000308369,71000308373,71000308381,71000308367,71000308369,71000308371,0,0,1,0,0,0,3.5,17045,15010,1.0000295336164438,0.9999704663835562
middle,71000308369,71000308381,12,71000308381,71000308439,71000308447,1,1,1,1,71000308373,71000308381,71000308387,71000308371,71000308373,71000308375,0,1,1,0,0,0,3.5,17045,15010,1.0000295336164438,0.9999704663835562
middle,71000308459,71000308513,54,71000308513,71000308553,71000308559,1,1,1,1,71000308469,71000308481,71000308487,71000308461,71000308463,71000308465,0,0,0,0,0,0,3.5,17045,15010,1.0000295336164438,0.9999704663835562
middle,71000308698,71000308721,23,71000308721,71000308741,71000308747,1,1,1,1,71000308711,71000308721,71000308723,71000308699,71000308701,71000308703,0,1,1,0,0,0,3.5,17045,15010,1.0000295336164438,0.9999704663835562
middle,71000308728,71000308741,13,71000308741,71000308747,71000308777,1,1,1,1,71000308739,71000308741,71000308747,71000308729,71000308731,71000308733,0,1,1,0,0,0,3.5,17045,15010,1.0000295336164438,0.9999704663835562
middle,71000308747,71000308777,30,71000308777,71000308787,71000308807,1,1,1,1,71000308751,71000308759,71000308763,71000308749,71000308751,71000308753,0,0,0,0,0,0,3.5,17045,15010,1.0000295336164438,0.9999704663835562
middle,71000308844,71000308867,23,71000308867,71000308933,71000308943,1,1,1,1,71000308849,71000308853,71000308861,71000308845,71000308847,71000308849,0,0,0,0,0,0,3.5,17045,15010,1.0000295336164438,0.9999704663835562
middle,71000308905,71000308933,28,71000308933,71000308943,71000308987,1,1,1,1,71000308909,71000308913,71000308921,71000308907,71000308909,71000308911,0,0,0,0,0,0,3.5,17045,15010,1.0000295336164438,0.9999704663835562
middle,71000308923,71000308933,10,71000308933,71000308943,71000308987,1,1,1,1,71000308927,71000308931,71000308933,71000308925,71000308927,71000308929,0,0,1,0,0,0,3.5,17045,15010,1.0000295336164438,0.9999704663835562
middle,71000309112,71000309117,5,71000309117,71000309129,71000309179,1,1,1,1,71000309113,71000309117,71000309119,71000309113,71000309115,71000309117,0,1,1,0,0,1,3.5,17045,15010,1.0000295336164438,0.9999704663835562
middle,71000309290,71000309299,9,71000309299,71000309339,71000309371,1,1,1,1,71000309291,71000309293,71000309297,71000309291,71000309293,71000309295,0,0,0,0,0,0,3.5,17045,15010,1.0000295336164438,0.9999704663835562
middle,71000309354,71000309371,17,71000309371,71000309377,71000309381,1,1,1,1,71000309357,71000309363,71000309371,71000309355,71000309357,71000309359,0,0,1,0,0,0,3.5,17045,15010,1.0000295336164438,0.9999704663835562
middle,71000309724,71000309741,17,71000309741,71000309789,71000309791,1,1,1,1,71000309729,71000309741,71000309749,71000309725,71000309727,71000309729,0,1,1,0,0,0,3.5,17045,15010,1.0000295336164438,0.9999704663835562
middle,71000309870,71000309873,3,71000309873,71000309879,71000309893,1,1,1,1,71000309873,71000309879,71000309881,71000309871,71000309873,71000309875,1,1,1,0,1,1,3.5,17045,15010,1.0000295336164438,0.9999704663835562
middle,71000310054,71000310061,7,71000310061,71000310233,71000310257,1,1,1,1,71000310061,71000310067,71000310071,71000310055,71000310057,71000310059,1,1,1,0,0,0,3.5,17045,15010,1.0000295336164438,0.9999704663835562
middle,71000310196,71000310233,37,71000310233,71000310257,71000310281,1,1,1,1,71000310197,71000310203,71000310209,71000310197,71000310199,71000310201,0,0,0,0,0,0,3.5,17045,15010,1.0000295336164438,0.9999704663835562
middle,71000310354,71000310439,85,71000310401,71000310427,71000310439,3,0,0,1,71000310361,71000310371,71000310373,71000310355,71000310357,71000310359,0,0,0,0,0,0,3.5,17045,15010,1.0000295336164438,0.9999704663835562
middle,71000310775,71000310779,4,71000310779,71000310839,71000310863,1,1,1,1,71000310779,71000310781,71000310793,71000310777,71000310779,71000310781,1,1,1,0,1,1,3.5,17045,15010,1.0000295336164438,0.9999704663835562
middle,71000310780,71000310839,59,71000310839,71000310863,71000310917,1,1,1,1,71000310781,71000310793,71000310803,71000310781,71000310783,71000310785,0,0,0,0,0,0,3.5,17045,15010,1.0000295336164438,0.9999704663835562
middle,71000311132,71000311159,27,71000311159,71000311169,71000311211,1,1,1,1,71000311133,71000311141,71000311153,71000311133,71000311135,71000311137,0,0,0,0,0,0,3.5,17045,15010,1.0000295336164438,0.9999704663835562
middle,71000312179,71000312221,42,71000312221,71000312233,71000312261,1,1,1,1,71000312189,71000312191,71000312197,71000312181,71000312183,71000312185,0,0,0,0,0,0,3.5,17045,15010,1.0000295336164438,0.9999704663835562
middle,71000312423,71000312447,24,71000312447,71000312479,71000312497,1,1,1,1,71000312429,71000312437,71000312441,71000312425,71000312427,71000312429,0,0,0,0,0,0,3.5,17045,15010,1.0000295336164438,0.9999704663835562
middle,71000312620,71000312629,9,71000312629,71000312639,71000312671,1,1,1,1,71000312623,71000312627,71000312629,71000312621,71000312623,71000312625,0,0,1,0,0,0,3.5,17045,15010,1.0000295336164438,0.9999704663835562
middle,71000313595,71000313617,22,71000313617,71000313641,71000313679,1,1,1,1,71000313599,71000313607,71000313613,71000313597,71000313599,71000313601,0,0,0,0,0,0,3.5,17045,15010,1.0000295336164438,0.9999704663835562
middle,71000313632,71000313641,9,71000313641,71000313679,71000313767,1,1,1,1,71000313641,71000313649,71000313653,71000313633,71000313635,71000313637,1,1,1,0,0,0,3.5,17045,15010,1.0000295336164438,0.9999704663835562
middle,71000313767,71000313773,6,71000313773,71000313821,71000313869,1,1,1,1,71000313773,71000313779,71000313781,71000313769,71000313771,71000313773,1,1,1,0,0,1,3.5,17045,15010,1.0000295336164438,0.9999704663835562
middle,71000313898,71000313907,9,71000313907,71000313959,71000313961,1,1,1,1,71000313899,71000313907,71000313911,71000313899,71000313901,71000313903,0,1,1,0,0,0,3.5,17045,15010,1.0000295336164438,0.9999704663835562
middle,71000313965,71000313977,12,71000313977,71000313983,71000313997,1,1,1,1,71000313971,71000313973,71000313977,71000313967,71000313969,71000313971,0,0,1,0,0,0,3.5,17045,15010,1.0000295336164438,0.9999704663835562
middle,71000314567,71000314579,12,71000314573,71000314579,71000314589,2,0,1,1,71000314571,71000314573,71000314579,71000314569,71000314571,71000314573,0,0,1,0,0,0,3.5,17045,15010,1.0000295336164438,0.9999704663835562
middle,71000314573,71000314579,6,71000314579,71000314589,71000314613,1,1,1,1,71000314579,71000314589,71000314591,71000314575,71000314577,71000314579,1,1,1,0,0,1,3.5,17045,15010,1.0000295336164438,0.9999704663835562
middle,71000314919,71000314933,14,71000314933,71000314937,71000314981,1,1,1,1,71000314927,71000314933,71000314937,71000314921,71000314923,71000314925,0,1,1,0,0,0,3.5,17045,15010,1.0000295336164438,0.9999704663835562
middle,71000315047,71000315107,60,71000315101,71000315107,71000315131,2,0,1,1,71000315051,71000315059,71000315063,71000315049,71000315051,71000315053,0,0,0,0,0,0,3.5,17045,15010,1.0000295336164438,0.9999704663835562
middle,71000315155,71000315201,46,71000315201,71000315231,71000315237,1,1,1,1,71000315161,71000315171,71000315173,71000315157,71000315159,71000315161,0,0,0,0,0,0,3.5,17045,15010,1.0000295336164438,0.9999704663835562
middle,71000315318,71000315341,23,71000315341,71000315381,71000315389,1,1,1,1,71000315327,71000315333,71000315339,71000315319,71000315321,71000315323,0,0,0,0,0,0,3.5,17045,15010,1.0000295336164438,0.9999704663835562
middle,71000315552,71000315563,11,71000315563,71000315593,71000315609,1,1,1,1,71000315557,71000315563,71000315569,71000315553,71000315555,71000315557,0,1,1,0,0,0,3.5,17045,15010,1.0000295336164438,0.9999704663835562
middle,71000315692,71000315693,1,71000315693,71000315707,71000315741,1,1,1,1,71000315693,71000315707,71000315713,71000315693,71000315695,71000315697,1,1,1,1,1,1,3.5,17045,15010,1.0000295336164438,0.9999704663835562
middle,71000315936,71000315989,53,71000315989,71000315999,71000316001,1,1,1,1,71000315951,71000315959,71000315963,71000315937,71000315939,71000315941,0,0,0,0,0,0,3.5,17045,15010,1.0000295336164438,0.9999704663835562
middle,71000316244,71000316253,9,71000316253,71000316259,71000316263,1,1,1,1,71000316251,71000316253,71000316259,71000316245,71000316247,71000316249,0,1,1,0,0,0,3.5,17045,15010,1.0000295336164438,0.9999704663835562
middle,71000316282,71000316293,11,71000316293,71000316311,71000316337,1,1,1,1,71000316287,71000316293,71000316311,71000316283,71000316285,71000316287,0,1,1,0,0,0,3.5,17045,15010,1.0000295336164438,0.9999704663835562
middle,71000316378,71000316403,25,71000316403,71000316419,71000316437,1,1,1,1,71000316379,71000316389,71000316391,71000316379,71000316381,71000316383,0,0,0,0,0,0,3.5,17045,15010,1.0000295336164438,0.9999704663835562
middle,71000317667,71000317669,2,71000317669,71000317681,71000317723,1,1,1,1,71000317669,71000317673,71000317679,71000317669,71000317671,71000317673,1,1,1,1,1,1,3.5,17045,15010,1.0000295336164438,0.9999704663835562
middle,71000317774,71000317793,19,71000317793,71000317799,71000317819,1,1,1,1,71000317781,71000317783,71000317793,71000317775,71000317777,71000317779,0,0,1,0,0,0,3.5,17045,15010,1.0000295336164438,0.9999704663835562
middle,71000317849,71000317859,10,71000317859,71000317877,71000317897,1,1,1,1,71000317853,71000317859,71000317873,71000317851,71000317853,71000317855,0,1,1,0,0,0,3.5,17045,15010,1.0000295336164438,0.9999704663835562
middle,71000317883,71000317897,14,71000317897,71000317919,71000317939,1,1,1,1,71000317891,71000317897,71000317901,71000317885,71000317887,71000317889,0,1,1,0,0,0,3.5,17045,15010,1.0000295336164438,0.9999704663835562
middle,71000317919,71000317939,20,71000317939,71000317957,71000317987,1,1,1,1,71000317931,71000317933,71000317937,71000317921,71000317923,71000317925,0,0,0,0,0,0,3.5,17045,15010,1.0000295336164438,0.9999704663835562
middle,71000317967,71000317987,20,71000317987,71000318021,71000318047,1,1,1,1,71000317987,71000317991,71000318003,71000317969,71000317971,71000317973,1,1,1,0,0,0,3.5,17045,15010,1.0000295336164438,0.9999704663835562
middle,71000317975,71000317987,12,71000317987,71000318021,71000318047,1,1,1,1,71000317987,71000317991,71000318003,71000317977,71000317979,71000317981,1,1,1,0,0,0,3.5,17045,15010,1.0000295336164438,0.9999704663835562
middle,71000317979,71000317987,8,71000317987,71000318021,71000318047,1,1,1,1,71000317987,71000317991,71000318003,71000317981,71000317983,71000317985,1,1,1,0,0,0,3.5,17045,15010,1.0000295336164438,0.9999704663835562
middle,71000318232,71000318251,19,71000318251,71000318309,71000318329,1,1,1,1,71000318237,71000318239,71000318243,71000318233,71000318235,71000318237,0,0,0,0,0,0,3.5,17045,15010,1.0000295336164438,0.9999704663835562
middle,71000318309,71000318329,20,71000318329,71000318341,71000318371,1,1,1,1,71000318317,71000318327,71000318329,71000318311,71000318313,71000318315,0,0,1,0,0,0,3.5,17045,15010,1.0000295336164438,0.9999704663835562
middle,71000318457,71000318461,4,71000318461,71000318483,71000318497,1,1,1,1,71000318461,71000318471,71000318479,71000318459,71000318461,71000318463,1,1,1,0,1,1,3.5,17045,15010,1.0000295336164438,0.9999704663835562
middle,71000318871,71000318881,10,71000318881,71000318887,71000318953,1,1,1,1,71000318881,71000318887,71000318897,71000318873,71000318875,71000318877,1,1,1,0,0,0,3.5,17045,15010,1.0000295336164438,0.9999704663835562
middle,71000319153,71000319191,38,71000319191,71000319193,71000319209,1,1,1,1,71000319161,71000319163,71000319167,71000319155,71000319157,71000319159,0,0,0,0,0,0,3.5,17045,15010,1.0000295336164438,0.9999704663835562
middle,71000319591,71000319601,10,71000319601,71000319641,71000319671,1,1,1,1,71000319601,71000319617,71000319619,71000319593,71000319595,71000319597,1,1,1,0,0,0,3.5,17045,15010,1.0000295336164438,0.9999704663835562
middle,71000319793,71000319823,30,71000319823,71000319827,71000319883,1,1,1,1,71000319799,71000319809,71000319811,71000319795,71000319797,71000319799,0,0,0,0,0,0,3.5,17045,15010,1.0000295336164438,0.9999704663835562
middle,71000319858,71000319883,25,71000319883,71000319937,71000319967,1,1,1,1,71000319869,71000319877,71000319881,71000319859,71000319861,71000319863,0,0,0,0,0,0,3.5,17045,15010,1.0000295336164438,0.9999704663835562
middle,71000321075,71000321083,8,71000321083,71000321099,71000321101,1,1,1,1,71000321081,71000321083,71000321087,71000321077,71000321079,71000321081,0,1,1,0,0,0,3.5,17045,15010,1.0000295336164438,0.9999704663835562
middle,71000321200,71000321207,7,71000321207,71000321219,71000321239,1,1,1,1,71000321207,71000321213,71000321219,71000321201,71000321203,71000321205,1,1,1,0,0,0,3.5,17045,15010,1.0000295336164438,0.9999704663835562
middle,71000321282,71000321317,35,71000321317,71000321383,71000321429,1,1,1,1,71000321291,71000321297,71000321299,71000321283,71000321285,71000321287,0,0,0,0,0,0,3.5,17045,15010,1.0000295336164438,0.9999704663835562
middle,71000321529,71000321531,2,71000321531,71000321593,71000321599,1,1,1,1,71000321531,71000321533,71000321537,71000321531,71000321533,71000321535,1,1,1,1,1,1,3.5,17045,15010,1.0000295336164438,0.9999704663835562
middle,71000321677,71000321699,22,71000321699,71000321713,71000321719,1,1,1,1,71000321681,71000321683,71000321699,71000321679,71000321681,71000321683,0,0,1,0,0,0,3.5,17045,15010,1.0000295336164438,0.9999704663835562
middle,71000321855,71000321867,12,71000321867,71000321879,71000321881,1,1,1,1,71000321863,71000321867,71000321879,71000321857,71000321859,71000321861,0,1,1,0,0,0,3.5,17045,15010,1.0000295336164438,0.9999704663835562
middle,71000322061,71000322077,16,71000322077,71000322089,71000322091,1,1,1,1,71000322067,71000322073,71000322077,71000322063,71000322065,71000322067,0,0,1,0,0,0,3.5,17045,15010,1.0000295336164438,0.9999704663835562
middle,71000322180,71000322193,13,71000322193,71000322233,71000322247,1,1,1,1,71000322181,71000322187,71000322191,71000322181,71000322183,71000322185,0,0,0,0,0,0,3.5,17045,15010,1.0000295336164438,0.9999704663835562
middle,71000322349,71000322353,4,71000322353,71000322373,71000322403,1,1,1,1,71000322353,71000322359,71000322361,71000322351,71000322353,71000322355,1,1,1,0,1,1,3.5,17045,15010,1.0000295336164438,0.9999704663835562
middle,71000323180,71000323181,1,71000323181,71000323189,71000323213,1,1,1,1,71000323181,71000323187,71000323189,71000323181,71000323183,71000323185,1,1,1,1,1,1,3.5,17045,15010,1.0000295336164438,0.9999704663835562
middle,71000323540,71000323543,3,71000323543,71000323571,71000323573,1,1,1,1,71000323543,71000323549,71000323553,71000323541,71000323543,71000323545,1,1,1,0,1,1,3.5,17045,15010,1.0000295336164438,0.9999704663835562
middle,71000323558,71000323571,13,71000323571,71000323573,71000323619,1,1,1,1,71000323561,71000323567,71000323571,71000323559,71000323561,71000323563,0,0,1,0,0,0,3.5,17045,15010,1.0000295336164438,0.9999704663835562
middle,71000323764,71000323811,47,71000323811,71000323847,71000323871,1,1,1,1,71000323769,71000323781,71000323787,71000323765,71000323767,71000323769,0,0,0,0,0,0,3.5,17045,15010,1.0000295336164438,0.9999704663835562
middle,71000323796,71000323811,15,71000323811,71000323847,71000323871,1,1,1,1,71000323799,71000323811,71000323813,71000323797,71000323799,71000323801,0,1,1,0,0,0,3.5,17045,15010,1.0000295336164438,0.9999704663835562
middle,71000323842,71000323847,5,71000323847,71000323871,71000323879,1,1,1,1,71000323843,71000323847,71000323853,71000323843,71000323845,71000323847,0,1,1,0,0,1,3.5,17045,15010,1.0000295336164438,0.9999704663835562
middle,71000324448,71000324449,1,71000324449,71000324453,71000324503,1,1,1,1,71000324449,71000324453,71000324459,71000324449,71000324451,71000324453,1,1,1,1,1,1,3.5,17045,15010,1.0000295336164438,0.9999704663835562
middle,71000324882,71000324893,11,71000324893,71000324909,71000324911,1,1,1,1,71000324887,71000324891,71000324893,71000324883,71000324885,71000324887,0,0,1,0,0,0,3.5,17045,15010,1.0000295336164438,0.9999704663835562
middle,71000324940,71000324947,7,71000324947,71000324957,71000325017,1,1,1,1,71000324947,71000324953,71000324957,71000324941,71000324943,71000324945,1,1,1,0,0,0,3.5,17045,15010,1.0000295336164438,0.9999704663835562
middle,71000325803,71000325833,30,71000325833,71000325859,71000325863,1,1,1,1,71000325811,71000325817,71000325821,71000325805,71000325807,71000325809,0,0,0,0,0,0,3.5,17045,15010,1.0000295336164438,0.9999704663835562
middle,71000326082,71000326091,9,71000326091,71000326157,71000326183,1,1,1,1,71000326087,71000326091,71000326093,71000326083,71000326085,71000326087,0,1,1,0,0,0,3.5,17045,15010,1.0000295336164438,0.9999704663835562
middle,71000326169,71000326183,14,71000326183,71000326217,71000326237,1,1,1,1,71000326171,71000326181,71000326183,71000326171,71000326173,71000326175,0,0,1,0,0,0,3.5,17045,15010,1.0000295336164438,0.9999704663835562
middle,71000326579,71000326613,34,71000326613,71000326633,71000326637,1,1,1,1,71000326589,71000326591,71000326597,71000326581,71000326583,71000326585,0,0,0,0,0,0,3.5,17045,15010,1.0000295336164438,0.9999704663835562
middle,71000326889,71000326907,18,71000326907,71000326919,71000326927,1,1,1,1,71000326897,71000326907,71000326913,71000326891,71000326893,71000326895,0,1,1,0,0,0,3.5,17045,15010,1.0000295336164438,0.9999704663835562
middle,71000327502,71000327533,31,71000327533,71000327551,71000327591,1,1,1,1,71000327507,71000327509,71000327513,71000327503,71000327505,71000327507,0,0,0,0,0,0,3.5,17045,15010,1.0000295336164438,0.9999704663835562
middle,71000327520,71000327533,13,71000327533,71000327551,71000327591,1,1,1,1,71000327521,71000327527,71000327533,71000327521,71000327523,71000327525,0,0,1,0,0,0,3.5,17045,15010,1.0000295336164438,0.9999704663835562
middle,71000328482,71000328491,9,71000328491,71000328547,71000328551,1,1,1,1,71000328491,71000328493,71000328499,71000328483,71000328485,71000328487,1,1,1,0,0,0,3.5,17045,15010,1.0000295336164438,0.9999704663835562
middle,71000328751,71000328787,36,71000328787,71000328799,71000328857,1,1,1,1,71000328757,71000328761,71000328767,71000328753,71000328755,71000328757,0,0,0,0,0,0,3.5,17045,15010,1.0000295336164438,0.9999704663835562
middle,71000329048,71000329073,25,71000329073,71000329091,71000329121,1,1,1,1,71000329051,71000329063,71000329069,71000329049,71000329051,71000329053,0,0,0,0,0,0,3.5,17045,15010,1.0000295336164438,0.9999704663835562
middle,71000329298,71000329313,15,71000329313,71000329319,71000329331,1,1,1,1,71000329307,71000329313,71000329319,71000329299,71000329301,71000329303,0,1,1,0,0,0,3.5,17045,15010,1.0000295336164438,0.9999704663835562
middle,71000329505,71000329529,24,71000329529,71000329553,71000329577,1,1,1,1,71000329511,71000329513,71000329523,71000329507,71000329509,71000329511,0,0,0,0,0,0,3.5,17045,15010,1.0000295336164438,0.9999704663835562
middle,71000329882,71000329891,9,71000329891,71000329903,71000329919,1,1,1,1,71000329889,71000329891,71000329901,71000329883,71000329885,71000329887,0,1,1,0,0,0,3.5,17045,15010,1.0000295336164438,0.9999704663835562
middle,71000330162,71000330173,11,71000330173,71000330189,71000330227,1,1,1,1,71000330173,71000330179,71000330183,71000330163,71000330165,71000330167,1,1,1,0,0,0,3.5,17045,15010,1.0000295336164438,0.9999704663835562
middle,71000330416,71000330473,57,71000330473,71000330477,71000330507,1,1,1,1,71000330417,71000330419,71000330431,71000330417,71000330419,71000330421,0,0,0,0,0,0,3.5,17045,15010,1.0000295336164438,0.9999704663835562
middle,71000330542,71000330563,21,71000330563,71000330623,71000330669,1,1,1,1,71000330543,71000330549,71000330551,71000330543,71000330545,71000330547,0,0,0,0,0,0,3.5,17045,15010,1.0000295336164438,0.9999704663835562
middle,71000331029,71000331041,12,71000331041,71000331047,71000331097,1,1,1,1,71000331041,71000331043,71000331047,71000331031,71000331033,71000331035,1,1,1,0,0,0,3.5,17045,15010,1.0000295336164438,0.9999704663835562
middle,71000331080,71000331097,17,71000331097,71000331107,71000331131,1,1,1,1,71000331097,71000331107,71000331109,71000331081,71000331083,71000331085,1,1,1,0,0,0,3.5,17045,15010,1.0000295336164438,0.9999704663835562
middle,71000331099,71000331107,8,71000331107,71000331131,71000331133,1,1,1,1,71000331107,71000331109,71000331113,71000331101,71000331103,71000331105,1,1,1,0,0,0,3.5,17045,15010,1.0000295336164438,0.9999704663835562
middle,71000331411,71000331461,50,71000331461,71000331487,71000331509,1,1,1,1,71000331419,71000331421,71000331427,71000331413,71000331415,71000331417,0,0,0,0,0,0,3.5,17045,15010,1.0000295336164438,0.9999704663835562
middle,71000331582,71000331631,49,71000331631,71000331637,71000331653,1,1,1,1,71000331587,71000331593,71000331599,71000331583,71000331585,71000331587,0,0,0,0,0,0,3.5,17045,15010,1.0000295336164438,0.9999704663835562
middle,71000331632,71000331637,5,71000331637,71000331653,71000331707,1,1,1,1,71000331637,71000331641,71000331653,71000331633,71000331635,71000331637,1,1,1,0,0,1,3.5,17045,15010,1.0000295336164438,0.9999704663835562
middle,71000331648,71000331653,5,71000331653,71000331707,71000331713,1,1,1,1,71000331653,71000331667,71000331673,71000331649,71000331651,71000331653,1,1,1,0,0,1,3.5,17045,15010,1.0000295336164438,0.9999704663835562
middle,71000331830,71000331833,3,71000331833,71000331847,71000331863,1,1,1,1,71000331833,71000331839,71000331841,71000331831,71000331833,71000331835,1,1,1,0,1,1,3.5,17045,15010,1.0000295336164438,0.9999704663835562
middle,71000331958,71000332033,75,71000332033,71000332043,71000332049,1,1,1,1,71000331959,71000331967,71000331971,71000331959,71000331961,71000331963,0,0,0,0,0,0,3.5,17045,15010,1.0000295336164438,0.9999704663835562
middle,71000332352,71000332373,21,71000332373,71000332409,71000332433,1,1,1,1,71000332357,71000332369,71000332373,71000332353,71000332355,71000332357,0,0,1,0,0,0,3.5,17045,15010,1.0000295336164438,0.9999704663835562
middle,71000332408,71000332409,1,71000332409,71000332433,71000332439,1,1,1,1,71000332409,71000332411,71000332421,71000332409,71000332411,71000332413,1,1,1,1,1,1,3.5,17045,15010,1.0000295336164438,0.9999704663835562
middle,71000332559,71000332561,2,71000332561,71000332597,71000332607,1,1,1,1,71000332561,71000332573,71000332577,71000332561,71000332563,71000332565,1,1,1,1,1,1,3.5,17045,15010,1.0000295336164438,0.9999704663835562
middle,71000332636,71000332639,3,71000332639,71000332649,71000332651,1,1,1,1,71000332639,71000332643,71000332649,71000332637,71000332639,71000332641,1,1,1,0,1,1,3.5,17045,15010,1.0000295336164438,0.9999704663835562
middle,71000333094,71000333113,19,71000333113,71000333123,71000333149,1,1,1,1,71000333099,71000333101,71000333113,71000333095,71000333097,71000333099,0,0,1,0,0,0,3.5,17045,15010,1.0000295336164438,0.9999704663835562
middle,71000333416,71000333429,13,71000333429,71000333431,71000333461,1,1,1,1,71000333419,71000333423,71000333429,71000333417,71000333419,71000333421,0,0,1,0,0,0,3.5,17045,15010,1.0000295336164438,0.9999704663835562
middle,71000333594,71000333639,45,71000333639,71000333653,71000333683,1,1,1,1,71000333603,71000333609,71000333611,71000333595,71000333597,71000333599,0,0,0,0,0,0,3.5,17045,15010,1.0000295336164438,0.9999704663835562
middle,71000333784,71000333801,17,71000333801,71000333809,71000333813,1,1,1,1,71000333797,71000333801,71000333809,71000333785,71000333787,71000333789,0,1,1,0,0,0,3.5,17045,15010,1.0000295336164438,0.9999704663835562
middle,71000333937,71000334017,80,71000334017,71000334023,71000334043,1,1,1,1,71000333941,71000333947,71000333951,71000333939,71000333941,71000333943,0,0,0,0,0,0,3.5,17045,15010,1.0000295336164438,0.9999704663835562
middle,71000334071,71000334077,6,71000334077,71000334089,71000334109,1,1,1,1,71000334073,71000334077,71000334079,71000334073,71000334075,71000334077,0,1,1,0,0,1,3.5,17045,15010,1.0000295336164438,0.9999704663835562
middle,71000334231,71000334263,32,71000334263,71000334269,71000334271,1,1,1,1,71000334239,71000334241,71000334247,71000334233,71000334235,71000334237,0,0,0,0,0,0,3.5,17045,15010,1.0000295336164438,0.9999704663835562
middle,71000334528,71000334569,41,71000334569,71000334589,71000334593,1,1,1,1,71000334529,71000334533,71000334551,71000334529,71000334531,71000334533,0,0,0,0,0,0,3.5,17045,15010,1.0000295336164438,0.9999704663835562
middle,71000334573,71000334593,20,71000334589,71000334593,71000334619,2,0,1,1,71000334577,71000334583,71000334589,71000334575,71000334577,71000334579,0,0,0,0,0,0,3.5,17045,15010,1.0000295336164438,0.9999704663835562
middle,71000334620,71000334683,63,71000334683,71000334689,71000334697,1,1,1,1,71000334631,71000334637,71000334649,71000334621,71000334623,71000334625,0,0,0,0,0,0,3.5,17045,15010,1.0000295336164438,0.9999704663835562
middle,71000334634,71000334683,49,71000334683,71000334689,71000334697,1,1,1,1,71000334637,71000334649,71000334653,71000334635,71000334637,71000334639,0,0,0,0,0,0,3.5,17045,15010,1.0000295336164438,0.9999704663835562
middle,71000334646,71000334683,37,71000334683,71000334689,71000334697,1,1,1,1,71000334649,71000334653,71000334659,71000334647,71000334649,71000334651,0,0,0,0,0,0,3.5,17045,15010,1.0000295336164438,0.9999704663835562
middle,71000334768,71000334799,31,71000334799,71000334857,71000334877,1,1,1,1,71000334773,71000334781,71000334787,71000334769,71000334771,71000334773,0,0,0,0,0,0,3.5,17045,15010,1.0000295336164438,0.9999704663835562
middle,71000335054,71000335061,7,71000335061,71000335067,71000335099,1,1,1,1,71000335057,71000335061,71000335067,71000335055,71000335057,71000335059,0,1,1,0,0,0,3.5,17045,15010,1.0000295336164438,0.9999704663835562
middle,71000335323,71000335391,68,71000335391,71000335451,71000335487,1,1,1,1,71000335327,71000335331,71000335333,71000335325,71000335327,71000335329,0,0,0,0,0,0,3.5,17045,15010,1.0000295336164438,0.9999704663835562
middle,71000335647,71000335711,64,71000335711,71000335717,71000335723,1,1,1,1,71000335657,71000335663,71000335667,71000335649,71000335651,71000335653,0,0,0,0,0,0,3.5,17045,15010,1.0000295336164438,0.9999704663835562
middle,71000336001,71000336003,2,71000336003,71000336023,71000336027,1,1,1,1,71000336003,71000336009,71000336023,71000336003,71000336005,71000336007,1,1,1,1,1,1,3.5,17045,15010,1.0000295336164438,0.9999704663835562
middle,71000336081,71000336089,8,71000336089,71000336117,71000336123,1,1,1,1,71000336083,71000336087,71000336089,71000336083,71000336085,71000336087,0,0,1,0,0,0,3.5,17045,15010,1.0000295336164438,0.9999704663835562
middle,71000336157,71000336161,4,71000336161,71000336189,71000336221,1,1,1,1,71000336159,71000336161,71000336167,71000336159,71000336161,71000336163,0,1,1,0,1,1,3.5,17045,15010,1.0000295336164438,0.9999704663835562
middle,71000336201,71000336221,20,71000336221,71000336227,71000336263,1,1,1,1,71000336203,71000336207,71000336213,71000336203,71000336205,71000336207,0,0,0,0,0,0,3.5,17045,15010,1.0000295336164438,0.9999704663835562
middle,71000336649,71000336651,2,71000336651,71000336653,71000336677,1,1,1,1,71000336651,71000336653,71000336663,71000336651,71000336653,71000336655,1,1,1,1,1,1,3.5,17045,15010,1.0000295336164438,0.9999704663835562
middle,71000336769,71000336779,10,71000336779,71000336819,71000336837,1,1,1,1,71000336773,71000336777,71000336779,71000336771,71000336773,71000336775,0,0,1,0,0,0,3.5,17045,15010,1.0000295336164438,0.9999704663835562
middle,71000338095,71000338147,52,71000338127,71000338147,71000338151,2,0,1,1,71000338099,71000338103,71000338111,71000338097,71000338099,71000338101,0,0,0,0,0,0,3.5,17045,15010,1.0000295336164438,0.9999704663835562
middle,71000338185,71000338223,38,71000338207,71000338223,71000338237,2,0,1,1,71000338187,71000338193,71000338207,71000338187,71000338189,71000338191,0,0,0,0,0,0,3.5,17045,15010,1.0000295336164438,0.9999704663835562
middle,71000338244,71000338249,5,71000338249,71000338291,71000338301,1,1,1,1,71000338247,71000338249,71000338259,71000338245,71000338247,71000338249,0,1,1,0,0,1,3.5,17045,15010,1.0000295336164438,0.9999704663835562
middle,71000338402,71000338433,31,71000338421,71000338433,71000338439,2,0,1,1,71000338403,71000338411,71000338417,71000338403,71000338405,71000338407,0,0,0,0,0,0,3.5,17045,15010,1.0000295336164438,0.9999704663835562
middle,71000338501,71000338529,28,71000338529,71000338561,71000338583,1,1,1,1,71000338511,71000338523,71000338529,71000338503,71000338505,71000338507,0,0,1,0,0,0,3.5,17045,15010,1.0000295336164438,0.9999704663835562
middle,71000338966,71000338967,1,71000338967,71000338973,71000338987,1,1,1,1,71000338967,71000338973,71000338987,71000338967,71000338969,71000338971,1,1,1,1,1,1,3.5,17045,15010,1.0000295336164438,0.9999704663835562
middle,71000339120,71000339147,27,71000339147,71000339177,71000339239,1,1,1,1,71000339131,71000339143,71000339147,71000339121,71000339123,71000339125,0,0,1,0,0,0,3.5,17045,15010,1.0000295336164438,0.9999704663835562
middle,71000339394,71000339429,35,71000339429,71000339479,71000339483,1,1,1,1,71000339407,71000339413,71000339419,71000339395,71000339397,71000339399,0,0,0,0,0,0,3.5,17045,15010,1.0000295336164438,0.9999704663835562
middle,71000340208,71000340227,19,71000340227,71000340241,71000340263,1,1,1,1,71000340211,71000340221,71000340223,71000340209,71000340211,71000340213,0,0,0,0,0,0,3.5,17045,15010,1.0000295336164438,0.9999704663835562
middle,71000341026,71000341099,73,71000341099,71000341129,71000341133,1,1,1,1,71000341031,71000341037,71000341039,71000341027,71000341029,71000341031,0,0,0,0,0,0,3.5,17045,15010,1.0000295336164438,0.9999704663835562
middle,71000341161,71000341171,10,71000341171,71000341189,71000341201,1,1,1,1,71000341163,71000341171,71000341177,71000341163,71000341165,71000341167,0,1,1,0,0,0,3.5,17045,15010,1.0000295336164438,0.9999704663835562
middle,71000341227,71000341231,4,71000341231,71000341253,71000341309,1,1,1,1,71000341229,71000341231,71000341249,71000341229,71000341231,71000341233,0,1,1,0,1,1,3.5,17045,15010,1.0000295336164438,0.9999704663835562
middle,71000341613,71000341651,38,71000341619,71000341651,71000341663,2,0,1,1,71000341619,71000341627,71000341631,71000341615,71000341617,71000341619,0,0,0,0,0,0,3.5,17045,15010,1.0000295336164438,0.9999704663835562
middle,71000341982,71000341987,5,71000341987,71000341991,71000342009,1,1,1,1,71000341987,71000341991,71000341999,71000341983,71000341985,71000341987,1,1,1,0,0,1,3.5,17045,15010,1.0000295336164438,0.9999704663835562
middle,71000342084,71000342129,45,71000342129,71000342137,71000342173,1,1,1,1,71000342089,71000342093,71000342099,71000342085,71000342087,71000342089,0,0,0,0,0,0,3.5,17045,15010,1.0000295336164438,0.9999704663835562
middle,71000342672,71000342687,15,71000342687,71000342689,71000342711,1,1,1,1,71000342681,71000342687,71000342689,71000342673,71000342675,71000342677,0,1,1,0,0,0,3.5,17045,15010,1.0000295336164438,0.9999704663835562
middle,71000342688,71000342689,1,71000342689,71000342711,71000342737,1,1,1,1,71000342689,71000342701,71000342711,71000342689,71000342691,71000342693,1,1,1,1,1,1,3.5,17045,15010,1.0000295336164438,0.9999704663835562
middle,71000342901,71000342951,50,71000342951,71000343031,71000343061,1,1,1,1,71000342909,71000342911,71000342921,71000342903,71000342905,71000342907,0,0,0,0,0,0,3.5,17045,15010,1.0000295336164438,0.9999704663835562
middle,71000343146,71000343149,3,71000343149,71000343151,71000343187,1,1,1,1,71000343149,71000343151,71000343157,71000343147,71000343149,71000343151,1,1,1,0,1,1,3.5,17045,15010,1.0000295336164438,0.9999704663835562
middle,71000343452,71000343461,9,71000343461,71000343467,71000343487,1,1,1,1,71000343457,71000343461,71000343467,71000343453,71000343455,71000343457,0,1,1,0,0,0,3.5,17045,15010,1.0000295336164438,0.9999704663835562
middle,71000343466,71000343467,1,71000343467,71000343487,71000343517,1,1,1,1,71000343467,71000343473,71000343487,71000343467,71000343469,71000343471,1,1,1,1,1,1,3.5,17045,15010,1.0000295336164438,0.9999704663835562
middle,71000343812,71000343917,105,71000343917,71000343937,71000343979,1,1,1,1,71000343823,71000343829,71000343839,71000343813,71000343815,71000343817,0,0,0,0,0,0,3.5,17045,15010,1.0000295336164438,0.9999704663835562
middle,71000344242,71000344249,7,71000344249,71000344301,71000344309,1,1,1,1,71000344243,71000344249,71000344253,71000344243,71000344245,71000344247,0,1,1,0,0,0,3.5,17045,15010,1.0000295336164438,0.9999704663835562
middle,71000344609,71000344633,24,71000344633,71000344687,71000344699,1,1,1,1,71000344619,71000344621,71000344627,71000344611,71000344613,71000344615,0,0,0,0,0,0,3.5,17045,15010,1.0000295336164438,0.9999704663835562
middle,71000344765,71000344777,12,71000344777,71000344817,71000344823,1,1,1,1,71000344771,71000344777,71000344781,71000344767,71000344769,71000344771,0,1,1,0,0,0,3.5,17045,15010,1.0000295336164438,0.9999704663835562
middle,71000344881,71000344951,70,71000344951,71000344993,71000345083,1,1,1,1,71000344889,71000344897,71000344901,71000344883,71000344885,71000344887,0,0,0,0,0,0,3.5,17045,15010,1.0000295336164438,0.9999704663835562
middle,71000345177,71000345189,12,71000345189,71000345201,71000345203,1,1,1,1,71000345179,71000345183,71000345189,71000345179,71000345181,71000345183,0,0,1,0,0,0,3.5,17045,15010,1.0000295336164438,0.9999704663835562
middle,71000345221,71000345231,10,71000345231,71000345233,71000345261,1,1,1,1,71000345231,71000345233,71000345237,71000345223,71000345225,71000345227,1,1,1,0,0,0,3.5,17045,15010,1.0000295336164438,0.9999704663835562
middle,71000345259,71000345261,2,71000345261,71000345279,71000345291,1,1,1,1,71000345261,71000345267,71000345279,71000345261,71000345263,71000345265,1,1,1,1,1,1,3.5,17045,15010,1.0000295336164438,0.9999704663835562
middle,71000345368,71000345369,1,71000345369,71000345411,71000345447,1,1,1,1,71000345369,71000345371,71000345387,71000345369,71000345371,71000345373,1,1,1,1,1,1,3.5,17045,15010,1.0000295336164438,0.9999704663835562
middle,71000345441,71000345447,6,71000345447,71000345459,71000345477,1,1,1,1,71000345447,71000345459,71000345461,71000345443,71000345445,71000345447,1,1,1,0,0,1,3.5,17045,15010,1.0000295336164438,0.9999704663835562
middle,71000346008,71000346047,39,71000346047,71000346089,71000346097,1,1,1,1,71000346013,71000346017,71000346019,71000346009,71000346011,71000346013,0,0,0,0,0,0,3.5,17045,15010,1.0000295336164438,0.9999704663835562
middle,71000346455,71000346553,98,71000346553,71000346583,71000346589,1,1,1,1,71000346457,71000346463,71000346467,71000346457,71000346459,71000346461,0,0,0,0,0,0,3.5,17045,15010,1.0000295336164438,0.9999704663835562
middle,71000346866,71000346877,11,71000346877,71000346887,71000346899,1,1,1,1,71000346871,71000346877,71000346883,71000346867,71000346869,71000346871,0,1,1,0,0,0,3.5,17045,15010,1.0000295336164438,0.9999704663835562
middle,71000347077,71000347097,20,71000347097,71000347129,71000347139,1,1,1,1,71000347079,71000347081,71000347091,71000347079,71000347081,71000347083,0,0,0,0,0,0,3.5,17045,15010,1.0000295336164438,0.9999704663835562
middle,71000347533,71000347549,16,71000347549,71000347553,71000347577,1,1,1,1,71000347541,71000347547,71000347549,71000347535,71000347537,71000347539,0,0,1,0,0,0,3.5,17045,15010,1.0000295336164438,0.9999704663835562
middle,71000347546,71000347549,3,71000347549,71000347553,71000347577,1,1,1,1,71000347547,71000347549,71000347553,71000347547,71000347549,71000347551,0,1,1,0,1,1,3.5,17045,15010,1.0000295336164438,0.9999704663835562
middle,71000347629,71000347669,40,71000347669,71000347703,71000347723,1,1,1,1,71000347631,71000347633,71000347637,71000347631,71000347633,71000347635,0,0,0,0,0,0,3.5,17045,15010,1.0000295336164438,0.9999704663835562
middle,71000347757,71000347763,6,71000347763,71000347783,71000347787,1,1,1,1,71000347763,71000347777,71000347783,71000347759,71000347761,71000347763,1,1,1,0,0,1,3.5,17045,15010,1.0000295336164438,0.9999704663835562
middle,71000348312,71000348359,47,71000348359,71000348369,71000348381,1,1,1,1,71000348323,71000348327,71000348329,71000348313,71000348315,71000348317,0,0,0,0,0,0,3.5,17045,15010,1.0000295336164438,0.9999704663835562
middle,71000348496,71000348519,23,71000348509,71000348519,71000348533,2,0,1,1,71000348501,71000348509,71000348519,71000348497,71000348499,71000348501,0,0,1,0,0,0,3.5,17045,15010,1.0000295336164438,0.9999704663835562
middle,71000348595,71000348633,38,71000348633,71000348641,71000348677,1,1,1,1,71000348597,71000348599,71000348603,71000348597,71000348599,71000348601,0,0,0,0,0,0,3.5,17045,15010,1.0000295336164438,0.9999704663835562
middle,71000348730,71000348779,49,71000348779,71000348803,71000348857,1,1,1,1,71000348737,71000348743,71000348747,71000348731,71000348733,71000348735,0,0,0,0,0,0,3.5,17045,15010,1.0000295336164438,0.9999704663835562
middle,71000348766,71000348779,13,71000348779,71000348803,71000348857,1,1,1,1,71000348767,71000348773,71000348777,71000348767,71000348769,71000348771,0,0,0,0,0,0,3.5,17045,15010,1.0000295336164438,0.9999704663835562
middle,71000349124,71000349131,7,71000349131,71000349143,71000349149,1,1,1,1,71000349127,71000349131,71000349137,71000349125,71000349127,71000349129,0,1,1,0,0,0,3.5,17045,15010,1.0000295336164438,0.9999704663835562
middle,71000349185,71000349241,56,71000349241,71000349247,71000349271,1,1,1,1,71000349191,71000349197,71000349209,71000349187,71000349189,71000349191,0,0,0,0,0,0,3.5,17045,15010,1.0000295336164438,0.9999704663835562
middle,71000349603,71000349731,128,71000349661,71000349697,71000349731,3,0,0,1,71000349611,71000349613,71000349617,71000349605,71000349607,71000349609,0,0,0,0,0,0,3.5,17045,15010,1.0000295336164438,0.9999704663835562
middle,71000349648,71000349731,83,71000349661,71000349697,71000349731,3,0,0,1,71000349649,71000349653,71000349659,71000349649,71000349651,71000349653,0,0,0,0,0,0,3.5,17045,15010,1.0000295336164438,0.9999704663835562
middle,71000349910,71000349911,1,71000349911,71000349919,71000349923,1,1,1,1,71000349911,71000349913,71000349919,71000349911,71000349913,71000349915,1,1,1,1,1,1,3.5,17045,15010,1.0000295336164438,0.9999704663835562
middle,71000350493,71000350511,18,71000350511,71000350513,71000350523,1,1,1,1,71000350501,71000350511,71000350513,71000350495,71000350497,71000350499,0,1,1,0,0,0,3.5,17045,15010,1.0000295336164438,0.9999704663835562
middle,71000350589,71000350609,20,71000350591,71000350609,71000350627,2,0,1,1,71000350591,71000350601,71000350607,71000350591,71000350593,71000350595,0,0,0,0,0,0,3.5,17045,15010,1.0000295336164438,0.9999704663835562
middle,71000350606,71000350609,3,71000350609,71000350627,71000350643,1,1,1,1,71000350607,71000350609,71000350613,71000350607,71000350609,71000350611,0,1,1,0,1,1,3.5,17045,15010,1.0000295336164438,0.9999704663835562
middle,71000350834,71000350847,13,71000350847,71000350903,71000350907,1,1,1,1,71000350843,71000350847,71000350853,71000350835,71000350837,71000350839,0,1,1,0,0,0,3.5,17045,15010,1.0000295336164438,0.9999704663835562
middle,71000351429,71000351441,12,71000351441,71000351447,71000351459,1,1,1,1,71000351431,71000351441,71000351447,71000351431,71000351433,71000351435,0,1,1,0,0,0,3.5,17045,15010,1.0000295336164438,0.9999704663835562
middle,71000351436,71000351441,5,71000351441,71000351447,71000351459,1,1,1,1,71000351441,71000351447,71000351453,71000351437,71000351439,71000351441,1,1,1,0,0,1,3.5,17045,15010,1.0000295336164438,0.9999704663835562
middle,71000351681,71000351689,8,71000351689,71000351731,71000351749,1,1,1,1,71000351683,71000351687,71000351689,71000351683,71000351685,71000351687,0,0,1,0,0,0,3.5,17045,15010,1.0000295336164438,0.9999704663835562
middle,71000352021,71000352037,16,71000352037,71000352041,71000352061,1,1,1,1,71000352023,71000352037,71000352041,71000352023,71000352025,71000352027,0,1,1,0,0,0,3.5,17045,15010,1.0000295336164438,0.9999704663835562
middle,71000352040,71000352061,21,71000352041,71000352061,71000352077,2,0,1,1,71000352041,71000352043,71000352047,71000352041,71000352043,71000352045,0,0,0,0,0,0,3.5,17045,15010,1.0000295336164438,0.9999704663835562
middle,71000352630,71000352637,7,71000352637,71000352641,71000352671,1,1,1,1,71000352637,71000352641,71000352649,71000352631,71000352633,71000352635,1,1,1,0,0,0,3.5,17045,15010,1.0000295336164438,0.9999704663835562
middle,71000352819,71000352827,8,71000352827,71000352877,71000352893,1,1,1,1,71000352821,71000352823,71000352827,71000352821,71000352823,71000352825,0,0,1,0,0,0,3.5,17045,15010,1.0000295336164438,0.9999704663835562
middle,71000353017,71000353019,2,71000353019,71000353049,71000353063,1,1,1,1,71000353019,71000353027,71000353031,71000353019,71000353021,71000353023,1,1,1,1,1,1,3.5,17045,15010,1.0000295336164438,0.9999704663835562
middle,71000353111,71000353139,28,71000353139,71000353147,71000353181,1,1,1,1,71000353117,71000353121,71000353133,71000353113,71000353115,71000353117,0,0,0,0,0,0,3.5,17045,15010,1.0000295336164438,0.9999704663835562
middle,71000354043,71000354071,28,71000354069,71000354071,71000354129,2,0,1,1,71000354053,71000354057,71000354063,71000354045,71000354047,71000354049,0,0,0,0,0,0,3.5,17045,15010,1.0000295336164438,0.9999704663835562
middle,71000354297,71000354317,20,71000354317,71000354323,71000354353,1,1,1,1,71000354303,71000354309,71000354311,71000354299,71000354301,71000354303,0,0,0,0,0,0,3.5,17045,15010,1.0000295336164438,0.9999704663835562
middle,71000354379,71000354423,44,71000354423,71000354489,71000354533,1,1,1,1,71000354387,71000354389,71000354393,71000354381,71000354383,71000354385,0,0,0,0,0,0,3.5,17045,15010,1.0000295336164438,0.9999704663835562
middle,71000355257,71000355263,6,71000355263,71000355281,71000355317,1,1,1,1,71000355259,71000355263,71000355269,71000355259,71000355261,71000355263,0,1,1,0,0,1,3.5,17045,15010,1.0000295336164438,0.9999704663835562
middle,71000355405,71000355431,26,71000355431,71000355469,71000355473,1,1,1,1,71000355407,71000355421,71000355427,71000355407,71000355409,71000355411,0,0,0,0,0,0,3.5,17045,15010,1.0000295336164438,0.9999704663835562
middle,71000355694,71000355731,37,71000355731,71000355773,71000355787,1,1,1,1,71000355697,71000355703,71000355707,71000355695,71000355697,71000355699,0,0,0,0,0,0,3.5,17045,15010,1.0000295336164438,0.9999704663835562
middle,71000356340,71000356373,33,71000356373,71000356393,71000356403,1,1,1,1,71000356351,71000356363,71000356369,71000356341,71000356343,71000356345,0,0,0,0,0,0,3.5,17045,15010,1.0000295336164438,0.9999704663835562
middle,71000356713,71000356717,4,71000356717,71000356751,71000356753,1,1,1,1,71000356717,71000356723,71000356729,71000356715,71000356717,71000356719,1,1,1,0,1,1,3.5,17045,15010,1.0000295336164438,0.9999704663835562
middle,71000356782,71000356787,5,71000356787,71000356789,71000356871,1,1,1,1,71000356783,71000356787,71000356789,71000356783,71000356785,71000356787,0,1,1,0,0,1,3.5,17045,15010,1.0000295336164438,0.9999704663835562
middle,71000357466,71000357479,13,71000357479,71000357509,71000357513,1,1,1,1,71000357471,71000357473,71000357479,71000357467,71000357469,71000357471,0,0,1,0,0,0,3.5,17045,15010,1.0000295336164438,0.9999704663835562
middle,71000358453,71000358469,16,71000358469,71000358491,71000358503,1,1,1,1,71000358463,71000358469,71000358479,71000358455,71000358457,71000358459,0,1,1,0,0,0,3.5,17045,15010,1.0000295336164438,0.9999704663835562
middle,71000358490,71000358491,1,71000358491,71000358503,71000358511,1,1,1,1,71000358491,71000358493,71000358497,71000358491,71000358493,71000358495,1,1,1,1,1,1,3.5,17045,15010,1.0000295336164438,0.9999704663835562
middle,71000358541,71000358647,106,71000358551,71000358647,71000358661,2,0,1,1,71000358547,71000358551,71000358557,71000358543,71000358545,71000358547,0,0,0,0,0,0,3.5,17045,15010,1.0000295336164438,0.9999704663835562
middle,71000358650,71000358661,11,71000358661,71000358703,71000358731,1,1,1,1,71000358659,71000358661,71000358673,71000358651,71000358653,71000358655,0,1,1,0,0,0,3.5,17045,15010,1.0000295336164438,0.9999704663835562
middle,71000358836,71000358839,3,71000358839,71000358853,71000358859,1,1,1,1,71000358839,71000358841,71000358851,71000358837,71000358839,71000358841,1,1,1,0,1,1,3.5,17045,15010,1.0000295336164438,0.9999704663835562
middle,71000358917,71000358973,56,71000358973,71000358983,71000359021,1,1,1,1,71000358929,71000358937,71000358941,71000358919,71000358921,71000358923,0,0,0,0,0,0,3.5,17045,15010,1.0000295336164438,0.9999704663835562
middle,71000358968,71000358973,5,71000358973,71000358983,71000359021,1,1,1,1,71000358971,71000358973,71000358977,71000358969,71000358971,71000358973,0,1,1,0,0,1,3.5,17045,15010,1.0000295336164438,0.9999704663835562
middle,71000359028,71000359033,5,71000359033,71000359049,71000359099,1,1,1,1,71000359033,71000359037,71000359039,71000359029,71000359031,71000359033,1,1,1,0,0,1,3.5,17045,15010,1.0000295336164438,0.9999704663835562
middle,71000359323,71000359327,4,71000359327,71000359351,71000359379,1,1,1,1,71000359327,71000359333,71000359343,71000359325,71000359327,71000359329,1,1,1,0,1,1,3.5,17045,15010,1.0000295336164438,0.9999704663835562
middle,71000359340,71000359351,11,71000359351,71000359379,71000359471,1,1,1,1,71000359343,71000359349,71000359351,71000359341,71000359343,71000359345,0,0,1,0,0,0,3.5,17045,15010,1.0000295336164438,0.9999704663835562
middle,71000360009,71000360099,90,71000360099,71000360111,71000360153,1,1,1,1,71000360017,71000360021,71000360023,71000360011,71000360013,71000360015,0,0,0,0,0,0,3.5,17045,15010,1.0000295336164438,0.9999704663835562
middle,71000360108,71000360111,3,71000360111,71000360153,71000360173,1,1,1,1,71000360111,71000360113,71000360129,71000360109,71000360111,71000360113,1,1,1,0,1,1,3.5,17045,15010,1.0000295336164438,0.9999704663835562
middle,71000360454,71000360489,35,71000360461,71000360489,71000360503,2,0,1,1,71000360461,71000360467,71000360471,71000360455,71000360457,71000360459,0,0,0,0,0,0,3.5,17045,15010,1.0000295336164438,0.9999704663835562
middle,71000360619,71000360621,2,71000360621,71000360677,71000360687,1,1,1,1,71000360621,71000360633,71000360647,71000360621,71000360623,71000360625,1,1,1,1,1,1,3.5,17045,15010,1.0000295336164438,0.9999704663835562
middle,71000360890,71000360909,19,71000360909,71000360929,71000360933,1,1,1,1,71000360891,71000360897,71000360909,71000360891,71000360893,71000360895,0,0,1,0,0,0,3.5,17045,15010,1.0000295336164438,0.9999704663835562
middle,71000361250,71000361269,19,71000361269,71000361307,71000361323,1,1,1,1,71000361253,71000361259,71000361269,71000361251,71000361253,71000361255,0,0,1,0,0,0,3.5,17045,15010,1.0000295336164438,0.9999704663835562
middle,71000361252,71000361269,17,71000361269,71000361307,71000361323,1,1,1,1,71000361253,71000361259,71000361269,71000361253,71000361255,71000361257,0,0,1,0,0,0,3.5,17045,15010,1.0000295336164438,0.9999704663835562
middle,71000361404,71000361427,23,71000361427,71000361449,71000361503,1,1,1,1,71000361407,71000361409,71000361427,71000361405,71000361407,71000361409,0,0,1,0,0,0,3.5,17045,15010,1.0000295336164438,0.9999704663835562
middle,71000361630,71000361659,29,71000361659,71000361661,71000361709,1,1,1,1,71000361631,71000361643,71000361647,71000361631,71000361633,71000361635,0,0,0,0,0,0,3.5,17045,15010,1.0000295336164438,0.9999704663835562
middle,71000361843,71000361853,10,71000361853,71000361877,71000361919,1,1,1,1,71000361847,71000361851,71000361853,71000361845,71000361847,71000361849,0,0,1,0,0,0,3.5,17045,15010,1.0000295336164438,0.9999704663835562
middle,71000362022,71000362031,9,71000362031,71000362039,71000362057,1,1,1,1,71000362031,71000362033,71000362039,71000362023,71000362025,71000362027,1,1,1,0,0,0,3.5,17045,15010,1.0000295336164438,0.9999704663835562
middle,71000362045,71000362057,12,71000362057,71000362127,71000362129,1,1,1,1,71000362051,71000362057,71000362061,71000362047,71000362049,71000362051,0,1,1,0,0,0,3.5,17045,15010,1.0000295336164438,0.9999704663835562
middle,71000362241,71000362243,2,71000362243,71000362267,71000362271,1,1,1,1,71000362243,71000362247,71000362253,71000362243,71000362245,71000362247,1,1,1,1,1,1,3.5,17045,15010,1.0000295336164438,0.9999704663835562
middle,71000362375,71000362451,76,71000362451,71000362513,71000362523,1,1,1,1,71000362379,71000362387,71000362393,71000362377,71000362379,71000362381,0,0,0,0,0,0,3.5,17045,15010,1.0000295336164438,0.9999704663835562
middle,71000362726,71000362729,3,71000362729,71000362747,71000362777,1,1,1,1,71000362729,71000362733,71000362747,71000362727,71000362729,71000362731,1,1,1,0,1,1,3.5,17045,15010,1.0000295336164438,0.9999704663835562
middle,71000362782,71000362837,55,71000362837,71000362841,71000362871,1,1,1,1,71000362787,71000362789,71000362799,71000362783,71000362785,71000362787,0,0,0,0,0,0,3.5,17045,15010,1.0000295336164438,0.9999704663835562
middle,71000362956,71000363017,61,71000363017,71000363029,71000363059,1,1,1,1,71000362957,71000362967,71000362973,71000362957,71000362959,71000362961,0,0,0,0,0,0,3.5,17045,15010,1.0000295336164438,0.9999704663835562
middle,71000363063,71000363131,68,71000363089,71000363131,71000363141,2,0,1,1,71000363069,71000363081,71000363087,71000363065,71000363067,71000363069,0,0,0,0,0,0,3.5,17045,15010,1.0000295336164438,0.9999704663835562
middle,71000363157,71000363177,20,71000363177,71000363197,71000363219,1,1,1,1,71000363171,71000363173,71000363177,71000363159,71000363161,71000363163,0,0,1,0,0,0,3.5,17045,15010,1.0000295336164438,0.9999704663835562
middle,71000363273,71000363293,20,71000363293,71000363323,71000363387,1,1,1,1,71000363279,71000363293,71000363297,71000363275,71000363277,71000363279,0,1,1,0,0,0,3.5,17045,15010,1.0000295336164438,0.9999704663835562
middle,71000363278,71000363293,15,71000363293,71000363323,71000363387,1,1,1,1,71000363279,71000363293,71000363297,71000363279,71000363281,71000363283,0,1,1,0,0,0,3.5,17045,15010,1.0000295336164438,0.9999704663835562
middle,71000363408,71000363443,35,71000363411,71000363443,71000363461,2,0,1,1,71000363411,71000363417,71000363419,71000363409,71000363411,71000363413,0,0,0,0,0,0,3.5,17045,15010,1.0000295336164438,0.9999704663835562
middle,71000363667,71000363669,2,71000363669,71000363683,71000363689,1,1,1,1,71000363669,71000363671,71000363683,71000363669,71000363671,71000363673,1,1,1,1,1,1,3.5,17045,15010,1.0000295336164438,0.9999704663835562
middle,71000363757,71000363767,10,71000363767,71000363773,71000363789,1,1,1,1,71000363761,71000363767,71000363771,71000363759,71000363761,71000363763,0,1,1,0,0,0,3.5,17045,15010,1.0000295336164438,0.9999704663835562
middle,71000364076,71000364089,13,71000364089,71000364091,71000364103,1,1,1,1,71000364077,71000364079,71000364089,71000364077,71000364079,71000364081,0,0,1,0,0,0,3.5,17045,15010,1.0000295336164438,0.9999704663835562
middle,71000364103,71000364133,30,71000364133,71000364143,71000364161,1,1,1,1,71000364107,71000364109,71000364121,71000364105,71000364107,71000364109,0,0,0,0,0,0,3.5,17045,15010,1.0000295336164438,0.9999704663835562
middle,71000364180,71000364181,1,71000364181,71000364233,71000364247,1,1,1,1,71000364181,71000364191,71000364199,71000364181,71000364183,71000364185,1,1,1,1,1,1,3.5,17045,15010,1.0000295336164438,0.9999704663835562
middle,71000365085,71000365097,12,71000365087,71000365097,71000365103,2,0,1,1,71000365087,71000365091,71000365097,71000365087,71000365089,71000365091,0,0,1,0,0,0,3.5,17045,15010,1.0000295336164438,0.9999704663835562
middle,71000365218,71000365237,19,71000365237,71000365273,71000365277,1,1,1,1,71000365229,71000365231,71000365237,71000365219,71000365221,71000365223,0,0,1,0,0,0,3.5,17045,15010,1.0000295336164438,0.9999704663835562
middle,71000365499,71000365523,24,71000365519,71000365523,71000365549,2,0,1,1,71000365507,71000365511,71000365519,71000365501,71000365503,71000365505,0,0,0,0,0,0,3.5,17045,15010,1.0000295336164438,0.9999704663835562
middle,71000365722,71000365727,5,71000365727,71000365759,71000365769,1,1,1,1,71000365727,71000365739,71000365741,71000365723,71000365725,71000365727,1,1,1,0,0,1,3.5,17045,15010,1.0000295336164438,0.9999704663835562
middle,71000365839,71000365841,2,71000365841,71000365871,71000365879,1,1,1,1,71000365841,71000365847,71000365861,71000365841,71000365843,71000365845,1,1,1,1,1,1,3.5,17045,15010,1.0000295336164438,0.9999704663835562
middle,71000366304,71000366321,17,71000366321,71000366357,71000366389,1,1,1,1,71000366309,71000366317,71000366321,71000366305,71000366307,71000366309,0,0,1,0,0,0,3.5,17045,15010,1.0000295336164438,0.9999704663835562
middle,71000366548,71000366551,3,71000366551,71000366609,71000366611,1,1,1,1,71000366551,71000366561,71000366573,71000366549,71000366551,71000366553,1,1,1,0,1,1,3.5,17045,15010,1.0000295336164438,0.9999704663835562
middle,71000366580,71000366609,29,71000366609,71000366611,71000366629,1,1,1,1,71000366597,71000366599,71000366609,71000366581,71000366583,71000366585,0,0,1,0,0,0,3.5,17045,15010,1.0000295336164438,0.9999704663835562
middle,71000366656,71000366659,3,71000366659,71000366663,71000366693,1,1,1,1,71000366659,71000366663,71000366677,71000366657,71000366659,71000366661,1,1,1,0,1,1,3.5,17045,15010,1.0000295336164438,0.9999704663835562
middle,71000366762,71000366791,29,71000366791,71000366807,71000366831,1,1,1,1,71000366777,71000366779,71000366783,71000366763,71000366765,71000366767,0,0,0,0,0,0,3.5,17045,15010,1.0000295336164438,0.9999704663835562
middle,71000367260,71000367287,27,71000367271,71000367287,71000367329,2,0,1,1,71000367271,71000367287,71000367289,71000367261,71000367263,71000367265,0,1,1,0,0,0,3.5,17045,15010,1.0000295336164438,0.9999704663835562
middle,71000367331,71000367337,6,71000367337,71000367359,71000367367,1,1,1,1,71000367337,71000367343,71000367353,71000367333,71000367335,71000367337,1,1,1,0,0,1,3.5,17045,15010,1.0000295336164438,0.9999704663835562
middle,71000368054,71000368147,93,71000368147,71000368163,71000368207,1,1,1,1,71000368057,71000368067,71000368069,71000368055,71000368057,71000368059,0,0,0,0,0,0,3.5,17045,15010,1.0000295336164438,0.9999704663835562
middle,71000368299,71000368333,34,71000368333,71000368337,71000368343,1,1,1,1,71000368303,71000368319,71000368321,71000368301,71000368303,71000368305,0,0,0,0,0,0,3.5,17045,15010,1.0000295336164438,0.9999704663835562
middle,71000368764,71000368783,19,71000368783,71000368801,71000368931,1,1,1,1,71000368771,71000368781,71000368783,71000368765,71000368767,71000368769,0,0,1,0,0,0,3.5,17045,15010,1.0000295336164438,0.9999704663835562
middle,71000369138,71000369149,11,71000369149,71000369233,71000369281,1,1,1,1,71000369147,71000369149,71000369159,71000369139,71000369141,71000369143,0,1,1,0,0,0,3.5,17045,15010,1.0000295336164438,0.9999704663835562
middle,71000369491,71000369509,18,71000369509,71000369519,71000369599,1,1,1,1,71000369497,71000369509,71000369513,71000369493,71000369495,71000369497,0,1,1,0,0,0,3.5,17045,15010,1.0000295336164438,0.9999704663835562
middle,71000369752,71000369767,15,71000369767,71000369851,71000369939,1,1,1,1,71000369753,71000369761,71000369767,71000369753,71000369755,71000369757,0,0,1,0,0,0,3.5,17045,15010,1.0000295336164438,0.9999704663835562
middle,71000369753,71000369767,14,71000369767,71000369851,71000369939,1,1,1,1,71000369761,71000369767,71000369771,71000369755,71000369757,71000369759,0,1,1,0,0,0,3.5,17045,15010,1.0000295336164438,0.9999704663835562
middle,71000370127,71000370143,16,71000370143,71000370169,71000370173,1,1,1,1,71000370131,71000370139,71000370143,71000370129,71000370131,71000370133,0,0,1,0,0,0,3.5,17045,15010,1.0000295336164438,0.9999704663835562
middle,71000370136,71000370143,7,71000370143,71000370169,71000370173,1,1,1,1,71000370139,71000370143,71000370149,71000370137,71000370139,71000370141,0,1,1,0,0,0,3.5,17045,15010,1.0000295336164438,0.9999704663835562
middle,71000370138,71000370143,5,71000370143,71000370169,71000370173,1,1,1,1,71000370139,71000370143,71000370149,71000370139,71000370141,71000370143,0,1,1,0,0,1,3.5,17045,15010,1.0000295336164438,0.9999704663835562
middle,71000370144,71000370169,25,71000370169,71000370173,71000370179,1,1,1,1,71000370149,71000370151,71000370157,71000370145,71000370147,71000370149,0,0,0,0,0,0,3.5,17045,15010,1.0000295336164438,0.9999704663835562
middle,71000370619,71000370643,24,71000370643,71000370671,71000370689,1,1,1,1,71000370629,71000370631,71000370641,71000370621,71000370623,71000370625,0,0,0,0,0,0,3.5,17045,15010,1.0000295336164438,0.9999704663835562
middle,71000370635,71000370643,8,71000370643,71000370671,71000370689,1,1,1,1,71000370641,71000370643,71000370653,71000370637,71000370639,71000370641,0,1,1,0,0,0,3.5,17045,15010,1.0000295336164438,0.9999704663835562
middle,71000370652,71000370671,19,71000370671,71000370689,71000370703,1,1,1,1,71000370653,71000370659,71000370667,71000370653,71000370655,71000370657,0,0,0,0,0,0,3.5,17045,15010,1.0000295336164438,0.9999704663835562
middle,71000371300,71000371313,13,71000371313,71000371319,71000371339,1,1,1,1,71000371301,71000371303,71000371307,71000371301,71000371303,71000371305,0,0,0,0,0,0,3.5,17045,15010,1.0000295336164438,0.9999704663835562
middle,71000371874,71000371933,59,71000371933,71000371961,71000371979,1,1,1,1,71000371877,71000371879,71000371889,71000371875,71000371877,71000371879,0,0,0,0,0,0,3.5,17045,15010,1.0000295336164438,0.9999704663835562
middle,71000371960,71000371961,1,71000371961,71000371979,71000371997,1,1,1,1,71000371961,71000371963,71000371969,71000371961,71000371963,71000371965,1,1,1,1,1,1,3.5,17045,15010,1.0000295336164438,0.9999704663835562
middle,71000371963,71000371979,16,71000371979,71000371997,71000371999,1,1,1,1,71000371969,71000371979,71000371987,71000371965,71000371967,71000371969,0,1,1,0,0,0,3.5,17045,15010,1.0000295336164438,0.9999704663835562
middle,71000372076,71000372089,13,71000372089,71000372117,71000372119,1,1,1,1,71000372081,71000372083,71000372087,71000372077,71000372079,71000372081,0,0,0,0,0,0,3.5,17045,15010,1.0000295336164438,0.9999704663835562
middle,71000372201,71000372227,26,71000372227,71000372237,71000372239,1,1,1,1,71000372203,71000372207,71000372221,71000372203,71000372205,71000372207,0,0,0,0,0,0,3.5,17045,15010,1.0000295336164438,0.9999704663835562
middle,71000372421,71000372423,2,71000372423,71000372453,71000372461,1,1,1,1,71000372423,71000372431,71000372437,71000372423,71000372425,71000372427,1,1,1,1,1,1,3.5,17045,15010,1.0000295336164438,0.9999704663835562
middle,71000372471,71000372543,72,71000372543,71000372549,71000372579,1,1,1,1,71000372473,71000372477,71000372479,71000372473,71000372475,71000372477,0,0,0,0,0,0,3.5,17045,15010,1.0000295336164438,0.9999704663835562
middle,71000372655,71000372657,2,71000372657,71000372683,71000372717,1,1,1,1,71000372657,71000372659,71000372669,71000372657,71000372659,71000372661,1,1,1,1,1,1,3.5,17045,15010,1.0000295336164438,0.9999704663835562
middle,71000372933,71000372981,48,71000372981,71000373007,71000373047,1,1,1,1,71000372939,71000372941,71000372953,71000372935,71000372937,71000372939,0,0,0,0,0,0,3.5,17045,15010,1.0000295336164438,0.9999704663835562
middle,71000373106,71000373131,25,71000373131,71000373161,71000373211,1,1,1,1,71000373107,71000373109,71000373113,71000373107,71000373109,71000373111,0,0,0,0,0,0,3.5,17045,15010,1.0000295336164438,0.9999704663835562
middle,71000373268,71000373277,9,71000373277,71000373347,71000373361,1,1,1,1,71000373271,71000373277,71000373281,71000373269,71000373271,71000373273,0,1,1,0,0,0,3.5,17045,15010,1.0000295336164438,0.9999704663835562
middle,71000373637,71000373677,40,71000373677,71000373679,71000373709,1,1,1,1,71000373643,71000373659,71000373667,71000373639,71000373641,71000373643,0,0,0,0,0,0,3.5,17045,15010,1.0000295336164438,0.9999704663835562
middle,71000373718,71000373727,9,71000373727,71000373737,71000373761,1,1,1,1,71000373727,71000373737,71000373739,71000373719,71000373721,71000373723,1,1,1,0,0,0,3.5,17045,15010,1.0000295336164438,0.9999704663835562
middle,71000374135,71000374187,52,71000374187,71000374189,71000374213,1,1,1,1,71000374139,71000374141,71000374153,71000374137,71000374139,71000374141,0,0,0,0,0,0,3.5,17045,15010,1.0000295336164438,0.9999704663835562
middle,71000374355,71000374363,8,71000374363,71000374381,71000374391,1,1,1,1,71000374363,71000374369,71000374373,71000374357,71000374359,71000374361,1,1,1,0,0,0,3.5,17045,15010,1.0000295336164438,0.9999704663835562
middle,71000374507,71000374531,24,71000374531,71000374541,71000374559,1,1,1,1,71000374513,71000374517,71000374519,71000374509,71000374511,71000374513,0,0,0,0,0,0,3.5,17045,15010,1.0000295336164438,0.9999704663835562
middle,71000375104,71000375123,19,71000375123,71000375129,71000375143,1,1,1,1,71000375107,71000375111,71000375119,71000375105,71000375107,71000375109,0,0,0,0,0,0,3.5,17045,15010,1.0000295336164438,0.9999704663835562
middle,71000375548,71000375561,13,71000375561,71000375609,71000375651,1,1,1,1,71000375557,71000375561,71000375569,71000375549,71000375551,71000375553,0,1,1,0,0,0,3.5,17045,15010,1.0000295336164438,0.9999704663835562
middle,71000375790,71000375827,37,71000375827,71000375851,71000375857,1,1,1,1,71000375791,71000375801,71000375807,71000375791,71000375793,71000375795,0,0,0,0,0,0,3.5,17045,15010,1.0000295336164438,0.9999704663835562
middle,71000376439,71000376443,4,71000376443,71000376487,71000376511,1,1,1,1,71000376443,71000376449,71000376451,71000376441,71000376443,71000376445,1,1,1,0,1,1,3.5,17045,15010,1.0000295336164438,0.9999704663835562
middle,71000376449,71000376487,38,71000376487,71000376511,71000376527,1,1,1,1,71000376451,71000376457,71000376463,71000376451,71000376453,71000376455,0,0,0,0,0,0,3.5,17045,15010,1.0000295336164438,0.9999704663835562
middle,71000376872,71000376883,11,71000376883,71000376901,71000376949,1,1,1,1,71000376877,71000376883,71000376893,71000376873,71000376875,71000376877,0,1,1,0,0,0,3.5,17045,15010,1.0000295336164438,0.9999704663835562
middle,71000377040,71000377067,27,71000377067,71000377099,71000377111,1,1,1,1,71000377043,71000377051,71000377057,71000377041,71000377043,71000377045,0,0,0,0,0,0,3.5,17045,15010,1.0000295336164438,0.9999704663835562
middle,71000377075,71000377099,24,71000377099,71000377111,71000377139,1,1,1,1,71000377079,71000377081,71000377087,71000377077,71000377079,71000377081,0,0,0,0,0,0,3.5,17045,15010,1.0000295336164438,0.9999704663835562
middle,71000377735,71000377769,34,71000377769,71000377801,71000377807,1,1,1,1,71000377739,71000377741,71000377751,71000377737,71000377739,71000377741,0,0,0,0,0,0,3.5,17045,15010,1.0000295336164438,0.9999704663835562
middle,71000377960,71000377979,19,71000377979,71000377993,71000378083,1,1,1,1,71000377961,71000377963,71000377967,71000377961,71000377963,71000377965,0,0,0,0,0,0,3.5,17045,15010,1.0000295336164438,0.9999704663835562
middle,71000378660,71000378681,21,71000378681,71000378717,71000378723,1,1,1,1,71000378663,71000378677,71000378681,71000378661,71000378663,71000378665,0,0,1,0,0,0,3.5,17045,15010,1.0000295336164438,0.9999704663835562
middle,71000378711,71000378717,6,71000378717,71000378723,71000378731,1,1,1,1,71000378717,71000378719,71000378723,71000378713,71000378715,71000378717,1,1,1,0,0,1,3.5,17045,15010,1.0000295336164438,0.9999704663835562
middle,71000379065,71000379067,2,71000379067,71000379089,71000379097,1,1,1,1,71000379067,71000379071,71000379077,71000379067,71000379069,71000379071,1,1,1,1,1,1,3.5,17045,15010,1.0000295336164438,0.9999704663835562
middle,71000379082,71000379089,7,71000379089,71000379097,71000379103,1,1,1,1,71000379089,71000379091,71000379097,71000379083,71000379085,71000379087,1,1,1,0,0,0,3.5,17045,15010,1.0000295336164438,0.9999704663835562
middle,71000379374,71000379403,29,71000379403,71000379407,71000379427,1,1,1,1,71000379377,71000379379,71000379383,71000379375,71000379377,71000379379,0,0,0,0,0,0,3.5,17045,15010,1.0000295336164438,0.9999704663835562
middle,71000379619,71000379629,10,71000379629,71000379631,71000379641,1,1,1,1,71000379629,71000379631,71000379641,71000379621,71000379623,71000379625,1,1,1,0,0,0,3.5,17045,15010,1.0000295336164438,0.9999704663835562
middle,71000379633,71000379641,8,71000379641,71000379643,71000379647,1,1,1,1,71000379641,71000379643,71000379647,71000379635,71000379637,71000379639,1,1,1,0,0,0,3.5,17045,15010,1.0000295336164438,0.9999704663835562
middle,71000379816,71000379847,31,71000379847,71000379859,71000379889,1,1,1,1,71000379817,71000379823,71000379829,71000379817,71000379819,71000379821,0,0,0,0,0,0,3.5,17045,15010,1.0000295336164438,0.9999704663835562
middle,71000380652,71000380657,5,71000380657,71000380663,71000380669,1,1,1,1,71000380657,71000380663,71000380667,71000380653,71000380655,71000380657,1,1,1,0,0,1,3.5,17045,15010,1.0000295336164438,0.9999704663835562
middle,71000380653,71000380657,4,71000380657,71000380663,71000380669,1,1,1,1,71000380657,71000380663,71000380667,71000380655,71000380657,71000380659,1,1,1,0,1,1,3.5,17045,15010,1.0000295336164438,0.9999704663835562
middle,71000380770,71000380777,7,71000380777,71000380783,71000380823,1,1,1,1,71000380777,71000380783,71000380799,71000380771,71000380773,71000380775,1,1,1,0,0,0,3.5,17045,15010,1.0000295336164438,0.9999704663835562
middle,71000380996,71000381009,13,71000381009,71000381033,71000381077,1,1,1,1,71000380999,71000381003,71000381009,71000380997,71000380999,71000381001,0,0,1,0,0,0,3.5,17045,15010,1.0000295336164438,0.9999704663835562
middle,71000381150,71000381159,9,71000381159,71000381183,71000381189,1,1,1,1,71000381159,71000381161,71000381167,71000381151,71000381153,71000381155,1,1,1,0,0,0,3.5,17045,15010,1.0000295336164438,0.9999704663835562
middle,71000381385,71000381447,62,71000381447,71000381471,71000381519,1,1,1,1,71000381393,71000381399,71000381407,71000381387,71000381389,71000381391,0,0,0,0,0,0,3.5,17045,15010,1.0000295336164438,0.9999704663835562
middle,71000381394,71000381447,53,71000381447,71000381471,71000381519,1,1,1,1,71000381399,71000381407,71000381411,71000381395,71000381397,71000381399,0,0,0,0,0,0,3.5,17045,15010,1.0000295336164438,0.9999704663835562
middle,71000381569,71000381651,82,71000381651,71000381687,71000381717,1,1,1,1,71000381579,71000381581,71000381587,71000381571,71000381573,71000381575,0,0,0,0,0,0,3.5,17045,15010,1.0000295336164438,0.9999704663835562
middle,71000381578,71000381651,73,71000381651,71000381687,71000381717,1,1,1,1,71000381579,71000381581,71000381587,71000381579,71000381581,71000381583,0,0,0,0,0,0,3.5,17045,15010,1.0000295336164438,0.9999704663835562
middle,71000381970,71000381999,29,71000381999,71000382001,71000382031,1,1,1,1,71000381981,71000381983,71000381987,71000381971,71000381973,71000381975,0,0,0,0,0,0,3.5,17045,15010,1.0000295336164438,0.9999704663835562
middle,71000382130,71000382133,3,71000382133,71000382203,71000382223,1,1,1,1,71000382133,71000382137,71000382143,71000382131,71000382133,71000382135,1,1,1,0,1,1,3.5,17045,15010,1.0000295336164438,0.9999704663835562
middle,71000382227,71000382251,24,71000382251,71000382253,71000382259,1,1,1,1,71000382239,71000382251,71000382253,71000382229,71000382231,71000382233,0,1,1,0,0,0,3.5,17045,15010,1.0000295336164438,0.9999704663835562
middle,71000382625,71000382671,46,71000382671,71000382697,71000382707,1,1,1,1,71000382631,71000382637,71000382641,71000382627,71000382629,71000382631,0,0,0,0,0,0,3.5,17045,15010,1.0000295336164438,0.9999704663835562
middle,71000383178,71000383309,131,71000383309,71000383351,71000383361,1,1,1,1,71000383183,71000383189,71000383199,71000383179,71000383181,71000383183,0,0,0,0,0,0,3.5,17045,15010,1.0000295336164438,0.9999704663835562
middle,71000383281,71000383309,28,71000383309,71000383351,71000383361,1,1,1,1,71000383283,71000383297,71000383303,71000383283,71000383285,71000383287,0,0,0,0,0,0,3.5,17045,15010,1.0000295336164438,0.9999704663835562
middle,71000383854,71000383877,23,71000383877,71000383889,71000383891,1,1,1,1,71000383859,71000383877,71000383879,71000383855,71000383857,71000383859,0,1,1,0,0,0,3.5,17045,15010,1.0000295336164438,0.9999704663835562
middle,71000384489,71000384551,62,71000384551,71000384557,71000384561,1,1,1,1,71000384491,71000384501,71000384503,71000384491,71000384493,71000384495,0,0,0,0,0,0,3.5,17045,15010,1.0000295336164438,0.9999704663835562
middle,71000384891,71000384941,50,71000384941,71000384963,71000384977,1,1,1,1,71000384899,71000384909,71000384921,71000384893,71000384895,71000384897,0,0,0,0,0,0,3.5,17045,15010,1.0000295336164438,0.9999704663835562
middle,71000385383,71000385409,26,71000385409,71000385427,71000385451,1,1,1,1,71000385389,71000385397,71000385409,71000385385,71000385387,71000385389,0,0,1,0,0,0,3.5,17045,15010,1.0000295336164438,0.9999704663835562
middle,71000385632,71000385667,35,71000385667,71000385671,71000385697,1,1,1,1,71000385637,71000385649,71000385653,71000385633,71000385635,71000385637,0,0,0,0,0,0,3.5,17045,15010,1.0000295336164438,0.9999704663835562
middle,71000386114,71000386139,25,71000386139,71000386159,71000386181,1,1,1,1,71000386123,71000386129,71000386139,71000386115,71000386117,71000386119,0,0,1,0,0,0,3.5,17045,15010,1.0000295336164438,0.9999704663835562
middle,71000386175,71000386181,6,71000386181,71000386213,71000386229,1,1,1,1,71000386181,71000386183,71000386187,71000386177,71000386179,71000386181,1,1,1,0,0,1,3.5,17045,15010,1.0000295336164438,0.9999704663835562
middle,71000387031,71000387093,62,71000387093,71000387123,71000387149,1,1,1,1,71000387033,71000387039,71000387041,71000387033,71000387035,71000387037,0,0,0,0,0,0,3.5,17045,15010,1.0000295336164438,0.9999704663835562
middle,71000387109,71000387123,14,71000387123,71000387149,71000387179,1,1,1,1,71000387111,71000387113,71000387123,71000387111,71000387113,71000387115,0,0,1,0,0,0,3.5,17045,15010,1.0000295336164438,0.9999704663835562
middle,71000387118,71000387123,5,71000387123,71000387149,71000387179,1,1,1,1,71000387123,71000387131,71000387141,71000387119,71000387121,71000387123,1,1,1,0,0,1,3.5,17045,15010,1.0000295336164438,0.9999704663835562
middle,71000387354,71000387369,15,71000387369,71000387371,71000387377,1,1,1,1,71000387357,71000387363,71000387369,71000387355,71000387357,71000387359,0,0,1,0,0,0,3.5,17045,15010,1.0000295336164438,0.9999704663835562
middle,71000387364,71000387369,5,71000387369,71000387371,71000387377,1,1,1,1,71000387369,71000387371,71000387377,71000387365,71000387367,71000387369,1,1,1,0,0,1,3.5,17045,15010,1.0000295336164438,0.9999704663835562
middle,71000387586,71000387597,11,71000387597,71000387609,71000387639,1,1,1,1,71000387587,71000387593,71000387597,71000387587,71000387589,71000387591,0,0,1,0,0,0,3.5,17045,15010,1.0000295336164438,0.9999704663835562
middle,71000387690,71000387729,39,71000387729,71000387741,71000387743,1,1,1,1,71000387693,71000387701,71000387707,71000387691,71000387693,71000387695,0,0,0,0,0,0,3.5,17045,15010,1.0000295336164438,0.9999704663835562
middle,71000387746,71000387761,15,71000387761,71000387767,71000387791,1,1,1,1,71000387753,71000387761,71000387767,71000387747,71000387749,71000387751,0,1,1,0,0,0,3.5,17045,15010,1.0000295336164438,0.9999704663835562
middle,71000388497,71000388527,30,71000388521,71000388527,71000388539,2,0,1,1,71000388509,71000388517,71000388521,71000388499,71000388501,71000388503,0,0,0,0,0,0,3.5,17045,15010,1.0000295336164438,0.9999704663835562
middle,71000388500,71000388527,27,71000388521,71000388527,71000388539,2,0,1,1,71000388509,71000388517,71000388521,71000388501,71000388503,71000388505,0,0,0,0,0,0,3.5,17045,15010,1.0000295336164438,0.9999704663835562
middle,71000388645,71000388661,16,71000388661,71000388671,71000388691,1,1,1,1,71000388647,71000388649,71000388653,71000388647,71000388649,71000388651,0,0,0,0,0,0,3.5,17045,15010,1.0000295336164438,0.9999704663835562
middle,71000388890,71000388919,29,71000388919,71000388929,71000388997,1,1,1,1,71000388911,71000388919,71000388923,71000388891,71000388893,71000388895,0,1,1,0,0,0,3.5,17045,15010,1.0000295336164438,0.9999704663835562
middle,71000389317,71000389319,2,71000389319,71000389337,71000389351,1,1,1,1,71000389319,71000389321,71000389331,71000389319,71000389321,71000389323,1,1,1,1,1,1,3.5,17045,15010,1.0000295336164438,0.9999704663835562
middle,71000389550,71000389561,11,71000389561,71000389573,71000389583,1,1,1,1,71000389553,71000389561,71000389567,71000389551,71000389553,71000389555,0,1,1,0,0,0,3.5,17045,15010,1.0000295336164438,0.9999704663835562
middle,71000389857,71000389919,62,71000389919,71000389939,71000389963,1,1,1,1,71000389861,71000389871,71000389877,71000389859,71000389861,71000389863,0,0,0,0,0,0,3.5,17045,15010,1.0000295336164438,0.9999704663835562
middle,71000389910,71000389919,9,71000389919,71000389939,71000389963,1,1,1,1,71000389919,71000389921,71000389927,71000389911,71000389913,71000389915,1,1,1,0,0,0,3.5,17045,15010,1.0000295336164438,0.9999704663835562
middle,71000390063,71000390093,30,71000390093,71000390099,71000390107,1,1,1,1,71000390081,71000390089,71000390093,71000390065,71000390067,71000390069,0,0,1,0,0,0,3.5,17045,15010,1.0000295336164438,0.9999704663835562
middle,71000390250,71000390291,41,71000390291,71000390303,71000390323,1,1,1,1,71000390257,71000390261,71000390267,71000390251,71000390253,71000390255,0,0,0,0,0,0,3.5,17045,15010,1.0000295336164438,0.9999704663835562
middle,71000390281,71000390291,10,71000390291,71000390303,71000390323,1,1,1,1,71000390287,71000390291,71000390297,71000390283,71000390285,71000390287,0,1,1,0,0,0,3.5,17045,15010,1.0000295336164438,0.9999704663835562
middle,71000390385,71000390449,64,71000390449,71000390459,71000390467,1,1,1,1,71000390387,71000390389,71000390393,71000390387,71000390389,71000390391,0,0,0,0,0,0,3.5,17045,15010,1.0000295336164438,0.9999704663835562
middle,71000390439,71000390449,10,71000390449,71000390459,71000390467,1,1,1,1,71000390441,71000390443,71000390449,71000390441,71000390443,71000390445,0,0,1,0,0,0,3.5,17045,15010,1.0000295336164438,0.9999704663835562
middle,71000390476,71000390479,3,71000390479,71000390509,71000390557,1,1,1,1,71000390479,71000390491,71000390497,71000390477,71000390479,71000390481,1,1,1,0,1,1,3.5,17045,15010,1.0000295336164438,0.9999704663835562
middle,71000390714,71000390761,47,71000390761,71000390767,71000390807,1,1,1,1,71000390717,71000390719,71000390723,71000390715,71000390717,71000390719,0,0,0,0,0,0,3.5,17045,15010,1.0000295336164438,0.9999704663835562
middle,71000391049,71000391079,30,71000391079,71000391089,71000391101,1,1,1,1,71000391061,71000391067,71000391071,71000391051,71000391053,71000391055,0,0,0,0,0,0,3.5,17045,15010,1.0000295336164438,0.9999704663835562
middle,71000391173,71000391193,20,71000391193,71000391221,71000391223,1,1,1,1,71000391181,71000391191,71000391193,71000391175,71000391177,71000391179,0,0,1,0,0,0,3.5,17045,15010,1.0000295336164438,0.9999704663835562
middle,71000391229,71000391269,40,71000391269,71000391277,71000391299,1,1,1,1,71000391233,71000391239,71000391247,71000391231,71000391233,71000391235,0,0,0,0,0,0,3.5,17045,15010,1.0000295336164438,0.9999704663835562
middle,71000391309,71000391347,38,71000391323,71000391347,71000391361,2,0,1,1,71000391311,71000391313,71000391317,71000391311,71000391313,71000391315,0,0,0,0,0,0,3.5,17045,15010,1.0000295336164438,0.9999704663835562
middle,71000391411,71000391439,28,71000391439,71000391487,71000391493,1,1,1,1,71000391419,71000391431,71000391437,71000391413,71000391415,71000391417,0,0,0,0,0,0,3.5,17045,15010,1.0000295336164438,0.9999704663835562
middle,71000391998,71000392007,9,71000392007,71000392009,71000392013,1,1,1,1,71000392007,71000392009,71000392013,71000391999,71000392001,71000392003,1,1,1,0,0,0,3.5,17045,15010,1.0000295336164438,0.9999704663835562
middle,71000392215,71000392303,88,71000392303,71000392319,71000392357,1,1,1,1,71000392217,71000392219,71000392241,71000392217,71000392219,71000392221,0,0,0,0,0,0,3.5,17045,15010,1.0000295336164438,0.9999704663835562
middle,71000393192,71000393201,9,71000393201,71000393213,71000393263,1,1,1,1,71000393197,71000393201,71000393203,71000393193,71000393195,71000393197,0,1,1,0,0,0,3.5,17045,15010,1.0000295336164438,0.9999704663835562
middle,71000393913,71000393923,10,71000393923,71000393953,71000393999,1,1,1,1,71000393917,71000393921,71000393923,71000393915,71000393917,71000393919,0,0,1,0,0,0,3.5,17045,15010,1.0000295336164438,0.9999704663835562
middle,71000394126,71000394139,13,71000394139,71000394161,71000394163,1,1,1,1,71000394133,71000394139,71000394149,71000394127,71000394129,71000394131,0,1,1,0,0,0,3.5,17045,15010,1.0000295336164438,0.9999704663835562
middle,71000394194,71000394247,53,71000394247,71000394251,71000394281,1,1,1,1,71000394197,71000394211,71000394217,71000394195,71000394197,71000394199,0,0,0,0,0,0,3.5,17045,15010,1.0000295336164438,0.9999704663835562
middle,71000394752,71000394761,9,71000394761,71000394779,71000394791,1,1,1,1,71000394757,71000394761,71000394763,71000394753,71000394755,71000394757,0,1,1,0,0,0,3.5,17045,15010,1.0000295336164438,0.9999704663835562
middle,71000395110,71000395177,67,71000395177,71000395217,71000395223,1,1,1,1,71000395111,71000395117,71000395121,71000395111,71000395113,71000395115,0,0,0,0,0,0,3.5,17045,15010,1.0000295336164438,0.9999704663835562
middle,71000395426,71000395451,25,71000395451,71000395489,71000395559,1,1,1,1,71000395429,71000395439,71000395441,71000395427,71000395429,71000395431,0,0,0,0,0,0,3.5,17045,15010,1.0000295336164438,0.9999704663835562
middle,71000395666,71000395673,7,71000395673,71000395717,71000395723,1,1,1,1,71000395667,71000395673,71000395679,71000395667,71000395669,71000395671,0,1,1,0,0,0,3.5,17045,15010,1.0000295336164438,0.9999704663835562
middle,71000395866,71000395901,35,71000395901,71000395927,71000395933,1,1,1,1,71000395867,71000395871,71000395883,71000395867,71000395869,71000395871,0,0,0,0,0,0,3.5,17045,15010,1.0000295336164438,0.9999704663835562
middle,71000396088,71000396101,13,71000396101,71000396141,71000396153,1,1,1,1,71000396099,71000396101,71000396111,71000396089,71000396091,71000396093,0,1,1,0,0,0,3.5,17045,15010,1.0000295336164438,0.9999704663835562
middle,71000396127,71000396153,26,71000396141,71000396153,71000396161,2,0,1,1,71000396141,71000396143,71000396149,71000396129,71000396131,71000396133,0,0,0,0,0,0,3.5,17045,15010,1.0000295336164438,0.9999704663835562
middle,71000396330,71000396339,9,71000396339,71000396359,71000396381,1,1,1,1,71000396333,71000396339,71000396347,71000396331,71000396333,71000396335,0,1,1,0,0,0,3.5,17045,15010,1.0000295336164438,0.9999704663835562
middle,71000396343,71000396359,16,71000396359,71000396381,71000396417,1,1,1,1,71000396347,71000396353,71000396359,71000396345,71000396347,71000396349,0,0,1,0,0,0,3.5,17045,15010,1.0000295336164438,0.9999704663835562
middle,71000396353,71000396359,6,71000396359,71000396381,71000396417,1,1,1,1,71000396359,71000396371,71000396377,71000396355,71000396357,71000396359,1,1,1,0,0,1,3.5,17045,15010,1.0000295336164438,0.9999704663835562
middle,71000396470,71000396471,1,71000396471,71000396497,71000396513,1,1,1,1,71000396471,71000396473,71000396477,71000396471,71000396473,71000396475,1,1,1,1,1,1,3.5,17045,15010,1.0000295336164438,0.9999704663835562
middle,71000396528,71000396581,53,71000396543,71000396561,71000396581,3,0,0,1,71000396531,71000396539,71000396543,71000396529,71000396531,71000396533,0,0,0,0,0,0,3.5,17045,15010,1.0000295336164438,0.9999704663835562
middle,71000396627,71000396659,32,71000396659,71000396699,71000396723,1,1,1,1,71000396629,71000396633,71000396647,71000396629,71000396631,71000396633,0,0,0,0,0,0,3.5,17045,15010,1.0000295336164438,0.9999704663835562
middle,71000396911,71000396947,36,71000396947,71000396993,71000397007,1,1,1,1,71000396923,71000396927,71000396933,71000396913,71000396915,71000396917,0,0,0,0,0,0,3.5,17045,15010,1.0000295336164438,0.9999704663835562
middle,71000396918,71000396947,29,71000396947,71000396993,71000397007,1,1,1,1,71000396923,71000396927,71000396933,71000396919,71000396921,71000396923,0,0,0,0,0,0,3.5,17045,15010,1.0000295336164438,0.9999704663835562
middle,71000397006,71000397007,1,71000397007,71000397011,71000397023,1,1,1,1,71000397007,71000397011,71000397023,71000397007,71000397009,71000397011,1,1,1,1,1,1,3.5,17045,15010,1.0000295336164438,0.9999704663835562
middle,71000397172,71000397173,1,71000397173,71000397179,71000397191,1,1,1,1,71000397173,71000397179,71000397187,71000397173,71000397175,71000397177,1,1,1,1,1,1,3.5,17045,15010,1.0000295336164438,0.9999704663835562
middle,71000397389,71000397397,8,71000397397,71000397497,71000397499,1,1,1,1,71000397397,71000397401,71000397407,71000397391,71000397393,71000397395,1,1,1,0,0,0,3.5,17045,15010,1.0000295336164438,0.9999704663835562
middle,71000397526,71000397547,21,71000397547,71000397563,71000397569,1,1,1,1,71000397527,71000397529,71000397539,71000397527,71000397529,71000397531,0,0,0,0,0,0,3.5,17045,15010,1.0000295336164438,0.9999704663835562
middle,71000397544,71000397547,3,71000397547,71000397563,71000397569,1,1,1,1,71000397547,71000397553,71000397557,71000397545,71000397547,71000397549,1,1,1,0,1,1,3.5,17045,15010,1.0000295336164438,0.9999704663835562
middle,71000397619,71000397631,12,71000397631,71000397649,71000397661,1,1,1,1,71000397623,71000397631,71000397641,71000397621,71000397623,71000397625,0,1,1,0,0,0,3.5,17045,15010,1.0000295336164438,0.9999704663835562
middle,71000397927,71000397953,26,71000397953,71000397971,71000397977,1,1,1,1,71000397943,71000397947,71000397953,71000397929,71000397931,71000397933,0,0,1,0,0,0,3.5,17045,15010,1.0000295336164438,0.9999704663835562
middle,71000398406,71000398433,27,71000398433,71000398453,71000398477,1,1,1,1,71000398409,71000398411,71000398421,71000398407,71000398409,71000398411,0,0,0,0,0,0,3.5,17045,15010,1.0000295336164438,0.9999704663835562
middle,71000398496,71000398531,35,71000398531,71000398549,71000398591,1,1,1,1,71000398499,71000398507,71000398517,71000398497,71000398499,71000398501,0,0,0,0,0,0,3.5,17045,15010,1.0000295336164438,0.9999704663835562
middle,71000398559,71000398591,32,71000398591,71000398607,71000398627,1,1,1,1,71000398571,71000398583,71000398589,71000398561,71000398563,71000398565,0,0,0,0,0,0,3.5,17045,15010,1.0000295336164438,0.9999704663835562
middle,71000398598,71000398607,9,71000398607,71000398627,71000398649,1,1,1,1,71000398607,71000398613,71000398621,71000398599,71000398601,71000398603,1,1,1,0,0,0,3.5,17045,15010,1.0000295336164438,0.9999704663835562
middle,71000399180,71000399189,9,71000399189,71000399237,71000399243,1,1,1,1,71000399189,71000399191,71000399201,71000399181,71000399183,71000399185,1,1,1,0,0,0,3.5,17045,15010,1.0000295336164438,0.9999704663835562
middle,71000399314,71000399347,33,71000399347,71000399383,71000399441,1,1,1,1,71000399317,71000399321,71000399329,71000399315,71000399317,71000399319,0,0,0,0,0,0,3.5,17045,15010,1.0000295336164438,0.9999704663835562
middle,71000399627,71000399629,2,71000399629,71000399653,71000399671,1,1,1,1,71000399629,71000399633,71000399651,71000399629,71000399631,71000399633,1,1,1,1,1,1,3.5,17045,15010,1.0000295336164438,0.9999704663835562
middle,71000399735,71000399761,26,71000399761,71000399797,71000399863,1,1,1,1,71000399737,71000399741,71000399747,71000399737,71000399739,71000399741,0,0,0,0,0,0,3.5,17045,15010,1.0000295336164438,0.9999704663835562
middle,71000400067,71000400073,6,71000400073,71000400109,71000400127,1,1,1,1,71000400071,71000400073,71000400077,71000400069,71000400071,71000400073,0,1,1,0,0,1,3.5,17045,15010,1.0000295336164438,0.9999704663835562
middle,71000400251,71000400253,2,71000400253,71000400281,71000400307,1,1,1,1,71000400253,71000400257,71000400259,71000400253,71000400255,71000400257,1,1,1,1,1,1,3.5,17045,15010,1.0000295336164438,0.9999704663835562
middle,71000400329,71000400337,8,71000400337,71000400347,71000400437,1,1,1,1,71000400337,71000400347,71000400349,71000400331,71000400333,71000400335,1,1,1,0,0,0,3.5,17045,15010,1.0000295336164438,0.9999704663835562
middle,71000400393,71000400437,44,71000400437,71000400467,71000400473,1,1,1,1,71000400403,71000400407,71000400409,71000400395,71000400397,71000400399,0,0,0,0,0,0,3.5,17045,15010,1.0000295336164438,0.9999704663835562
middle,71000400528,71000400637,109,71000400637,71000400659,71000400661,1,1,1,1,71000400529,71000400539,71000400547,71000400529,71000400531,71000400533,0,0,0,0,0,0,3.5,17045,15010,1.0000295336164438,0.9999704663835562
middle,71000401157,71000401163,6,71000401163,71000401177,71000401189,1,1,1,1,71000401159,71000401163,71000401169,71000401159,71000401161,71000401163,0,1,1,0,0,1,3.5,17045,15010,1.0000295336164438,0.9999704663835562
middle,71000401601,71000401603,2,71000401603,71000401613,71000401627,1,1,1,1,71000401603,71000401607,71000401613,71000401603,71000401605,71000401607,1,1,1,1,1,1,3.5,17045,15010,1.0000295336164438,0.9999704663835562
middle,71000401739,71000401783,44,71000401783,71000401837,71000401889,1,1,1,1,71000401741,71000401751,71000401753,71000401741,71000401743,71000401745,0,0,0,0,0,0,3.5,17045,15010,1.0000295336164438,0.9999704663835562
middle,71000401966,71000401981,15,71000401981,71000401991,71000401993,1,1,1,1,71000401973,71000401981,71000401987,71000401967,71000401969,71000401971,0,1,1,0,0,0,3.5,17045,15010,1.0000295336164438,0.9999704663835562
middle,71000402055,71000402071,16,71000402071,71000402101,71000402153,1,1,1,1,71000402059,71000402071,71000402087,71000402057,71000402059,71000402061,0,1,1,0,0,0,3.5,17045,15010,1.0000295336164438,0.9999704663835562
middle,71000402140,71000402153,13,71000402153,71000402219,71000402237,1,1,1,1,71000402147,71000402153,71000402159,71000402141,71000402143,71000402145,0,1,1,0,0,0,3.5,17045,15010,1.0000295336164438,0.9999704663835562
middle,71000402340,71000402359,19,71000402359,71000402387,71000402393,1,1,1,1,71000402351,71000402353,71000402357,71000402341,71000402343,71000402345,0,0,0,0,0,0,3.5,17045,15010,1.0000295336164438,0.9999704663835562
middle,71000402397,71000402411,14,71000402411,71000402413,71000402479,1,1,1,1,71000402399,71000402401,71000402411,71000402399,71000402401,71000402403,0,0,1,0,0,0,3.5,17045,15010,1.0000295336164438,0.9999704663835562
middle,71000402399,71000402411,12,71000402411,71000402413,71000402479,1,1,1,1,71000402401,71000402411,71000402413,71000402401,71000402403,71000402405,0,1,1,0,0,0,3.5,17045,15010,1.0000295336164438,0.9999704663835562
middle,71000402457,71000402479,22,71000402479,71000402569,71000402587,1,1,1,1,71000402461,71000402467,71000402477,71000402459,71000402461,71000402463,0,0,0,0,0,0,3.5,17045,15010,1.0000295336164438,0.9999704663835562
middle,71000402474,71000402479,5,71000402479,71000402569,71000402587,1,1,1,1,71000402477,71000402479,71000402497,71000402475,71000402477,71000402479,0,1,1,0,0,1,3.5,17045,15010,1.0000295336164438,0.9999704663835562
middle,71000402897,71000402959,62,71000402959,71000402983,71000403037,1,1,1,1,71000402899,71000402903,71000402911,71000402899,71000402901,71000402903,0,0,0,0,0,0,3.5,17045,15010,1.0000295336164438,0.9999704663835562
middle,71000403445,71000403499,54,71000403499,71000403557,71000403571,1,1,1,1,71000403451,71000403469,71000403473,71000403447,71000403449,71000403451,0,0,0,0,0,0,3.5,17045,15010,1.0000295336164438,0.9999704663835562
middle,71000403906,71000403917,11,71000403917,71000403923,71000403937,1,1,1,1,71000403907,71000403911,71000403913,71000403907,71000403909,71000403911,0,0,0,0,0,0,3.5,17045,15010,1.0000295336164438,0.9999704663835562
middle,71000403987,71000404031,44,71000404031,71000404051,71000404067,1,1,1,1,71000403989,71000404003,71000404009,71000403989,71000403991,71000403993,0,0,0,0,0,0,3.5,17045,15010,1.0000295336164438,0.9999704663835562
middle,71000404281,71000404291,10,71000404291,71000404331,71000404379,1,1,1,1,71000404283,71000404289,71000404291,71000404283,71000404285,71000404287,0,0,1,0,0,0,3.5,17045,15010,1.0000295336164438,0.9999704663835562
middle,71000404424,71000404439,15,71000404439,71000404451,71000404459,1,1,1,1,71000404427,71000404439,71000404441,71000404425,71000404427,71000404429,0,1,1,0,0,0,3.5,17045,15010,1.0000295336164438,0.9999704663835562
middle,71000404810,71000404819,9,71000404819,71000404837,71000404841,1,1,1,1,71000404819,71000404823,71000404831,71000404811,71000404813,71000404815,1,1,1,0,0,0,3.5,17045,15010,1.0000295336164438,0.9999704663835562
middle,71000405391,71000405459,68,71000405459,71000405467,71000405507,1,1,1,1,71000405393,71000405401,71000405407,71000405393,71000405395,71000405397,0,0,0,0,0,0,3.5,17045,15010,1.0000295336164438,0.9999704663835562
middle,71000405586,71000405591,5,71000405591,71000405603,71000405617,1,1,1,1,71000405587,71000405591,71000405603,71000405587,71000405589,71000405591,0,1,1,0,0,1,3.5,17045,15010,1.0000295336164438,0.9999704663835562
middle,71000405607,71000405617,10,71000405617,71000405629,71000405689,1,1,1,1,71000405617,71000405627,71000405629,71000405609,71000405611,71000405613,1,1,1,0,0,0,3.5,17045,15010,1.0000295336164438,0.9999704663835562
middle,71000405724,71000405731,7,71000405731,71000405767,71000405771,1,1,1,1,71000405731,71000405741,71000405743,71000405725,71000405727,71000405729,1,1,1,0,0,0,3.5,17045,15010,1.0000295336164438,0.9999704663835562
middle,71000405769,71000405771,2,71000405771,71000405789,71000405821,1,1,1,1,71000405771,71000405779,71000405783,71000405771,71000405773,71000405775,1,1,1,1,1,1,3.5,17045,15010,1.0000295336164438,0.9999704663835562
middle,71000406540,71000406541,1,71000406541,71000406569,71000406599,1,1,1,1,71000406541,71000406553,71000406559,71000406541,71000406543,71000406545,1,1,1,1,1,1,3.5,17045,15010,1.0000295336164438,0.9999704663835562
middle,71000406748,71000406773,25,71000406773,71000406779,71000406803,1,1,1,1,71000406749,71000406751,71000406767,71000406749,71000406751,71000406753,0,0,0,0,0,0,3.5,17045,15010,1.0000295336164438,0.9999704663835562
middle,71000406903,71000406949,46,71000406949,71000407001,71000407007,1,1,1,1,71000406907,71000406913,71000406923,71000406905,71000406907,71000406909,0,0,0,0,0,0,3.5,17045,15010,1.0000295336164438,0.9999704663835562
middle,71000407802,71000407859,57,71000407853,71000407859,71000407897,2,0,1,1,71000407813,71000407817,71000407823,71000407803,71000407805,71000407807,0,0,0,0,0,0,3.5,17045,15010,1.0000295336164438,0.9999704663835562
middle,71000408280,71000408287,7,71000408287,71000408317,71000408377,1,1,1,1,71000408287,71000408291,71000408293,71000408281,71000408283,71000408285,1,1,1,0,0,0,3.5,17045,15010,1.0000295336164438,0.9999704663835562
middle,71000408890,71000408911,21,71000408911,71000408917,71000408933,1,1,1,1,71000408891,71000408893,71000408903,71000408891,71000408893,71000408895,0,0,0,0,0,0,3.5,17045,15010,1.0000295336164438,0.9999704663835562
middle,71000409006,71000409041,35,71000409041,71000409089,71000409091,1,1,1,1,71000409013,71000409017,71000409019,71000409007,71000409009,71000409011,0,0,0,0,0,0,3.5,17045,15010,1.0000295336164438,0.9999704663835562
middle,71000409301,71000409323,22,71000409323,71000409367,71000409409,1,1,1,1,71000409307,71000409313,71000409317,71000409303,71000409305,71000409307,0,0,0,0,0,0,3.5,17045,15010,1.0000295336164438,0.9999704663835562
middle,71000409389,71000409409,20,71000409409,71000409413,71000409419,1,1,1,1,71000409397,71000409401,71000409409,71000409391,71000409393,71000409395,0,0,1,0,0,0,3.5,17045,15010,1.0000295336164438,0.9999704663835562
middle,71000409425,71000409433,8,71000409433,71000409523,71000409541,1,1,1,1,71000409427,71000409433,71000409437,71000409427,71000409429,71000409431,0,1,1,0,0,0,3.5,17045,15010,1.0000295336164438,0.9999704663835562
middle,71000409436,71000409523,87,71000409523,71000409541,71000409553,1,1,1,1,71000409437,71000409439,71000409443,71000409437,71000409439,71000409441,0,0,0,0,0,0,3.5,17045,15010,1.0000295336164438,0.9999704663835562
middle,71000409543,71000409553,10,71000409553,71000409589,71000409619,1,1,1,1,71000409547,71000409551,71000409553,71000409545,71000409547,71000409549,0,0,1,0,0,0,3.5,17045,15010,1.0000295336164438,0.9999704663835562
middle,71000409777,71000409817,40,71000409817,71000409839,71000409847,1,1,1,1,71000409791,71000409793,71000409803,71000409779,71000409781,71000409783,0,0,0,0,0,0,3.5,17045,15010,1.0000295336164438,0.9999704663835562
middle,71000410043,71000410067,24,71000410067,71000410093,71000410097,1,1,1,1,71000410049,71000410051,71000410057,71000410045,71000410047,71000410049,0,0,0,0,0,0,3.5,17045,15010,1.0000295336164438,0.9999704663835562
middle,71000410104,71000410177,73,71000410177,71000410181,71000410183,1,1,1,1,71000410109,71000410111,71000410123,71000410105,71000410107,71000410109,0,0,0,0,0,0,3.5,17045,15010,1.0000295336164438,0.9999704663835562
middle,71000410256,71000410277,21,71000410277,71000410289,71000410307,1,1,1,1,71000410259,71000410267,71000410277,71000410257,71000410259,71000410261,0,0,1,0,0,0,3.5,17045,15010,1.0000295336164438,0.9999704663835562
middle,71000410375,71000410387,12,71000410387,71000410399,71000410417,1,1,1,1,71000410379,71000410381,71000410387,71000410377,71000410379,71000410381,0,0,1,0,0,0,3.5,17045,15010,1.0000295336164438,0.9999704663835562
middle,71000410418,71000410447,29,71000410447,71000410463,71000410477,1,1,1,1,71000410421,71000410423,71000410447,71000410419,71000410421,71000410423,0,0,1,0,0,0,3.5,17045,15010,1.0000295336164438,0.9999704663835562
middle,71000410427,71000410447,20,71000410447,71000410463,71000410477,1,1,1,1,71000410447,71000410451,71000410457,71000410429,71000410431,71000410433,1,1,1,0,0,0,3.5,17045,15010,1.0000295336164438,0.9999704663835562
middle,71000410495,71000410589,94,71000410549,71000410589,71000410651,2,0,1,1,71000410499,71000410501,71000410511,71000410497,71000410499,71000410501,0,0,0,0,0,0,3.5,17045,15010,1.0000295336164438,0.9999704663835562
middle,71000410511,71000410589,78,71000410549,71000410589,71000410651,2,0,1,1,71000410513,71000410517,71000410519,71000410513,71000410515,71000410517,0,0,0,0,0,0,3.5,17045,15010,1.0000295336164438,0.9999704663835562
middle,71000411836,71000411863,27,71000411863,71000411869,71000411879,1,1,1,1,71000411837,71000411843,71000411849,71000411837,71000411839,71000411841,0,0,0,0,0,0,3.5,17045,15010,1.0000295336164438,0.9999704663835562
middle,71000411995,71000412017,22,71000412017,71000412023,71000412073,1,1,1,1,71000412011,71000412013,71000412017,71000411997,71000411999,71000412001,0,0,1,0,0,0,3.5,17045,15010,1.0000295336164438,0.9999704663835562
middle,71000412132,71000412139,7,71000412139,71000412157,71000412169,1,1,1,1,71000412137,71000412139,71000412149,71000412133,71000412135,71000412137,0,1,1,0,0,0,3.5,17045,15010,1.0000295336164438,0.9999704663835562
middle,71000412531,71000412551,20,71000412551,71000412563,71000412611,1,1,1,1,71000412533,71000412541,71000412547,71000412533,71000412535,71000412537,0,0,0,0,0,0,3.5,17045,15010,1.0000295336164438,0.9999704663835562
middle,71000412543,71000412551,8,71000412551,71000412563,71000412611,1,1,1,1,71000412547,71000412551,71000412559,71000412545,71000412547,71000412549,0,1,1,0,0,0,3.5,17045,15010,1.0000295336164438,0.9999704663835562
middle,71000412863,71000412877,14,71000412877,71000412907,71000412937,1,1,1,1,71000412869,71000412877,71000412881,71000412865,71000412867,71000412869,0,1,1,0,0,0,3.5,17045,15010,1.0000295336164438,0.9999704663835562
middle,71000413039,71000413067,28,71000413067,71000413069,71000413073,1,1,1,1,71000413049,71000413051,71000413061,71000413041,71000413043,71000413045,0,0,0,0,0,0,3.5,17045,15010,1.0000295336164438,0.9999704663835562
middle,71000413184,71000413189,5,71000413189,71000413193,71000413199,1,1,1,1,71000413189,71000413193,71000413199,71000413185,71000413187,71000413189,1,1,1,0,0,1,3.5,17045,15010,1.0000295336164438,0.9999704663835562
middle,71000413391,71000413409,18,71000413409,71000413493,71000413499,1,1,1,1,71000413399,71000413403,71000413409,71000413393,71000413395,71000413397,0,0,1,0,0,0,3.5,17045,15010,1.0000295336164438,0.9999704663835562
middle,71000413821,71000413907,86,71000413849,71000413877,71000413907,3,0,0,1,71000413823,71000413829,71000413831,71000413823,71000413825,71000413827,0,0,0,0,0,0,3.5,17045,15010,1.0000295336164438,0.9999704663835562
middle,71000413850,71000413907,57,71000413877,71000413907,71000413927,2,0,1,1,71000413859,71000413867,71000413871,71000413851,71000413853,71000413855,0,0,0,0,0,0,3.5,17045,15010,1.0000295336164438,0.9999704663835562
middle,71000413900,71000413907,7,71000413907,71000413927,71000413949,1,1,1,1,71000413901,71000413903,71000413907,71000413901,71000413903,71000413905,0,0,1,0,0,0,3.5,17045,15010,1.0000295336164438,0.9999704663835562
middle,71000414427,71000414431,4,71000414431,71000414491,71000414503,1,1,1,1,71000414431,71000414447,71000414449,71000414429,71000414431,71000414433,1,1,1,0,1,1,3.5,17045,15010,1.0000295336164438,0.9999704663835562
middle,71000414553,71000414557,4,71000414557,71000414579,71000414591,1,1,1,1,71000414557,71000414561,71000414567,71000414555,71000414557,71000414559,1,1,1,0,1,1,3.5,17045,15010,1.0000295336164438,0.9999704663835562
middle,71000414618,71000414657,39,71000414657,71000414713,71000414731,1,1,1,1,71000414621,71000414623,71000414629,71000414619,71000414621,71000414623,0,0,0,0,0,0,3.5,17045,15010,1.0000295336164438,0.9999704663835562
middle,71000414790,71000414801,11,71000414801,71000414833,71000414851,1,1,1,1,71000414791,71000414801,71000414809,71000414791,71000414793,71000414795,0,1,1,0,0,0,3.5,17045,15010,1.0000295336164438,0.9999704663835562
middle,71000415007,71000415011,4,71000415011,71000415019,71000415037,1,1,1,1,71000415011,71000415019,71000415023,71000415009,71000415011,71000415013,1,1,1,0,1,1,3.5,17045,15010,1.0000295336164438,0.9999704663835562
middle,71000415853,71000415949,96,71000415931,71000415949,71000415977,2,0,1,1,71000415859,71000415877,71000415881,71000415855,71000415857,71000415859,0,0,0,0,0,0,3.5,17045,15010,1.0000295336164438,0.9999704663835562
middle,71000416000,71000416043,43,71000416043,71000416087,71000416163,1,1,1,1,71000416001,71000416009,71000416013,71000416001,71000416003,71000416005,0,0,0,0,0,0,3.5,17045,15010,1.0000295336164438,0.9999704663835562
middle,71000416245,71000416261,16,71000416261,71000416301,71000416367,1,1,1,1,71000416259,71000416261,71000416271,71000416247,71000416249,71000416251,0,1,1,0,0,0,3.5,17045,15010,1.0000295336164438,0.9999704663835562
middle,71000416512,71000416517,5,71000416517,71000416519,71000416537,1,1,1,1,71000416517,71000416519,71000416523,71000416513,71000416515,71000416517,1,1,1,0,0,1,3.5,17045,15010,1.0000295336164438,0.9999704663835562
middle,71000416582,71000416609,27,71000416609,71000416657,71000416691,1,1,1,1,71000416601,71000416603,71000416607,71000416583,71000416585,71000416587,0,0,0,0,0,0,3.5,17045,15010,1.0000295336164438,0.9999704663835562
middle,71000416663,71000416691,28,71000416691,71000416733,71000416793,1,1,1,1,71000416667,71000416673,71000416679,71000416665,71000416667,71000416669,0,0,0,0,0,0,3.5,17045,15010,1.0000295336164438,0.9999704663835562
middle,71000416678,71000416691,13,71000416691,71000416733,71000416793,1,1,1,1,71000416679,71000416681,71000416687,71000416679,71000416681,71000416683,0,0,0,0,0,0,3.5,17045,15010,1.0000295336164438,0.9999704663835562
middle,71000416899,71000416939,40,71000416939,71000416979,71000416997,1,1,1,1,71000416901,71000416909,71000416913,71000416901,71000416903,71000416905,0,0,0,0,0,0,3.5,17045,15010,1.0000295336164438,0.9999704663835562
middle,71000417497,71000417597,100,71000417503,71000417573,71000417597,3,0,0,1,71000417503,71000417507,71000417513,71000417499,71000417501,71000417503,0,0,0,0,0,0,3.5,17045,15010,1.0000295336164438,0.9999704663835562
middle,71000417542,71000417597,55,71000417573,71000417597,71000417611,2,0,1,1,71000417549,71000417557,71000417561,71000417543,71000417545,71000417547,0,0,0,0,0,0,3.5,17045,15010,1.0000295336164438,0.9999704663835562
middle,71000417912,71000417981,69,71000417981,71000417989,71000418061,1,1,1,1,71000417921,71000417923,71000417927,71000417913,71000417915,71000417917,0,0,0,0,0,0,3.5,17045,15010,1.0000295336164438,0.9999704663835562
middle,71000417960,71000417981,21,71000417981,71000417989,71000418061,1,1,1,1,71000417963,71000417977,71000417981,71000417961,71000417963,71000417965,0,0,1,0,0,0,3.5,17045,15010,1.0000295336164438,0.9999704663835562
middle,71000418086,71000418101,15,71000418101,71000418113,71000418127,1,1,1,1,71000418089,71000418101,71000418103,71000418087,71000418089,71000418091,0,1,1,0,0,0,3.5,17045,15010,1.0000295336164438,0.9999704663835562
middle,71000418555,71000418563,8,71000418563,71000418581,71000418611,1,1,1,1,71000418557,71000418563,71000418569,71000418557,71000418559,71000418561,0,1,1,0,0,0,3.5,17045,15010,1.0000295336164438,0.9999704663835562
middle,71000418617,71000418631,14,71000418631,71000418637,71000418667,1,1,1,1,71000418623,71000418631,71000418637,71000418619,71000418621,71000418623,0,1,1,0,0,0,3.5,17045,15010,1.0000295336164438,0.9999704663835562
middle,71000418652,71000418667,15,71000418667,71000418703,71000418737,1,1,1,1,71000418653,71000418659,71000418661,71000418653,71000418655,71000418657,0,0,0,0,0,0,3.5,17045,15010,1.0000295336164438,0.9999704663835562
middle,71000419103,71000419111,8,71000419111,71000419153,71000419159,1,1,1,1,71000419109,71000419111,71000419117,71000419105,71000419107,71000419109,0,1,1,0,0,0,3.5,17045,15010,1.0000295336164438,0.9999704663835562
middle,71000419377,71000419429,52,71000419429,71000419459,71000419463,1,1,1,1,71000419379,71000419381,71000419387,71000419379,71000419381,71000419383,0,0,0,0,0,0,3.5,17045,15010,1.0000295336164438,0.9999704663835562
middle,71000419566,71000419619,53,71000419619,71000419621,71000419639,1,1,1,1,71000419571,71000419577,71000419579,71000419567,71000419569,71000419571,0,0,0,0,0,0,3.5,17045,15010,1.0000295336164438,0.9999704663835562
middle,71000419892,71000419909,17,71000419909,71000419969,71000420033,1,1,1,1,71000419901,71000419907,71000419909,71000419893,71000419895,71000419897,0,0,1,0,0,0,3.5,17045,15010,1.0000295336164438,0.9999704663835562
middle,71000420201,71000420317,116,71000420317,71000420399,71000420401,1,1,1,1,71000420203,71000420207,71000420209,71000420203,71000420205,71000420207,0,0,0,0,0,0,3.5,17045,15010,1.0000295336164438,0.9999704663835562
middle,71000420305,71000420317,12,71000420317,71000420399,71000420401,1,1,1,1,71000420311,71000420317,71000420327,71000420307,71000420309,71000420311,0,1,1,0,0,0,3.5,17045,15010,1.0000295336164438,0.9999704663835562
middle,71000420473,71000420507,34,71000420501,71000420507,71000420531,2,0,1,1,71000420479,71000420483,71000420489,71000420475,71000420477,71000420479,0,0,0,0,0,0,3.5,17045,15010,1.0000295336164438,0.9999704663835562
middle,71000420512,71000420531,19,71000420531,71000420563,71000420587,1,1,1,1,71000420521,71000420531,71000420537,71000420513,71000420515,71000420517,0,1,1,0,0,0,3.5,17045,15010,1.0000295336164438,0.9999704663835562
middle,71000420879,71000420927,48,71000420927,71000420951,71000421007,1,1,1,1,71000420891,71000420893,71000420903,71000420881,71000420883,71000420885,0,0,0,0,0,0,3.5,17045,15010,1.0000295336164438,0.9999704663835562
middle,71000421494,71000421497,3,71000421497,71000421521,71000421533,1,1,1,1,71000421497,71000421509,71000421517,71000421495,71000421497,71000421499,1,1,1,0,1,1,3.5,17045,15010,1.0000295336164438,0.9999704663835562
middle,71000421509,71000421521,12,71000421521,71000421533,71000421587,1,1,1,1,71000421517,71000421521,71000421523,71000421511,71000421513,71000421515,0,1,1,0,0,0,3.5,17045,15010,1.0000295336164438,0.9999704663835562
middle,71000421582,71000421587,5,71000421587,71000421599,71000421601,1,1,1,1,71000421587,71000421589,71000421593,71000421583,71000421585,71000421587,1,1,1,0,0,1,3.5,17045,15010,1.0000295336164438,0.9999704663835562
middle,71000421777,71000421781,4,71000421781,71000421799,71000421809,1,1,1,1,71000421781,71000421787,71000421797,71000421779,71000421781,71000421783,1,1,1,0,1,1,3.5,17045,15010,1.0000295336164438,0.9999704663835562
middle,71000421875,71000421907,32,71000421893,71000421907,71000421913,2,0,1,1,71000421881,71000421883,71000421887,71000421877,71000421879,71000421881,0,0,0,0,0,0,3.5,17045,15010,1.0000295336164438,0.9999704663835562
middle,71000422073,71000422091,18,71000422091,71000422109,71000422117,1,1,1,1,71000422081,71000422091,71000422109,71000422075,71000422077,71000422079,0,1,1,0,0,0,3.5,17045,15010,1.0000295336164438,0.9999704663835562
middle,71000422144,71000422153,9,71000422153,71000422219,71000422223,1,1,1,1,71000422147,71000422153,71000422159,71000422145,71000422147,71000422149,0,1,1,0,0,0,3.5,17045,15010,1.0000295336164438,0.9999704663835562
middle,71000423026,71000423033,7,71000423033,71000423057,71000423119,1,1,1,1,71000423027,71000423029,71000423033,71000423027,71000423029,71000423031,0,0,1,0,0,0,3.5,17045,15010,1.0000295336164438,0.9999704663835562
middle,71000423167,71000423189,22,71000423189,71000423213,71000423227,1,1,1,1,71000423171,71000423173,71000423189,71000423169,71000423171,71000423173,0,0,1,0,0,0,3.5,17045,15010,1.0000295336164438,0.9999704663835562
middle,71000423195,71000423213,18,71000423213,71000423227,71000423233,1,1,1,1,71000423203,71000423209,71000423213,71000423197,71000423199,71000423201,0,0,1,0,0,0,3.5,17045,15010,1.0000295336164438,0.9999704663835562
middle,71000423621,71000423651,30,71000423651,71000423671,71000423729,1,1,1,1,71000423623,71000423629,71000423633,71000423623,71000423625,71000423627,0,0,0,0,0,0,3.5,17045,15010,1.0000295336164438,0.9999704663835562
middle,71000424036,71000424059,23,71000424059,71000424067,71000424073,1,1,1,1,71000424041,71000424043,71000424049,71000424037,71000424039,71000424041,0,0,0,0,0,0,3.5,17045,15010,1.0000295336164438,0.9999704663835562
middle,71000424229,71000424233,4,71000424233,71000424259,71000424263,1,1,1,1,71000424233,71000424247,71000424251,71000424231,71000424233,71000424235,1,1,1,0,1,1,3.5,17045,15010,1.0000295336164438,0.9999704663835562
middle,71000424260,71000424281,21,71000424263,71000424281,71000424301,2,0,1,1,71000424263,71000424269,71000424277,71000424261,71000424263,71000424265,0,0,0,0,0,0,3.5,17045,15010,1.0000295336164438,0.9999704663835562
middle,71000424867,71000424883,16,71000424881,71000424883,71000424889,2,0,1,1,71000424871,71000424881,71000424883,71000424869,71000424871,71000424873,0,0,1,0,0,0,3.5,17045,15010,1.0000295336164438,0.9999704663835562
middle,71000425626,71000425649,23,71000425649,71000425673,71000425697,1,1,1,1,71000425627,71000425637,71000425649,71000425627,71000425629,71000425631,0,0,1,0,0,0,3.5,17045,15010,1.0000295336164438,0.9999704663835562
middle,71000425891,71000425907,16,71000425907,71000425913,71000425927,1,1,1,1,71000425901,71000425907,71000425913,71000425893,71000425895,71000425897,0,1,1,0,0,0,3.5,17045,15010,1.0000295336164438,0.9999704663835562
middle,71000425934,71000425957,23,71000425957,71000425963,71000426023,1,1,1,1,71000425939,71000425949,71000425957,71000425935,71000425937,71000425939,0,0,1,0,0,0,3.5,17045,15010,1.0000295336164438,0.9999704663835562
middle,71000426250,71000426257,7,71000426257,71000426293,71000426353,1,1,1,1,71000426251,71000426257,71000426261,71000426251,71000426253,71000426255,0,1,1,0,0,0,3.5,17045,15010,1.0000295336164438,0.9999704663835562
middle,71000426529,71000426533,4,71000426533,71000426551,71000426569,1,1,1,1,71000426531,71000426533,71000426537,71000426531,71000426533,71000426535,0,1,1,0,1,1,3.5,17045,15010,1.0000295336164438,0.9999704663835562
middle,71000427128,71000427137,9,71000427137,71000427167,71000427181,1,1,1,1,71000427131,71000427133,71000427137,71000427129,71000427131,71000427133,0,0,1,0,0,0,3.5,17045,15010,1.0000295336164438,0.9999704663835562
middle,71000427302,71000427317,15,71000427317,71000427331,71000427383,1,1,1,1,71000427307,71000427317,71000427319,71000427303,71000427305,71000427307,0,1,1,0,0,0,3.5,17045,15010,1.0000295336164438,0.9999704663835562
middle,71000427967,71000427983,16,71000427983,71000428003,71000428007,1,1,1,1,71000427973,71000427977,71000427983,71000427969,71000427971,71000427973,0,0,1,0,0,0,3.5,17045,15010,1.0000295336164438,0.9999704663835562
middle,71000428492,71000428501,9,71000428501,71000428523,71000428571,1,1,1,1,71000428493,71000428501,71000428507,71000428493,71000428495,71000428497,0,1,1,0,0,0,3.5,17045,15010,1.0000295336164438,0.9999704663835562
middle,71000428606,71000428619,13,71000428619,71000428621,71000428669,1,1,1,1,71000428607,71000428613,71000428619,71000428607,71000428609,71000428611,0,0,1,0,0,0,3.5,17045,15010,1.0000295336164438,0.9999704663835562
middle,71000428702,71000428729,27,71000428729,71000428747,71000428757,1,1,1,1,71000428717,71000428721,71000428727,71000428703,71000428705,71000428707,0,0,0,0,0,0,3.5,17045,15010,1.0000295336164438,0.9999704663835562
middle,71000428815,71000428817,2,71000428817,71000428847,71000428861,1,1,1,1,71000428817,71000428819,71000428823,71000428817,71000428819,71000428821,1,1,1,1,1,1,3.5,17045,15010,1.0000295336164438,0.9999704663835562
middle,71000429973,71000430073,100,71000430073,71000430089,71000430107,1,1,1,1,71000429987,71000429989,71000429993,71000429975,71000429977,71000429979,0,0,0,0,0,0,3.5,17045,15010,1.0000295336164438,0.9999704663835562
middle,71000430114,71000430157,43,71000430157,71000430253,71000430289,1,1,1,1,71000430119,71000430121,71000430131,71000430115,71000430117,71000430119,0,0,0,0,0,0,3.5,17045,15010,1.0000295336164438,0.9999704663835562
middle,71000430174,71000430253,79,71000430253,71000430289,71000430299,1,1,1,1,71000430187,71000430191,71000430197,71000430175,71000430177,71000430179,0,0,0,0,0,0,3.5,17045,15010,1.0000295336164438,0.9999704663835562
middle,71000430562,71000430659,97,71000430659,71000430671,71000430679,1,1,1,1,71000430563,71000430569,71000430577,71000430563,71000430565,71000430567,0,0,0,0,0,0,3.5,17045,15010,1.0000295336164438,0.9999704663835562
middle,71000431055,71000431069,14,71000431069,71000431091,71000431093,1,1,1,1,71000431057,71000431063,71000431069,71000431057,71000431059,71000431061,0,0,1,0,0,0,3.5,17045,15010,1.0000295336164438,0.9999704663835562
middle,71000431064,71000431069,5,71000431069,71000431091,71000431093,1,1,1,1,71000431069,71000431079,71000431081,71000431065,71000431067,71000431069,1,1,1,0,0,1,3.5,17045,15010,1.0000295336164438,0.9999704663835562
middle,71000431086,71000431091,5,71000431091,71000431093,71000431169,1,1,1,1,71000431087,71000431091,71000431093,71000431087,71000431089,71000431091,0,1,1,0,0,1,3.5,17045,15010,1.0000295336164438,0.9999704663835562
middle,71000431545,71000431553,8,71000431553,71000431559,71000431577,1,1,1,1,71000431549,71000431553,71000431559,71000431547,71000431549,71000431551,0,1,1,0,0,0,3.5,17045,15010,1.0000295336164438,0.9999704663835562
middle,71000431614,71000431631,17,71000431631,71000431681,71000431687,1,1,1,1,71000431627,71000431631,71000431633,71000431615,71000431617,71000431619,0,1,1,0,0,0,3.5,17045,15010,1.0000295336164438,0.9999704663835562
middle,71000431830,71000431861,31,71000431861,71000431871,71000431937,1,1,1,1,71000431841,71000431849,71000431861,71000431831,71000431833,71000431835,0,0,1,0,0,0,3.5,17045,15010,1.0000295336164438,0.9999704663835562
middle,71000432143,71000432147,4,71000432147,71000432189,71000432197,1,1,1,1,71000432147,71000432149,71000432159,71000432145,71000432147,71000432149,1,1,1,0,1,1,3.5,17045,15010,1.0000295336164438,0.9999704663835562
middle,71000432815,71000432819,4,71000432819,71000432857,71000432869,1,1,1,1,71000432819,71000432821,71000432827,71000432817,71000432819,71000432821,1,1,1,0,1,1,3.5,17045,15010,1.0000295336164438,0.9999704663835562
middle,71000432961,71000432989,28,71000432989,71000433013,71000433047,1,1,1,1,71000432963,71000432977,71000432983,71000432963,71000432965,71000432967,0,0,0,0,0,0,3.5,17045,15010,1.0000295336164438,0.9999704663835562
middle,71000433071,71000433107,36,71000433107,71000433131,71000433151,1,1,1,1,71000433079,71000433083,71000433089,71000433073,71000433075,71000433077,0,0,0,0,0,0,3.5,17045,15010,1.0000295336164438,0.9999704663835562
middle,71000434385,71000434471,86,71000434409,71000434471,71000434481,2,0,1,1,71000434387,71000434391,71000434399,71000434387,71000434389,71000434391,0,0,0,0,0,0,3.5,17045,15010,1.0000295336164438,0.9999704663835562
middle,71000434486,71000434511,25,71000434511,71000434517,71000434523,1,1,1,1,71000434489,71000434493,71000434501,71000434487,71000434489,71000434491,0,0,0,0,0,0,3.5,17045,15010,1.0000295336164438,0.9999704663835562
middle,71000434632,71000434633,1,71000434633,71000434663,71000434691,1,1,1,1,71000434633,71000434643,71000434649,71000434633,71000434635,71000434637,1,1,1,1,1,1,3.5,17045,15010,1.0000295336164438,0.9999704663835562
middle,71000435149,71000435161,12,71000435161,71000435237,71000435243,1,1,1,1,71000435153,71000435159,71000435161,71000435151,71000435153,71000435155,0,0,1,0,0,0,3.5,17045,15010,1.0000295336164438,0.9999704663835562
middle,71000435241,71000435243,2,71000435243,71000435257,71000435291,1,1,1,1,71000435243,71000435249,71000435251,71000435243,71000435245,71000435247,1,1,1,1,1,1,3.5,17045,15010,1.0000295336164438,0.9999704663835562
middle,71000435483,71000435497,14,71000435497,71000435503,71000435507,1,1,1,1,71000435489,71000435497,71000435501,71000435485,71000435487,71000435489,0,1,1,0,0,0,3.5,17045,15010,1.0000295336164438,0.9999704663835562
middle,71000435836,71000435843,7,71000435843,71000435881,71000435887,1,1,1,1,71000435837,71000435843,71000435851,71000435837,71000435839,71000435841,0,1,1,0,0,0,3.5,17045,15010,1.0000295336164438,0.9999704663835562
middle,71000436004,71000436019,15,71000436019,71000436037,71000436041,1,1,1,1,71000436011,71000436019,71000436037,71000436005,71000436007,71000436009,0,1,1,0,0,0,3.5,17045,15010,1.0000295336164438,0.9999704663835562
middle,71000436028,71000436037,9,71000436037,71000436041,71000436077,1,1,1,1,71000436037,71000436041,71000436043,71000436029,71000436031,71000436033,1,1,1,0,0,0,3.5,17045,15010,1.0000295336164438,0.9999704663835562
middle,71000436241,71000436259,18,71000436259,71000436281,71000436289,1,1,1,1,71000436251,71000436253,71000436257,71000436243,71000436245,71000436247,0,0,0,0,0,0,3.5,17045,15010,1.0000295336164438,0.9999704663835562
middle,71000436611,71000436659,48,71000436613,71000436659,71000436667,2,0,1,1,71000436613,71000436623,71000436629,71000436613,71000436615,71000436617,0,0,0,0,0,0,3.5,17045,15010,1.0000295336164438,0.9999704663835562
middle,71000437019,71000437063,44,71000437063,71000437073,71000437087,1,1,1,1,71000437021,71000437031,71000437037,71000437021,71000437023,71000437025,0,0,0,0,0,0,3.5,17045,15010,1.0000295336164438,0.9999704663835562
middle,71000437250,71000437309,59,71000437309,71000437349,71000437357,1,1,1,1,71000437267,71000437271,71000437273,71000437251,71000437253,71000437255,0,0,0,0,0,0,3.5,17045,15010,1.0000295336164438,0.9999704663835562
middle,71000438180,71000438189,9,71000438189,71000438233,71000438251,1,1,1,1,71000438183,71000438189,71000438191,71000438181,71000438183,71000438185,0,1,1,0,0,0,3.5,17045,15010,1.0000295336164438,0.9999704663835562
middle,71000438388,71000438417,29,71000438417,71000438447,71000438489,1,1,1,1,71000438389,71000438393,71000438407,71000438389,71000438391,71000438393,0,0,0,0,0,0,3.5,17045,15010,1.0000295336164438,0.9999704663835562
middle,71000439143,71000439151,8,71000439151,71000439173,71000439241,1,1,1,1,71000439149,71000439151,71000439163,71000439145,71000439147,71000439149,0,1,1,0,0,0,3.5,17045,15010,1.0000295336164438,0.9999704663835562
middle,71000439250,71000439337,87,71000439337,71000439371,71000439413,1,1,1,1,71000439253,71000439269,71000439271,71000439251,71000439253,71000439255,0,0,0,0,0,0,3.5,17045,15010,1.0000295336164438,0.9999704663835562
middle,71000439393,71000439413,20,71000439413,71000439437,71000439439,1,1,1,1,71000439397,71000439401,71000439403,71000439395,71000439397,71000439399,0,0,0,0,0,0,3.5,17045,15010,1.0000295336164438,0.9999704663835562
middle,71000439613,71000439619,6,71000439619,71000439649,71000439689,1,1,1,1,71000439619,71000439623,71000439637,71000439615,71000439617,71000439619,1,1,1,0,0,1,3.5,17045,15010,1.0000295336164438,0.9999704663835562
middle,71000439687,71000439689,2,71000439689,71000439707,71000439733,1,1,1,1,71000439689,71000439691,71000439703,71000439689,71000439691,71000439693,1,1,1,1,1,1,3.5,17045,15010,1.0000295336164438,0.9999704663835562
middle,71000440140,71000440141,1,71000440141,71000440193,71000440219,1,1,1,1,71000440141,71000440151,71000440153,71000440141,71000440143,71000440145,1,1,1,1,1,1,3.5,17045,15010,1.0000295336164438,0.9999704663835562
middle,71000440447,71000440457,10,71000440457,71000440507,71000440513,1,1,1,1,71000440451,71000440457,71000440463,71000440449,71000440451,71000440453,0,1,1,0,0,0,3.5,17045,15010,1.0000295336164438,0.9999704663835562
middle,71000441378,71000441387,9,71000441387,71000441419,71000441431,1,1,1,1,71000441381,71000441383,71000441387,71000441379,71000441381,71000441383,0,0,1,0,0,0,3.5,17045,15010,1.0000295336164438,0.9999704663835562
middle,71000441491,71000441497,6,71000441497,71000441527,71000441539,1,1,1,1,71000441497,71000441507,71000441509,71000441493,71000441495,71000441497,1,1,1,0,0,1,3.5,17045,15010,1.0000295336164438,0.9999704663835562
middle,71000441797,71000441807,10,71000441807,71000441839,71000441849,1,1,1,1,71000441801,71000441803,71000441807,71000441799,71000441801,71000441803,0,0,1,0,0,0,3.5,17045,15010,1.0000295336164438,0.9999704663835562
middle,71000441947,71000441969,22,71000441969,71000441971,71000441989,1,1,1,1,71000441957,71000441959,71000441969,71000441949,71000441951,71000441953,0,0,1,0,0,0,3.5,17045,15010,1.0000295336164438,0.9999704663835562
middle,71000442096,71000442167,71,71000442101,71000442167,71000442173,2,0,1,1,71000442101,71000442109,71000442113,71000442097,71000442099,71000442101,0,0,0,0,0,0,3.5,17045,15010,1.0000295336164438,0.9999704663835562
middle,71000442616,71000442661,45,71000442661,71000442701,71000442703,1,1,1,1,71000442629,71000442631,71000442637,71000442617,71000442619,71000442621,0,0,0,0,0,0,3.5,17045,15010,1.0000295336164438,0.9999704663835562
middle,71000442783,71000442791,8,71000442791,71000442817,71000442823,1,1,1,1,71000442787,71000442791,71000442797,71000442785,71000442787,71000442789,0,1,1,0,0,0,3.5,17045,15010,1.0000295336164438,0.9999704663835562
middle,71000443170,71000443211,41,71000443211,71000443219,71000443229,1,1,1,1,71000443177,71000443181,71000443183,71000443171,71000443173,71000443175,0,0,0,0,0,0,3.5,17045,15010,1.0000295336164438,0.9999704663835562
middle,71000443248,71000443277,29,71000443277,71000443427,71000443471,1,1,1,1,71000443249,71000443253,71000443259,71000443249,71000443251,71000443253,0,0,0,0,0,0,3.5,17045,15010,1.0000295336164438,0.9999704663835562
middle,71000443346,71000443427,81,71000443427,71000443471,71000443511,1,1,1,1,71000443351,71000443357,71000443361,71000443347,71000443349,71000443351,0,0,0,0,0,0,3.5,17045,15010,1.0000295336164438,0.9999704663835562
middle,71000443419,71000443427,8,71000443427,71000443471,71000443511,1,1,1,1,71000443421,71000443427,71000443429,71000443421,71000443423,71000443425,0,1,1,0,0,0,3.5,17045,15010,1.0000295336164438,0.9999704663835562
middle,71000443537,71000443609,72,71000443609,71000443643,71000443667,1,1,1,1,71000443541,71000443559,71000443567,71000443539,71000443541,71000443543,0,0,0,0,0,0,3.5,17045,15010,1.0000295336164438,0.9999704663835562
middle,71000443644,71000443667,23,71000443667,71000443673,71000443693,1,1,1,1,71000443649,71000443651,71000443663,71000443645,71000443647,71000443649,0,0,0,0,0,0,3.5,17045,15010,1.0000295336164438,0.9999704663835562
middle,71000443682,71000443693,11,71000443693,71000443711,71000443757,1,1,1,1,71000443687,71000443691,71000443693,71000443683,71000443685,71000443687,0,0,1,0,0,0,3.5,17045,15010,1.0000295336164438,0.9999704663835562
middle,71000443930,71000443937,7,71000443937,71000443991,71000444029,1,1,1,1,71000443931,71000443933,71000443937,71000443931,71000443933,71000443935,0,0,1,0,0,0,3.5,17045,15010,1.0000295336164438,0.9999704663835562
middle,71000443932,71000443937,5,71000443937,71000443991,71000444029,1,1,1,1,71000443933,71000443937,71000443939,71000443933,71000443935,71000443937,0,1,1,0,0,1,3.5,17045,15010,1.0000295336164438,0.9999704663835562
middle,71000444555,71000444591,36,71000444591,71000444623,71000444639,1,1,1,1,71000444561,71000444569,71000444579,71000444557,71000444559,71000444561,0,0,0,0,0,0,3.5,17045,15010,1.0000295336164438,0.9999704663835562
middle,71000444585,71000444591,6,71000444591,71000444623,71000444639,1,1,1,1,71000444587,71000444591,71000444609,71000444587,71000444589,71000444591,0,1,1,0,0,1,3.5,17045,15010,1.0000295336164438,0.9999704663835562
middle,71000444600,71000444623,23,71000444623,71000444639,71000444651,1,1,1,1,71000444609,71000444611,71000444617,71000444601,71000444603,71000444605,0,0,0,0,0,0,3.5,17045,15010,1.0000295336164438,0.9999704663835562
middle,71000444619,71000444623,4,71000444623,71000444639,71000444651,1,1,1,1,71000444621,71000444623,71000444629,71000444621,71000444623,71000444625,0,1,1,0,1,1,3.5,17045,15010,1.0000295336164438,0.9999704663835562
middle,71000445159,71000445221,62,71000445221,71000445251,71000445259,1,1,1,1,71000445161,71000445163,71000445167,71000445161,71000445163,71000445165,0,0,0,0,0,0,3.5,17045,15010,1.0000295336164438,0.9999704663835562
middle,71000445525,71000445533,8,71000445533,71000445547,71000445563,1,1,1,1,71000445533,71000445541,71000445547,71000445527,71000445529,71000445531,1,1,1,0,0,0,3.5,17045,15010,1.0000295336164438,0.9999704663835562
middle,71000446184,71000446213,29,71000446213,71000446217,71000446219,1,1,1,1,71000446189,71000446193,71000446199,71000446185,71000446187,71000446189,0,0,0,0,0,0,3.5,17045,15010,1.0000295336164438,0.9999704663835562
middle,71000447230,71000447267,37,71000447267,71000447269,71000447347,1,1,1,1,71000447233,71000447237,71000447239,71000447231,71000447233,71000447235,0,0,0,0,0,0,3.5,17045,15010,1.0000295336164438,0.9999704663835562
middle,71000447344,71000447347,3,71000447347,71000447363,71000447377,1,1,1,1,71000447347,71000447359,71000447363,71000447345,71000447347,71000447349,1,1,1,0,1,1,3.5,17045,15010,1.0000295336164438,0.9999704663835562
middle,71000447483,71000447491,8,71000447491,71000447537,71000447641,1,1,1,1,71000447489,71000447491,71000447501,71000447485,71000447487,71000447489,0,1,1,0,0,0,3.5,17045,15010,1.0000295336164438,0.9999704663835562
middle,71000447898,71000447981,83,71000447981,71000447989,71000448047,1,1,1,1,71000447899,71000447909,71000447911,71000447899,71000447901,71000447903,0,0,0,0,0,0,3.5,17045,15010,1.0000295336164438,0.9999704663835562
middle,71000448001,71000448047,46,71000448047,71000448059,71000448067,1,1,1,1,71000448007,71000448011,71000448017,71000448003,71000448005,71000448007,0,0,0,0,0,0,3.5,17045,15010,1.0000295336164438,0.9999704663835562
middle,71000448140,71000448143,3,71000448143,71000448157,71000448173,1,1,1,1,71000448143,71000448149,71000448151,71000448141,71000448143,71000448145,1,1,1,0,1,1,3.5,17045,15010,1.0000295336164438,0.9999704663835562
middle,71000448249,71000448293,44,71000448293,71000448301,71000448341,1,1,1,1,71000448257,71000448263,71000448271,71000448251,71000448253,71000448255,0,0,0,0,0,0,3.5,17045,15010,1.0000295336164438,0.9999704663835562
middle,71000448572,71000448601,29,71000448601,71000448611,71000448637,1,1,1,1,71000448577,71000448581,71000448583,71000448573,71000448575,71000448577,0,0,0,0,0,0,3.5,17045,15010,1.0000295336164438,0.9999704663835562
middle,71000448708,71000448709,1,71000448709,71000448749,71000448769,1,1,1,1,71000448709,71000448719,71000448721,71000448709,71000448711,71000448713,1,1,1,1,1,1,3.5,17045,15010,1.0000295336164438,0.9999704663835562
middle,71000448861,71000448863,2,71000448863,71000448913,71000448923,1,1,1,1,71000448863,71000448877,71000448887,71000448863,71000448865,71000448867,1,1,1,1,1,1,3.5,17045,15010,1.0000295336164438,0.9999704663835562
middle,71000449048,71000449049,1,71000449049,71000449073,71000449097,1,1,1,1,71000449049,71000449057,71000449061,71000449049,71000449051,71000449053,1,1,1,1,1,1,3.5,17045,15010,1.0000295336164438,0.9999704663835562
middle,71000449645,71000449669,24,71000449669,71000449711,71000449717,1,1,1,1,71000449651,71000449657,71000449661,71000449647,71000449649,71000449651,0,0,0,0,0,0,3.5,17045,15010,1.0000295336164438,0.9999704663835562
middle,71000449779,71000449783,4,71000449783,71000449787,71000449813,1,1,1,1,71000449781,71000449783,71000449787,71000449781,71000449783,71000449785,0,1,1,0,1,1,3.5,17045,15010,1.0000295336164438,0.9999704663835562
middle,71000449944,71000450009,65,71000449999,71000450009,71000450057,2,0,1,1,71000449951,71000449957,71000449963,71000449945,71000449947,71000449949,0,0,0,0,0,0,3.5,17045,15010,1.0000295336164438,0.9999704663835562
middle,71000450035,71000450057,22,71000450057,71000450063,71000450077,1,1,1,1,71000450039,71000450041,71000450051,71000450037,71000450039,71000450041,0,0,0,0,0,0,3.5,17045,15010,1.0000295336164438,0.9999704663835562
middle,71000450086,71000450099,13,71000450099,71000450117,71000450119,1,1,1,1,71000450089,71000450099,71000450111,71000450087,71000450089,71000450091,0,1,1,0,0,0,3.5,17045,15010,1.0000295336164438,0.9999704663835562
middle,71000450148,71000450149,1,71000450149,71000450161,71000450167,1,1,1,1,71000450149,71000450153,71000450159,71000450149,71000450151,71000450153,1,1,1,1,1,1,3.5,17045,15010,1.0000295336164438,0.9999704663835562
middle,71000450353,71000450359,6,71000450359,71000450363,71000450387,1,1,1,1,71000450357,71000450359,71000450363,71000450355,71000450357,71000450359,0,1,1,0,0,1,3.5,17045,15010,1.0000295336164438,0.9999704663835562
middle,71000450382,71000450387,5,71000450387,71000450399,71000450429,1,1,1,1,71000450383,71000450387,71000450393,71000450383,71000450385,71000450387,0,1,1,0,0,1,3.5,17045,15010,1.0000295336164438,0.9999704663835562
middle,71000450436,71000450449,13,71000450449,71000450453,71000450459,1,1,1,1,71000450441,71000450449,71000450453,71000450437,71000450439,71000450441,0,1,1,0,0,0,3.5,17045,15010,1.0000295336164438,0.9999704663835562
middle,71000450486,71000450489,3,71000450489,71000450491,71000450497,1,1,1,1,71000450489,71000450491,71000450497,71000450487,71000450489,71000450491,1,1,1,0,1,1,3.5,17045,15010,1.0000295336164438,0.9999704663835562
middle,71000450553,71000450557,4,71000450557,71000450597,71000450603,1,1,1,1,71000450557,71000450567,71000450569,71000450555,71000450557,71000450559,1,1,1,0,1,1,3.5,17045,15010,1.0000295336164438,0.9999704663835562
middle,71000450611,71000450621,10,71000450621,71000450707,71000450743,1,1,1,1,71000450617,71000450621,71000450623,71000450613,71000450615,71000450617,0,1,1,0,0,0,3.5,17045,15010,1.0000295336164438,0.9999704663835562
middle,71000450715,71000450743,28,71000450743,71000450747,71000450767,1,1,1,1,71000450723,71000450743,71000450747,71000450717,71000450719,71000450721,0,1,1,0,0,0,3.5,17045,15010,1.0000295336164438,0.9999704663835562
middle,71000451633,71000451637,4,71000451637,71000451647,71000451649,1,1,1,1,71000451637,71000451647,71000451649,71000451635,71000451637,71000451639,1,1,1,0,1,1,3.5,17045,15010,1.0000295336164438,0.9999704663835562
middle,71000451668,71000451713,45,71000451713,71000451727,71000451757,1,1,1,1,71000451671,71000451677,71000451679,71000451669,71000451671,71000451673,0,0,0,0,0,0,3.5,17045,15010,1.0000295336164438,0.9999704663835562
middle,71000451715,71000451727,12,71000451727,71000451757,71000451787,1,1,1,1,71000451719,71000451721,71000451727,71000451717,71000451719,71000451721,0,0,1,0,0,0,3.5,17045,15010,1.0000295336164438,0.9999704663835562
middle,71000451825,71000451869,44,71000451869,71000451881,71000451919,1,1,1,1,71000451827,71000451829,71000451833,71000451827,71000451829,71000451831,0,0,0,0,0,0,3.5,17045,15010,1.0000295336164438,0.9999704663835562
middle,71000451927,71000451953,26,71000451953,71000451983,71000451989,1,1,1,1,71000451931,71000451937,71000451943,71000451929,71000451931,71000451933,0,0,0,0,0,0,3.5,17045,15010,1.0000295336164438,0.9999704663835562
middle,71000452194,71000452219,25,71000452219,71000452231,71000452241,1,1,1,1,71000452199,71000452207,71000452217,71000452195,71000452197,71000452199,0,0,0,0,0,0,3.5,17045,15010,1.0000295336164438,0.9999704663835562
middle,71000452229,71000452231,2,71000452231,71000452241,71000452249,1,1,1,1,71000452231,71000452241,71000452249,71000452231,71000452233,71000452235,1,1,1,1,1,1,3.5,17045,15010,1.0000295336164438,0.9999704663835562
middle,71000452913,71000452933,20,71000452933,71000452973,71000452979,1,1,1,1,71000452921,71000452931,71000452933,71000452915,71000452917,71000452919,0,0,1,0,0,0,3.5,17045,15010,1.0000295336164438,0.9999704663835562
middle,71000452957,71000452973,16,71000452973,71000452979,71000452997,1,1,1,1,71000452967,71000452969,71000452973,71000452959,71000452961,71000452963,0,0,1,0,0,0,3.5,17045,15010,1.0000295336164438,0.9999704663835562
middle,71000452967,71000452973,6,71000452973,71000452979,71000452997,1,1,1,1,71000452969,71000452973,71000452979,71000452969,71000452971,71000452973,0,1,1,0,0,1,3.5,17045,15010,1.0000295336164438,0.9999704663835562
middle,71000453172,71000453177,5,71000453177,71000453207,71000453213,1,1,1,1,71000453177,71000453179,71000453189,71000453173,71000453175,71000453177,1,1,1,0,0,1,3.5,17045,15010,1.0000295336164438,0.9999704663835562
middle,71000453347,71000453351,4,71000453351,71000453383,71000453387,1,1,1,1,71000453351,71000453353,71000453357,71000453349,71000453351,71000453353,1,1,1,0,1,1,3.5,17045,15010,1.0000295336164438,0.9999704663835562
middle,71000453497,71000453501,4,71000453501,71000453507,71000453527,1,1,1,1,71000453501,71000453507,71000453509,71000453499,71000453501,71000453503,1,1,1,0,1,1,3.5,17045,15010,1.0000295336164438,0.9999704663835562
middle,71000453604,71000453617,13,71000453609,71000453617,71000453627,2,0,1,1,71000453609,71000453611,71000453617,71000453605,71000453607,71000453609,0,0,1,0,0,0,3.5,17045,15010,1.0000295336164438,0.9999704663835562
middle,71000453744,71000453747,3,71000453747,71000453767,71000453869,1,1,1,1,71000453747,71000453749,71000453759,71000453745,71000453747,71000453749,1,1,1,0,1,1,3.5,17045,15010,1.0000295336164438,0.9999704663835562
middle,71000454071,71000454097,26,71000454097,71000454101,71000454103,1,1,1,1,71000454073,71000454079,71000454089,71000454073,71000454075,71000454077,0,0,0,0,0,0,3.5,17045,15010,1.0000295336164438,0.9999704663835562
middle,71000454207,71000454269,62,71000454269,71000454313,71000454337,1,1,1,1,71000454211,71000454221,71000454223,71000454209,71000454211,71000454213,0,0,0,0,0,0,3.5,17045,15010,1.0000295336164438,0.9999704663835562
middle,71000454215,71000454269,54,71000454269,71000454313,71000454337,1,1,1,1,71000454221,71000454223,71000454227,71000454217,71000454219,71000454221,0,0,0,0,0,0,3.5,17045,15010,1.0000295336164438,0.9999704663835562
middle,71000454649,71000454653,4,71000454653,71000454671,71000454673,1,1,1,1,71000454653,71000454659,71000454667,71000454651,71000454653,71000454655,1,1,1,0,1,1,3.5,17045,15010,1.0000295336164438,0.9999704663835562
middle,71000454769,71000454787,18,71000454787,71000454799,71000454803,1,1,1,1,71000454773,71000454781,71000454787,71000454771,71000454773,71000454775,0,0,1,0,0,0,3.5,17045,15010,1.0000295336164438,0.9999704663835562
middle,71000454846,71000454857,11,71000454857,71000454937,71000454949,1,1,1,1,71000454851,71000454853,71000454857,71000454847,71000454849,71000454851,0,0,1,0,0,0,3.5,17045,15010,1.0000295336164438,0.9999704663835562
middle,71000455375,71000455417,42,71000455417,71000455441,71000455451,1,1,1,1,71000455381,71000455391,71000455397,71000455377,71000455379,71000455381,0,0,0,0,0,0,3.5,17045,15010,1.0000295336164438,0.9999704663835562
middle,71000455602,71000455609,7,71000455609,71000455619,71000455639,1,1,1,1,71000455607,71000455609,71000455619,71000455603,71000455605,71000455607,0,1,1,0,0,0,3.5,17045,15010,1.0000295336164438,0.9999704663835562
middle,71000455831,71000455853,22,71000455853,71000455909,71000455931,1,1,1,1,71000455837,71000455847,71000455853,71000455833,71000455835,71000455837,0,0,1,0,0,0,3.5,17045,15010,1.0000295336164438,0.9999704663835562
middle,71000456029,71000456063,34,71000456063,71000456069,71000456101,1,1,1,1,71000456039,71000456041,71000456047,71000456031,71000456033,71000456035,0,0,0,0,0,0,3.5,17045,15010,1.0000295336164438,0.9999704663835562
middle,71000456145,71000456171,26,71000456171,71000456203,71000456239,1,1,1,1,71000456159,71000456161,71000456167,71000456147,71000456149,71000456151,0,0,0,0,0,0,3.5,17045,15010,1.0000295336164438,0.9999704663835562
middle,71000456328,71000456341,13,71000456341,71000456353,71000456363,1,1,1,1,71000456333,71000456339,71000456341,71000456329,71000456331,71000456333,0,0,1,0,0,0,3.5,17045,15010,1.0000295336164438,0.9999704663835562
middle,71000457032,71000457037,5,71000457037,71000457061,71000457071,1,1,1,1,71000457037,71000457043,71000457049,71000457033,71000457035,71000457037,1,1,1,0,0,1,3.5,17045,15010,1.0000295336164438,0.9999704663835562
middle,71000457300,71000457301,1,71000457301,71000457329,71000457331,1,1,1,1,71000457301,71000457317,71000457323,71000457301,71000457303,71000457305,1,1,1,1,1,1,3.5,17045,15010,1.0000295336164438,0.9999704663835562
middle,71000457757,71000457761,4,71000457761,71000457793,71000457809,1,1,1,1,71000457761,71000457767,71000457769,71000457759,71000457761,71000457763,1,1,1,0,1,1,3.5,17045,15010,1.0000295336164438,0.9999704663835562
middle,71000458211,71000458297,86,71000458283,71000458297,71000458339,2,0,1,1,71000458213,71000458219,71000458223,71000458213,71000458215,71000458217,0,0,0,0,0,0,3.5,17045,15010,1.0000295336164438,0.9999704663835562
middle,71000458231,71000458297,66,71000458283,71000458297,71000458339,2,0,1,1,71000458241,71000458247,71000458253,71000458233,71000458235,71000458237,0,0,0,0,0,0,3.5,17045,15010,1.0000295336164438,0.9999704663835562
middle,71000458245,71000458297,52,71000458283,71000458297,71000458339,2,0,1,1,71000458247,71000458253,71000458259,71000458247,71000458249,71000458251,0,0,0,0,0,0,3.5,17045,15010,1.0000295336164438,0.9999704663835562
middle,71000458277,71000458297,20,71000458283,71000458297,71000458339,2,0,1,1,71000458279,71000458283,71000458289,71000458279,71000458281,71000458283,0,0,0,0,0,0,3.5,17045,15010,1.0000295336164438,0.9999704663835562
middle,71000458736,71000458747,11,71000458747,71000458759,71000458777,1,1,1,1,71000458747,71000458751,71000458757,71000458737,71000458739,71000458741,1,1,1,0,0,0,3.5,17045,15010,1.0000295336164438,0.9999704663835562
middle,71000459004,71000459009,5,71000459009,71000459041,71000459051,1,1,1,1,71000459009,71000459011,71000459021,71000459005,71000459007,71000459009,1,1,1,0,0,1,3.5,17045,15010,1.0000295336164438,0.9999704663835562
middle,71000459031,71000459041,10,71000459041,71000459051,71000459077,1,1,1,1,71000459041,71000459051,71000459053,71000459033,71000459035,71000459037,1,1,1,0,0,0,3.5,17045,15010,1.0000295336164438,0.9999704663835562
middle,71000459379,71000459393,14,71000459393,71000459401,71000459407,1,1,1,1,71000459381,71000459389,71000459393,71000459381,71000459383,71000459385,0,0,1,0,0,0,3.5,17045,15010,1.0000295336164438,0.9999704663835562
middle,71000459521,71000459531,10,71000459531,71000459587,71000459603,1,1,1,1,71000459527,71000459531,71000459533,71000459523,71000459525,71000459527,0,1,1,0,0,0,3.5,17045,15010,1.0000295336164438,0.9999704663835562
middle,71000459960,71000460001,41,71000460001,71000460019,71000460043,1,1,1,1,71000459963,71000459969,71000459977,71000459961,71000459963,71000459965,0,0,0,0,0,0,3.5,17045,15010,1.0000295336164438,0.9999704663835562
middle,71000460039,71000460043,4,71000460043,71000460059,71000460071,1,1,1,1,71000460043,71000460049,71000460053,71000460041,71000460043,71000460045,1,1,1,0,1,1,3.5,17045,15010,1.0000295336164438,0.9999704663835562
middle,71000460122,71000460127,5,71000460127,71000460133,71000460163,1,1,1,1,71000460127,71000460131,71000460133,71000460123,71000460125,71000460127,1,1,1,0,0,1,3.5,17045,15010,1.0000295336164438,0.9999704663835562
middle,71000460598,71000460599,1,71000460599,71000460637,71000460647,1,1,1,1,71000460599,71000460607,71000460613,71000460599,71000460601,71000460603,1,1,1,1,1,1,3.5,17045,15010,1.0000295336164438,0.9999704663835562
middle,71000461010,71000461013,3,71000461013,71000461033,71000461039,1,1,1,1,71000461013,71000461027,71000461031,71000461011,71000461013,71000461015,1,1,1,0,1,1,3.5,17045,15010,1.0000295336164438,0.9999704663835562
middle,71000461236,71000461237,1,71000461237,71000461261,71000461267,1,1,1,1,71000461237,71000461241,71000461247,71000461237,71000461239,71000461241,1,1,1,1,1,1,3.5,17045,15010,1.0000295336164438,0.9999704663835562
middle,71000461539,71000461577,38,71000461577,71000461583,71000461589,1,1,1,1,71000461541,71000461549,71000461559,71000461541,71000461543,71000461545,0,0,0,0,0,0,3.5,17045,15010,1.0000295336164438,0.9999704663835562
middle,71000462217,71000462219,2,71000462219,71000462261,71000462297,1,1,1,1,71000462219,71000462231,71000462233,71000462219,71000462221,71000462223,1,1,1,1,1,1,3.5,17045,15010,1.0000295336164438,0.9999704663835562
middle,71000462418,71000462419,1,71000462419,71000462431,71000462459,1,1,1,1,71000462419,71000462431,71000462437,71000462419,71000462421,71000462423,1,1,1,1,1,1,3.5,17045,15010,1.0000295336164438,0.9999704663835562
middle,71000462643,71000462653,10,71000462653,71000462677,71000462699,1,1,1,1,71000462647,71000462653,71000462657,71000462645,71000462647,71000462649,0,1,1,0,0,0,3.5,17045,15010,1.0000295336164438,0.9999704663835562
middle,71000462788,71000462803,15,71000462803,71000462833,71000462857,1,1,1,1,71000462791,71000462801,71000462803,71000462789,71000462791,71000462793,0,0,1,0,0,0,3.5,17045,15010,1.0000295336164438,0.9999704663835562
middle,71000462789,71000462803,14,71000462803,71000462833,71000462857,1,1,1,1,71000462791,71000462801,71000462803,71000462791,71000462793,71000462795,0,0,1,0,0,0,3.5,17045,15010,1.0000295336164438,0.9999704663835562
middle,71000463095,71000463109,14,71000463109,71000463119,71000463143,1,1,1,1,71000463097,71000463103,71000463109,71000463097,71000463099,71000463101,0,0,1,0,0,0,3.5,17045,15010,1.0000295336164438,0.9999704663835562
middle,71000463173,71000463181,8,71000463181,71000463187,71000463197,1,1,1,1,71000463179,71000463181,71000463187,71000463175,71000463177,71000463179,0,1,1,0,0,0,3.5,17045,15010,1.0000295336164438,0.9999704663835562
middle,71000463192,71000463197,5,71000463197,71000463223,71000463227,1,1,1,1,71000463197,71000463199,71000463211,71000463193,71000463195,71000463197,1,1,1,0,0,1,3.5,17045,15010,1.0000295336164438,0.9999704663835562
middle,71000463454,71000463463,9,71000463463,71000463487,71000463503,1,1,1,1,71000463461,71000463463,71000463473,71000463455,71000463457,71000463459,0,1,1,0,0,0,3.5,17045,15010,1.0000295336164438,0.9999704663835562
middle,71000463864,71000463901,37,71000463901,71000463913,71000463929,1,1,1,1,71000463869,71000463871,71000463881,71000463865,71000463867,71000463869,0,0,0,0,0,0,3.5,17045,15010,1.0000295336164438,0.9999704663835562
middle,71000463991,71000464021,30,71000464021,71000464033,71000464039,1,1,1,1,71000463997,71000464001,71000464009,71000463993,71000463995,71000463997,0,0,0,0,0,0,3.5,17045,15010,1.0000295336164438,0.9999704663835562
middle,71000464388,71000464417,29,71000464417,71000464421,71000464429,1,1,1,1,71000464391,71000464397,71000464411,71000464389,71000464391,71000464393,0,0,0,0,0,0,3.5,17045,15010,1.0000295336164438,0.9999704663835562
middle,71000464718,71000464747,29,71000464747,71000464771,71000464823,1,1,1,1,71000464727,71000464729,71000464739,71000464719,71000464721,71000464723,0,0,0,0,0,0,3.5,17045,15010,1.0000295336164438,0.9999704663835562
middle,71000464832,71000464853,21,71000464853,71000464919,71000464943,1,1,1,1,71000464837,71000464841,71000464853,71000464833,71000464835,71000464837,0,0,1,0,0,0,3.5,17045,15010,1.0000295336164438,0.9999704663835562
middle,71000464987,71000465027,40,71000464991,71000465027,71000465051,2,0,1,1,71000464991,71000464993,71000464999,71000464989,71000464991,71000464993,0,0,0,0,0,0,3.5,17045,15010,1.0000295336164438,0.9999704663835562
middle,71000464989,71000465027,38,71000464991,71000465027,71000465051,2,0,1,1,71000464991,71000464993,71000464999,71000464991,71000464993,71000464995,0,0,0,0,0,0,3.5,17045,15010,1.0000295336164438,0.9999704663835562
middle,71000465054,71000465059,5,71000465059,71000465083,71000465113,1,1,1,1,71000465057,71000465059,71000465069,71000465055,71000465057,71000465059,0,1,1,0,0,1,3.5,17045,15010,1.0000295336164438,0.9999704663835562
middle,71000465090,71000465113,23,71000465113,71000465147,71000465177,1,1,1,1,71000465093,71000465101,71000465111,71000465091,71000465093,71000465095,0,0,0,0,0,0,3.5,17045,15010,1.0000295336164438,0.9999704663835562
middle,71000465164,71000465177,13,71000465177,71000465189,71000465281,1,1,1,1,71000465171,71000465177,71000465183,71000465165,71000465167,71000465169,0,1,1,0,0,0,3.5,17045,15010,1.0000295336164438,0.9999704663835562
middle,71000465561,71000465563,2,71000465563,71000465567,71000465623,1,1,1,1,71000465563,71000465567,71000465573,71000465563,71000465565,71000465567,1,1,1,1,1,1,3.5,17045,15010,1.0000295336164438,0.9999704663835562
middle,71000465790,71000465801,11,71000465791,71000465801,71000465819,2,0,1,1,71000465791,71000465797,71000465801,71000465791,71000465793,71000465795,0,0,1,0,0,0,3.5,17045,15010,1.0000295336164438,0.9999704663835562
middle,71000465875,71000465897,22,71000465897,71000465903,71000465923,1,1,1,1,71000465891,71000465897,71000465903,71000465877,71000465879,71000465881,0,1,1,0,0,0,3.5,17045,15010,1.0000295336164438,0.9999704663835562
middle,71000465952,71000466001,49,71000465959,71000466001,71000466023,2,0,1,1,71000465953,71000465957,71000465959,71000465953,71000465955,71000465957,0,0,0,0,0,0,3.5,17045,15010,1.0000295336164438,0.9999704663835562
middle,71000465967,71000466001,34,71000466001,71000466023,71000466041,1,1,1,1,71000465969,71000465971,71000465981,71000465969,71000465971,71000465973,0,0,0,0,0,0,3.5,17045,15010,1.0000295336164438,0.9999704663835562
middle,71000466043,71000466059,16,71000466059,71000466067,71000466139,1,1,1,1,71000466049,71000466059,71000466067,71000466045,71000466047,71000466049,0,1,1,0,0,0,3.5,17045,15010,1.0000295336164438,0.9999704663835562
middle,71000466226,71000466253,27,71000466253,71000466263,71000466281,1,1,1,1,71000466227,71000466233,71000466241,71000466227,71000466229,71000466231,0,0,0,0,0,0,3.5,17045,15010,1.0000295336164438,0.9999704663835562
middle,71000466323,71000466367,44,71000466367,71000466371,71000466379,1,1,1,1,71000466337,71000466343,71000466349,71000466325,71000466327,71000466329,0,0,0,0,0,0,3.5,17045,15010,1.0000295336164438,0.9999704663835562
middle,71000466909,71000466917,8,71000466917,71000466947,71000466961,1,1,1,1,71000466913,71000466917,71000466919,71000466911,71000466913,71000466915,0,1,1,0,0,0,3.5,17045,15010,1.0000295336164438,0.9999704663835562
middle,71000467059,71000467081,22,71000467081,71000467103,71000467127,1,1,1,1,71000467061,71000467063,71000467073,71000467061,71000467063,71000467065,0,0,0,0,0,0,3.5,17045,15010,1.0000295336164438,0.9999704663835562
middle,71000467542,71000467583,41,71000467583,71000467591,71000467597,1,1,1,1,71000467543,71000467553,71000467561,71000467543,71000467545,71000467547,0,0,0,0,0,0,3.5,17045,15010,1.0000295336164438,0.9999704663835562
middle,71000467746,71000467771,25,71000467771,71000467777,71000467799,1,1,1,1,71000467753,71000467763,71000467771,71000467747,71000467749,71000467751,0,0,1,0,0,0,3.5,17045,15010,1.0000295336164438,0.9999704663835562
middle,71000468708,71000468711,3,71000468711,71000468729,71000468797,1,1,1,1,71000468711,71000468713,71000468717,71000468709,71000468711,71000468713,1,1,1,0,1,1,3.5,17045,15010,1.0000295336164438,0.9999704663835562
middle,71000468851,71000468857,6,71000468857,71000468863,71000468879,1,1,1,1,71000468857,71000468863,71000468867,71000468853,71000468855,71000468857,1,1,1,0,0,1,3.5,17045,15010,1.0000295336164438,0.9999704663835562
middle,71000469160,71000469167,7,71000469161,71000469167,71000469187,2,0,1,1,71000469161,71000469167,71000469173,71000469161,71000469163,71000469165,0,1,1,0,0,0,3.5,17045,15010,1.0000295336164438,0.9999704663835562
middle,71000469287,71000469329,42,71000469329,71000469343,71000469347,1,1,1,1,71000469289,71000469299,71000469301,71000469289,71000469291,71000469293,0,0,0,0,0,0,3.5,17045,15010,1.0000295336164438,0.9999704663835562
middle,71000469500,71000469517,17,71000469517,71000469557,71000469569,1,1,1,1,71000469503,71000469509,71000469511,71000469501,71000469503,71000469505,0,0,0,0,0,0,3.5,17045,15010,1.0000295336164438,0.9999704663835562
middle,71000469544,71000469557,13,71000469557,71000469569,71000469577,1,1,1,1,71000469557,71000469559,71000469563,71000469545,71000469547,71000469549,1,1,1,0,0,0,3.5,17045,15010,1.0000295336164438,0.9999704663835562
middle,71000469835,71000469853,18,71000469853,71000469877,71000469887,1,1,1,1,71000469847,71000469851,71000469853,71000469837,71000469839,71000469841,0,0,1,0,0,0,3.5,17045,15010,1.0000295336164438,0.9999704663835562
middle,71000469963,71000469973,10,71000469973,71000470043,71000470049,1,1,1,1,71000469971,71000469973,71000469977,71000469965,71000469967,71000469969,0,1,1,0,0,0,3.5,17045,15010,1.0000295336164438,0.9999704663835562
middle,71000470110,71000470153,43,71000470153,71000470187,71000470193,1,1,1,1,71000470111,71000470127,71000470129,71000470111,71000470113,71000470115,0,0,0,0,0,0,3.5,17045,15010,1.0000295336164438,0.9999704663835562
middle,71000470174,71000470187,13,71000470187,71000470193,71000470217,1,1,1,1,71000470181,71000470183,71000470187,71000470175,71000470177,71000470179,0,0,1,0,0,0,3.5,17045,15010,1.0000295336164438,0.9999704663835562
middle,71000470190,71000470193,3,71000470193,71000470217,71000470297,1,1,1,1,71000470193,71000470201,71000470213,71000470191,71000470193,71000470195,1,1,1,0,1,1,3.5,17045,15010,1.0000295336164438,0.9999704663835562
middle,71000470439,71000470451,12,71000470451,71000470469,71000470483,1,1,1,1,71000470441,71000470447,71000470451,71000470441,71000470443,71000470445,0,0,1,0,0,0,3.5,17045,15010,1.0000295336164438,0.9999704663835562
middle,71000470526,71000470553,27,71000470553,71000470559,71000470561,1,1,1,1,71000470529,71000470531,71000470537,71000470527,71000470529,71000470531,0,0,0,0,0,0,3.5,17045,15010,1.0000295336164438,0.9999704663835562
middle,71000470908,71000470969,61,71000470969,71000470973,71000470979,1,1,1,1,71000470909,71000470921,71000470927,71000470909,71000470911,71000470913,0,0,0,0,0,0,3.5,17045,15010,1.0000295336164438,0.9999704663835562
middle,71000471070,71000471123,53,71000471077,71000471123,71000471137,2,0,1,1,71000471071,71000471077,71000471089,71000471071,71000471073,71000471075,0,0,0,0,0,0,3.5,17045,15010,1.0000295336164438,0.9999704663835562
middle,71000471101,71000471123,22,71000471123,71000471137,71000471147,1,1,1,1,71000471107,71000471111,71000471123,71000471103,71000471105,71000471107,0,0,1,0,0,0,3.5,17045,15010,1.0000295336164438,0.9999704663835562
middle,71000471432,71000471449,17,71000471449,71000471453,71000471473,1,1,1,1,71000471441,71000471447,71000471449,71000471433,71000471435,71000471437,0,0,1,0,0,0,3.5,17045,15010,1.0000295336164438,0.9999704663835562
middle,71000471935,71000471963,28,71000471947,71000471963,71000472019,2,0,1,1,71000471939,71000471947,71000471951,71000471937,71000471939,71000471941,0,0,0,0,0,0,3.5,17045,15010,1.0000295336164438,0.9999704663835562
middle,71000471956,71000471963,7,71000471963,71000472019,71000472091,1,1,1,1,71000471957,71000471959,71000471963,71000471957,71000471959,71000471961,0,0,1,0,0,0,3.5,17045,15010,1.0000295336164438,0.9999704663835562
middle,71000472185,71000472217,32,71000472217,71000472223,71000472229,1,1,1,1,71000472187,71000472197,71000472199,71000472187,71000472189,71000472191,0,0,0,0,0,0,3.5,17045,15010,1.0000295336164438,0.9999704663835562
middle,71000472301,71000472331,30,71000472331,71000472337,71000472349,1,1,1,1,71000472313,71000472317,71000472329,71000472303,71000472305,71000472307,0,0,0,0,0,0,3.5,17045,15010,1.0000295336164438,0.9999704663835562
middle,71000472457,71000472461,4,71000472461,71000472469,71000472479,1,1,1,1,71000472461,71000472463,71000472467,71000472459,71000472461,71000472463,1,1,1,0,1,1,3.5,17045,15010,1.0000295336164438,0.9999704663835562
middle,71000472502,71000472503,1,71000472503,71000472509,71000472527,1,1,1,1,71000472503,71000472509,71000472523,71000472503,71000472505,71000472507,1,1,1,1,1,1,3.5,17045,15010,1.0000295336164438,0.9999704663835562
middle,71000473400,71000473409,9,71000473409,71000473417,71000473433,1,1,1,1,71000473403,71000473409,71000473417,71000473401,71000473403,71000473405,0,1,1,0,0,0,3.5,17045,15010,1.0000295336164438,0.9999704663835562
middle,71000473623,71000473657,34,71000473657,71000473693,71000473699,1,1,1,1,71000473631,71000473637,71000473639,71000473625,71000473627,71000473629,0,0,0,0,0,0,3.5,17045,15010,1.0000295336164438,0.9999704663835562
middle,71000473670,71000473693,23,71000473693,71000473699,71000473729,1,1,1,1,71000473673,71000473679,71000473681,71000473671,71000473673,71000473675,0,0,0,0,0,0,3.5,17045,15010,1.0000295336164438,0.9999704663835562
middle,71000474154,71000474161,7,71000474161,71000474179,71000474201,1,1,1,1,71000474161,71000474173,71000474179,71000474155,71000474157,71000474159,1,1,1,0,0,0,3.5,17045,15010,1.0000295336164438,0.9999704663835562
middle,71000474977,71000474981,4,71000474981,71000474983,71000475017,1,1,1,1,71000474981,71000474983,71000474999,71000474979,71000474981,71000474983,1,1,1,0,1,1,3.5,17045,15010,1.0000295336164438,0.9999704663835562
middle,71000475257,71000475283,26,71000475283,71000475307,71000475313,1,1,1,1,71000475263,71000475269,71000475277,71000475259,71000475261,71000475263,0,0,0,0,0,0,3.5,17045,15010,1.0000295336164438,0.9999704663835562
middle,71000475504,71000475517,13,71000475517,71000475521,71000475523,1,1,1,1,71000475509,71000475517,71000475521,71000475505,71000475507,71000475509,0,1,1,0,0,0,3.5,17045,15010,1.0000295336164438,0.9999704663835562
middle,71000475796,71000475797,1,71000475797,71000475803,71000475839,1,1,1,1,71000475797,71000475803,71000475811,71000475797,71000475799,71000475801,1,1,1,1,1,1,3.5,17045,15010,1.0000295336164438,0.9999704663835562
middle,71000475869,71000475883,14,71000475883,71000475947,71000476067,1,1,1,1,71000475881,71000475883,71000475893,71000475871,71000475873,71000475875,0,1,1,0,0,0,3.5,17045,15010,1.0000295336164438,0.9999704663835562
middle,71000476128,71000476177,49,71000476177,71000476243,71000476259,1,1,1,1,71000476133,71000476139,71000476147,71000476129,71000476131,71000476133,0,0,0,0,0,0,3.5,17045,15010,1.0000295336164438,0.9999704663835562
middle,71000476643,71000476649,6,71000476649,71000476661,71000476691,1,1,1,1,71000476649,71000476661,71000476663,71000476645,71000476647,71000476649,1,1,1,0,0,1,3.5,17045,15010,1.0000295336164438,0.9999704663835562
middle,71000476795,71000476801,6,71000476801,71000476831,71000476889,1,1,1,1,71000476801,71000476817,71000476823,71000476797,71000476799,71000476801,1,1,1,0,0,1,3.5,17045,15010,1.0000295336164438,0.9999704663835562
middle,71000476822,71000476831,9,71000476831,71000476889,71000476927,1,1,1,1,71000476823,71000476831,71000476837,71000476823,71000476825,71000476827,0,1,1,0,0,0,3.5,17045,15010,1.0000295336164438,0.9999704663835562
middle,71000476872,71000476889,17,71000476889,71000476927,71000476993,1,1,1,1,71000476873,71000476879,71000476889,71000476873,71000476875,71000476877,0,0,1,0,0,0,3.5,17045,15010,1.0000295336164438,0.9999704663835562
middle,71000476916,71000476927,11,71000476927,71000476993,71000477011,1,1,1,1,71000476919,71000476927,71000476949,71000476917,71000476919,71000476921,0,1,1,0,0,0,3.5,17045,15010,1.0000295336164438,0.9999704663835562
middle,71000476933,71000476993,60,71000476993,71000477011,71000477021,1,1,1,1,71000476949,71000476951,71000476969,71000476935,71000476937,71000476939,0,0,0,0,0,0,3.5,17045,15010,1.0000295336164438,0.9999704663835562
middle,71000476969,71000476993,24,71000476993,71000477011,71000477021,1,1,1,1,71000476973,71000476979,71000476991,71000476971,71000476973,71000476975,0,0,0,0,0,0,3.5,17045,15010,1.0000295336164438,0.9999704663835562
middle,71000477033,71000477063,30,71000477063,71000477069,71000477099,1,1,1,1,71000477039,71000477057,71000477059,71000477035,71000477037,71000477039,0,0,0,0,0,0,3.5,17045,15010,1.0000295336164438,0.9999704663835562
middle,71000478264,71000478281,17,71000478281,71000478313,71000478347,1,1,1,1,71000478271,71000478277,71000478281,71000478265,71000478267,71000478269,0,0,1,0,0,0,3.5,17045,15010,1.0000295336164438,0.9999704663835562
middle,71000478554,71000478583,29,71000478583,71000478587,71000478617,1,1,1,1,71000478557,71000478559,71000478569,71000478555,71000478557,71000478559,0,0,0,0,0,0,3.5,17045,15010,1.0000295336164438,0.9999704663835562
middle,71000478747,71000478749,2,71000478749,71000478763,71000478781,1,1,1,1,71000478749,71000478761,71000478763,71000478749,71000478751,71000478753,1,1,1,1,1,1,3.5,17045,15010,1.0000295336164438,0.9999704663835562
middle,71000478840,71000478841,1,71000478841,71000478847,71000478851,1,1,1,1,71000478841,71000478847,71000478851,71000478841,71000478843,71000478845,1,1,1,1,1,1,3.5,17045,15010,1.0000295336164438,0.9999704663835562
middle,71000479276,71000479279,3,71000479279,71000479307,71000479309,1,1,1,1,71000479279,71000479283,71000479301,71000479277,71000479279,71000479281,1,1,1,0,1,1,3.5,17045,15010,1.0000295336164438,0.9999704663835562
middle,71000479721,71000479813,92,71000479813,71000479831,71000479843,1,1,1,1,71000479723,71000479727,71000479729,71000479723,71000479725,71000479727,0,0,0,0,0,0,3.5,17045,15010,1.0000295336164438,0.9999704663835562
middle,71000480145,71000480149,4,71000480149,71000480179,71000480191,1,1,1,1,71000480147,71000480149,71000480153,71000480147,71000480149,71000480151,0,1,1,0,1,1,3.5,17045,15010,1.0000295336164438,0.9999704663835562
middle,71000480884,71000480911,27,71000480911,71000480933,71000480951,1,1,1,1,71000480891,71000480893,71000480897,71000480885,71000480887,71000480889,0,0,0,0,0,0,3.5,17045,15010,1.0000295336164438,0.9999704663835562
middle,71000481109,71000481133,24,71000481133,71000481179,71000481191,1,1,1,1,71000481119,71000481121,71000481127,71000481111,71000481113,71000481115,0,0,0,0,0,0,3.5,17045,15010,1.0000295336164438,0.9999704663835562
middle,71000481149,71000481179,30,71000481179,71000481191,71000481197,1,1,1,1,71000481157,71000481161,71000481163,71000481151,71000481153,71000481155,0,0,0,0,0,0,3.5,17045,15010,1.0000295336164438,0.9999704663835562
middle,71000481207,71000481217,10,71000481217,71000481271,71000481329,1,1,1,1,71000481217,71000481221,71000481229,71000481209,71000481211,71000481213,1,1,1,0,0,0,3.5,17045,15010,1.0000295336164438,0.9999704663835562
middle,71000481452,71000481457,5,71000481457,71000481473,71000481529,1,1,1,1,71000481457,71000481463,71000481467,71000481453,71000481455,71000481457,1,1,1,0,0,1,3.5,17045,15010,1.0000295336164438,0.9999704663835562
middle,71000481796,71000481821,25,71000481821,71000481857,71000481913,1,1,1,1,71000481803,71000481809,71000481817,71000481797,71000481799,71000481801,0,0,0,0,0,0,3.5,17045,15010,1.0000295336164438,0.9999704663835562
middle,71000482002,71000482009,7,71000482009,71000482013,71000482037,1,1,1,1,71000482009,71000482013,71000482019,71000482003,71000482005,71000482007,1,1,1,0,0,0,3.5,17045,15010,1.0000295336164438,0.9999704663835562
middle,71000482173,71000482213,40,71000482213,71000482243,71000482271,1,1,1,1,71000482183,71000482187,71000482193,71000482175,71000482177,71000482179,0,0,0,0,0,0,3.5,17045,15010,1.0000295336164438,0.9999704663835562
middle,71000482196,71000482213,17,71000482213,71000482243,71000482271,1,1,1,1,71000482199,71000482207,71000482211,71000482197,71000482199,71000482201,0,0,0,0,0,0,3.5,17045,15010,1.0000295336164438,0.9999704663835562
middle,71000482225,71000482271,46,71000482243,71000482271,71000482277,2,0,1,1,71000482229,71000482237,71000482243,71000482227,71000482229,71000482231,0,0,0,0,0,0,3.5,17045,15010,1.0000295336164438,0.9999704663835562
middle,71000482562,71000482573,11,71000482573,71000482603,71000482607,1,1,1,1,71000482571,71000482573,71000482577,71000482563,71000482565,71000482567,0,1,1,0,0,0,3.5,17045,15010,1.0000295336164438,0.9999704663835562
middle,71000482600,71000482603,3,71000482603,71000482607,71000482613,1,1,1,1,71000482601,71000482603,71000482607,71000482601,71000482603,71000482605,0,1,1,0,1,1,3.5,17045,15010,1.0000295336164438,0.9999704663835562
middle,71000482635,71000482667,32,71000482667,71000482727,71000482733,1,1,1,1,71000482639,71000482649,71000482667,71000482637,71000482639,71000482641,0,0,1,0,0,0,3.5,17045,15010,1.0000295336164438,0.9999704663835562
middle,71000483056,71000483063,7,71000483063,71000483069,71000483077,1,1,1,1,71000483063,71000483069,71000483077,71000483057,71000483059,71000483061,1,1,1,0,0,0,3.5,17045,15010,1.0000295336164438,0.9999704663835562
middle,71000483367,71000483473,106,71000483473,71000483479,71000483537,1,1,1,1,71000483369,71000483371,71000483377,71000483369,71000483371,71000483373,0,0,0,0,0,0,3.5,17045,15010,1.0000295336164438,0.9999704663835562
middle,71000483716,71000483767,51,71000483767,71000483803,71000483819,1,1,1,1,71000483717,71000483737,71000483753,71000483717,71000483719,71000483721,0,0,0,0,0,0,3.5,17045,15010,1.0000295336164438,0.9999704663835562
middle,71000484272,71000484277,5,71000484277,71000484283,71000484299,1,1,1,1,71000484277,71000484281,71000484283,71000484273,71000484275,71000484277,1,1,1,0,0,1,3.5,17045,15010,1.0000295336164438,0.9999704663835562
middle,71000484826,71000484827,1,71000484827,71000484833,71000484889,1,1,1,1,71000484827,71000484829,71000484833,71000484827,71000484829,71000484831,1,1,1,1,1,1,3.5,17045,15010,1.0000295336164438,0.9999704663835562
middle,71000485695,71000485733,38,71000485733,71000485747,71000485753,1,1,1,1,71000485709,71000485723,71000485727,71000485697,71000485699,71000485701,0,0,0,0,0,0,3.5,17045,15010,1.0000295336164438,0.9999704663835562
middle,71000485988,71000486017,29,71000486017,71000486027,71000486057,1,1,1,1,71000485991,71000485993,71000485999,71000485989,71000485991,71000485993,0,0,0,0,0,0,3.5,17045,15010,1.0000295336164438,0.9999704663835562
middle,71000486111,71000486143,32,71000486143,71000486147,71000486159,1,1,1,1,71000486113,71000486119,71000486131,71000486113,71000486115,71000486117,0,0,0,0,0,0,3.5,17045,15010,1.0000295336164438,0.9999704663835562
middle,71000486267,71000486321,54,71000486321,71000486351,71000486353,1,1,1,1,71000486269,71000486273,71000486279,71000486269,71000486271,71000486273,0,0,0,0,0,0,3.5,17045,15010,1.0000295336164438,0.9999704663835562
middle,71000486441,71000486477,36,71000486477,71000486483,71000486533,1,1,1,1,71000486443,71000486449,71000486461,71000486443,71000486445,71000486447,0,0,0,0,0,0,3.5,17045,15010,1.0000295336164438,0.9999704663835562
middle,71000486535,71000486549,14,71000486549,71000486551,71000486573,1,1,1,1,71000486537,71000486539,71000486549,71000486537,71000486539,71000486541,0,0,1,0,0,0,3.5,17045,15010,1.0000295336164438,0.9999704663835562
middle,71000486667,71000486671,4,71000486671,71000486677,71000486681,1,1,1,1,71000486671,71000486677,71000486681,71000486669,71000486671,71000486673,1,1,1,0,1,1,3.5,17045,15010,1.0000295336164438,0.9999704663835562
middle,71000486851,71000486891,40,71000486891,71000486929,71000486969,1,1,1,1,71000486857,71000486861,71000486863,71000486853,71000486855,71000486857,0,0,0,0,0,0,3.5,17045,15010,1.0000295336164438,0.9999704663835562
middle,71000487094,71000487119,25,71000487101,71000487119,71000487139,2,0,1,1,71000487101,71000487109,71000487113,71000487095,71000487097,71000487099,0,0,0,0,0,0,3.5,17045,15010,1.0000295336164438,0.9999704663835562
middle,71000487640,71000487667,27,71000487667,71000487671,71000487683,1,1,1,1,71000487643,71000487647,71000487653,71000487641,71000487643,71000487645,0,0,0,0,0,0,3.5,17045,15010,1.0000295336164438,0.9999704663835562
middle,71000487886,71000487949,63,71000487949,71000487967,71000488003,1,1,1,1,71000487889,71000487893,71000487907,71000487887,71000487889,71000487891,0,0,0,0,0,0,3.5,17045,15010,1.0000295336164438,0.9999704663835562
middle,71000487952,71000487967,15,71000487967,71000488003,71000488019,1,1,1,1,71000487959,71000487967,71000487973,71000487953,71000487955,71000487957,0,1,1,0,0,0,3.5,17045,15010,1.0000295336164438,0.9999704663835562
middle,71000488249,71000488277,28,71000488277,71000488297,71000488379,1,1,1,1,71000488259,71000488261,71000488267,71000488251,71000488253,71000488255,0,0,0,0,0,0,3.5,17045,15010,1.0000295336164438,0.9999704663835562
middle,71000488257,71000488277,20,71000488277,71000488297,71000488379,1,1,1,1,71000488259,71000488261,71000488267,71000488259,71000488261,71000488263,0,0,0,0,0,0,3.5,17045,15010,1.0000295336164438,0.9999704663835562
middle,71000488298,71000488397,99,71000488379,71000488397,71000488417,2,0,1,1,71000488301,71000488303,71000488309,71000488299,71000488301,71000488303,0,0,0,0,0,0,3.5,17045,15010,1.0000295336164438,0.9999704663835562
middle,71000488422,71000488439,17,71000488439,71000488499,71000488501,1,1,1,1,71000488439,71000488441,71000488451,71000488423,71000488425,71000488427,1,1,1,0,0,0,3.5,17045,15010,1.0000295336164438,0.9999704663835562
middle,71000489558,71000489591,33,71000489591,71000489603,71000489627,1,1,1,1,71000489563,71000489569,71000489591,71000489559,71000489561,71000489563,0,0,1,0,0,0,3.5,17045,15010,1.0000295336164438,0.9999704663835562
middle,71000489834,71000489843,9,71000489843,71000489909,71000489939,1,1,1,1,71000489839,71000489843,71000489849,71000489835,71000489837,71000489839,0,1,1,0,0,0,3.5,17045,15010,1.0000295336164438,0.9999704663835562
middle,71000490160,71000490199,39,71000490199,71000490227,71000490247,1,1,1,1,71000490161,71000490163,71000490167,71000490161,71000490163,71000490165,0,0,0,0,0,0,3.5,17045,15010,1.0000295336164438,0.9999704663835562
middle,71000490225,71000490227,2,71000490227,71000490247,71000490269,1,1,1,1,71000490227,71000490229,71000490241,71000490227,71000490229,71000490231,1,1,1,1,1,1,3.5,17045,15010,1.0000295336164438,0.9999704663835562
middle,71000490510,71000490511,1,71000490511,71000490559,71000490563,1,1,1,1,71000490511,71000490521,71000490523,71000490511,71000490513,71000490515,1,1,1,1,1,1,3.5,17045,15010,1.0000295336164438,0.9999704663835562
middle,71000490521,71000490559,38,71000490559,71000490563,71000490577,1,1,1,1,71000490523,71000490529,71000490541,71000490523,71000490525,71000490527,0,0,0,0,0,0,3.5,17045,15010,1.0000295336164438,0.9999704663835562
middle,71000490685,71000490703,18,71000490703,71000490721,71000490761,1,1,1,1,71000490697,71000490703,71000490709,71000490687,71000490689,71000490691,0,1,1,0,0,0,3.5,17045,15010,1.0000295336164438,0.9999704663835562
middle,71000490985,71000491043,58,71000491043,71000491061,71000491063,1,1,1,1,71000490989,71000490991,71000491013,71000490987,71000490989,71000490991,0,0,0,0,0,0,3.5,17045,15010,1.0000295336164438,0.9999704663835562
middle,71000491402,71000491421,19,71000491421,71000491427,71000491501,1,1,1,1,71000491409,71000491417,71000491421,71000491403,71000491405,71000491407,0,0,1,0,0,0,3.5,17045,15010,1.0000295336164438,0.9999704663835562
middle,71000491783,71000491787,4,71000491787,71000491843,71000491871,1,1,1,1,71000491787,71000491799,71000491801,71000491785,71000491787,71000491789,1,1,1,0,1,1,3.5,17045,15010,1.0000295336164438,0.9999704663835562
middle,71000491833,71000491843,10,71000491843,71000491871,71000491897,1,1,1,1,71000491841,71000491843,71000491847,71000491835,71000491837,71000491839,0,1,1,0,0,0,3.5,17045,15010,1.0000295336164438,0.9999704663835562
middle,71000491860,71000491871,11,71000491871,71000491897,71000491931,1,1,1,1,71000491871,71000491873,71000491879,71000491861,71000491863,71000491865,1,1,1,0,0,0,3.5,17045,15010,1.0000295336164438,0.9999704663835562
middle,71000492094,71000492119,25,71000492119,71000492149,71000492221,1,1,1,1,71000492107,71000492111,71000492113,71000492095,71000492097,71000492099,0,0,0,0,0,0,3.5,17045,15010,1.0000295336164438,0.9999704663835562
middle,71000492194,71000492221,27,71000492221,71000492239,71000492257,1,1,1,1,71000492201,71000492203,71000492207,71000492195,71000492197,71000492199,0,0,0,0,0,0,3.5,17045,15010,1.0000295336164438,0.9999704663835562
middle,71000492932,71000492933,1,71000492933,71000492971,71000492987,1,1,1,1,71000492933,71000492939,71000492947,71000492933,71000492935,71000492937,1,1,1,1,1,1,3.5,17045,15010,1.0000295336164438,0.9999704663835562
middle,71000493344,71000493359,15,71000493359,71000493367,71000493409,1,1,1,1,71000493359,71000493367,71000493371,71000493345,71000493347,71000493349,1,1,1,0,0,0,3.5,17045,15010,1.0000295336164438,0.9999704663835562
middle,71000493476,71000493479,3,71000493479,71000493493,71000493527,1,1,1,1,71000493479,71000493481,71000493493,71000493477,71000493479,71000493481,1,1,1,0,1,1,3.5,17045,15010,1.0000295336164438,0.9999704663835562
middle,71000493581,71000493587,6,71000493587,71000493601,71000493617,1,1,1,1,71000493583,71000493587,71000493589,71000493583,71000493585,71000493587,0,1,1,0,0,1,3.5,17045,15010,1.0000295336164438,0.9999704663835562
middle,71000494321,71000494343,22,71000494343,71000494349,71000494351,1,1,1,1,71000494333,71000494343,71000494349,71000494323,71000494325,71000494327,0,1,1,0,0,0,3.5,17045,15010,1.0000295336164438,0.9999704663835562
middle,71000494743,71000494751,8,71000494751,71000494777,71000494801,1,1,1,1,71000494751,71000494753,71000494757,71000494745,71000494747,71000494749,1,1,1,0,0,0,3.5,17045,15010,1.0000295336164438,0.9999704663835562
middle,71000494845,71000494847,2,71000494847,71000494861,71000494871,1,1,1,1,71000494847,71000494853,71000494861,71000494847,71000494849,71000494851,1,1,1,1,1,1,3.5,17045,15010,1.0000295336164438,0.9999704663835562
middle,71000494950,71000494967,17,71000494967,71000494969,71000494973,1,1,1,1,71000494963,71000494967,71000494969,71000494951,71000494953,71000494955,0,1,1,0,0,0,3.5,17045,15010,1.0000295336164438,0.9999704663835562
middle,71000495074,71000495147,73,71000495147,71000495171,71000495177,1,1,1,1,71000495077,71000495089,71000495099,71000495075,71000495077,71000495079,0,0,0,0,0,0,3.5,17045,15010,1.0000295336164438,0.9999704663835562
middle,71000495179,71000495207,28,71000495191,71000495207,71000495261,2,0,1,1,71000495183,71000495191,71000495197,71000495181,71000495183,71000495185,0,0,0,0,0,0,3.5,17045,15010,1.0000295336164438,0.9999704663835562
middle,71000495256,71000495263,7,71000495261,71000495263,71000495297,2,0,1,1,71000495261,71000495263,71000495273,71000495257,71000495259,71000495261,0,1,1,0,0,0,3.5,17045,15010,1.0000295336164438,0.9999704663835562
middle,71000495372,71000495387,15,71000495387,71000495431,71000495479,1,1,1,1,71000495381,71000495383,71000495387,71000495373,71000495375,71000495377,0,0,1,0,0,0,3.5,17045,15010,1.0000295336164438,0.9999704663835562
middle,71000495478,71000495479,1,71000495479,71000495483,71000495491,1,1,1,1,71000495479,71000495483,71000495491,71000495479,71000495481,71000495483,1,1,1,1,1,1,3.5,17045,15010,1.0000295336164438,0.9999704663835562
middle,71000495714,71000495737,23,71000495737,71000495759,71000495773,1,1,1,1,71000495717,71000495719,71000495723,71000495715,71000495717,71000495719,0,0,0,0,0,0,3.5,17045,15010,1.0000295336164438,0.9999704663835562
middle,71000496587,71000496607,20,71000496607,71000496613,71000496643,1,1,1,1,71000496601,71000496607,71000496613,71000496589,71000496591,71000496593,0,1,1,0,0,0,3.5,17045,15010,1.0000295336164438,0.9999704663835562
middle,71000496753,71000496757,4,71000496757,71000496773,71000496779,1,1,1,1,71000496757,71000496761,71000496767,71000496755,71000496757,71000496759,1,1,1,0,1,1,3.5,17045,15010,1.0000295336164438,0.9999704663835562
middle,71000496806,71000496811,5,71000496811,71000496823,71000496841,1,1,1,1,71000496811,71000496817,71000496823,71000496807,71000496809,71000496811,1,1,1,0,0,1,3.5,17045,15010,1.0000295336164438,0.9999704663835562
middle,71000496954,71000496961,7,71000496961,71000496989,71000497069,1,1,1,1,71000496961,71000496977,71000496979,71000496955,71000496957,71000496959,1,1,1,0,0,0,3.5,17045,15010,1.0000295336164438,0.9999704663835562
middle,71000497736,71000497751,15,71000497751,71000497831,71000497837,1,1,1,1,71000497741,71000497747,71000497751,71000497737,71000497739,71000497741,0,0,1,0,0,0,3.5,17045,15010,1.0000295336164438,0.9999704663835562
middle,71000498232,71000498267,35,71000498237,71000498267,71000498273,2,0,1,1,71000498237,71000498243,71000498263,71000498233,71000498235,71000498237,0,0,0,0,0,0,3.5,17045,15010,1.0000295336164438,0.9999704663835562
middle,71000498823,71000498831,8,71000498831,71000498867,71000498869,1,1,1,1,71000498831,71000498837,71000498839,71000498825,71000498827,71000498829,1,1,1,0,0,0,3.5,17045,15010,1.0000295336164438,0.9999704663835562
middle,71000498831,71000498867,36,71000498867,71000498869,71000498893,1,1,1,1,71000498837,71000498839,71000498843,71000498833,71000498835,71000498837,0,0,0,0,0,0,3.5,17045,15010,1.0000295336164438,0.9999704663835562
middle,71000498939,71000498941,2,71000498941,71000498971,71000498993,1,1,1,1,71000498941,71000498951,71000498953,71000498941,71000498943,71000498945,1,1,1,1,1,1,3.5,17045,15010,1.0000295336164438,0.9999704663835562
middle,71000499250,71000499253,3,71000499253,71000499293,71000499373,1,1,1,1,71000499253,71000499257,71000499259,71000499251,71000499253,71000499255,1,1,1,0,1,1,3.5,17045,15010,1.0000295336164438,0.9999704663835562
middle,71000499633,71000499653,20,71000499653,71000499701,71000499719,1,1,1,1,71000499637,71000499641,71000499649,71000499635,71000499637,71000499639,0,0,0,0,0,0,3.5,17045,15010,1.0000295336164438,0.9999704663835562
middle,71000499742,71000499781,39,71000499781,71000499821,71000499901,1,1,1,1,71000499743,71000499749,71000499751,71000499743,71000499745,71000499747,0,0,0,0,0,0,3.5,17045,15010,1.0000295336164438,0.9999704663835562
middle,71000499790,71000499821,31,71000499821,71000499901,71000500007,1,1,1,1,71000499793,71000499797,71000499799,71000499791,71000499793,71000499795,0,0,0,0,0,0,3.5,17045,15010,1.0000295336164438,0.9999704663835562
high,710000000043,710000000111,68,710000000111,710000000119,710000000131,1,1,1,1,710000000051,710000000053,710000000057,710000000045,710000000047,710000000049,0,0,0,0,0,0,3.5,48817,43524,1.000007356619665,0.999992643380335
high,710000000379,710000000393,14,710000000393,710000000449,710000000477,1,1,1,1,710000000383,710000000389,710000000393,710000000381,710000000383,710000000385,0,0,1,0,0,0,3.5,48817,43524,1.000007356619665,0.999992643380335
high,710000000769,710000000771,2,710000000771,710000000783,710000000851,1,1,1,1,710000000771,710000000777,710000000779,710000000771,710000000773,710000000775,1,1,1,1,1,1,3.5,48817,43524,1.000007356619665,0.999992643380335
high,710000001316,710000001353,37,710000001353,710000001383,710000001407,1,1,1,1,710000001317,710000001323,710000001329,710000001317,710000001319,710000001321,0,0,0,0,0,0,3.5,48817,43524,1.000007356619665,0.999992643380335
high,710000001510,710000001533,23,710000001521,710000001533,710000001551,2,0,1,1,710000001511,710000001521,710000001523,710000001511,710000001513,710000001515,0,0,0,0,0,0,3.5,48817,43524,1.000007356619665,0.999992643380335
high,710000002056,710000002087,31,710000002087,710000002141,710000002183,1,1,1,1,710000002057,710000002067,710000002069,710000002057,710000002059,710000002061,0,0,0,0,0,0,3.5,48817,43524,1.000007356619665,0.999992643380335
high,710000002640,710000002711,71,710000002711,710000002757,710000002759,1,1,1,1,710000002643,710000002651,710000002661,710000002641,710000002643,710000002645,0,0,0,0,0,0,3.5,48817,43524,1.000007356619665,0.999992643380335
high,710000002962,710000002973,11,710000002973,710000003017,710000003033,1,1,1,1,710000002963,710000002973,710000002979,710000002963,710000002965,710000002967,0,1,1,0,0,0,3.5,48817,43524,1.000007356619665,0.999992643380335
high,710000003147,710000003171,24,710000003171,710000003177,710000003189,1,1,1,1,710000003149,710000003159,710000003171,710000003149,710000003151,710000003153,0,0,1,0,0,0,3.5,48817,43524,1.000007356619665,0.999992643380335
high,710000003202,710000003203,1,710000003203,710000003231,710000003261,1,1,1,1,710000003203,710000003213,710000003221,710000003203,710000003205,710000003207,1,1,1,1,1,1,3.5,48817,43524,1.000007356619665,0.999992643380335
high,710000003855,710000003879,24,710000003879,710000003963,710000004059,1,1,1,1,710000003857,710000003861,710000003863,710000003857,710000003859,710000003861,0,0,0,0,0,0,3.5,48817,43524,1.000007356619665,0.999992643380335
high,710000004114,710000004139,25,710000004139,710000004163,710000004169,1,1,1,1,710000004121,710000004137,710000004139,710000004115,710000004117,710000004119,0,0,1,0,0,0,3.5,48817,43524,1.000007356619665,0.999992643380335
high,710000004161,710000004163,2,710000004163,710000004169,710000004247,1,1,1,1,710000004163,710000004167,710000004169,710000004163,710000004165,710000004167,1,1,1,1,1,1,3.5,48817,43524,1.000007356619665,0.999992643380335
high,710000004225,710000004247,22,710000004247,710000004283,710000004289,1,1,1,1,710000004229,710000004239,710000004247,710000004227,710000004229,710000004231,0,0,1,0,0,0,3.5,48817,43524,1.000007356619665,0.999992643380335
high,710000005417,710000005453,36,710000005453,710000005459,710000005471,1,1,1,1,710000005423,710000005427,710000005433,710000005419,710000005421,710000005423,0,0,0,0,0,0,3.5,48817,43524,1.000007356619665,0.999992643380335
high,710000005871,710000005877,6,710000005873,710000005877,710000005919,2,0,1,1,710000005873,710000005877,710000005889,710000005873,710000005875,710000005877,0,1,1,0,0,1,3.5,48817,43524,1.000007356619665,0.999992643380335
high,710000005888,710000005919,31,710000005919,710000005943,710000005951,1,1,1,1,710000005889,710000005901,710000005903,710000005889,710000005891,710000005893,0,0,0,0,0,0,3.5,48817,43524,1.000007356619665,0.999992643380335
high,710000005912,710000005919,7,710000005919,710000005943,710000005951,1,1,1,1,710000005919,710000005921,710000005931,710000005913,710000005915,710000005917,1,1,1,0,0,0,3.5,48817,43524,1.000007356619665,0.999992643380335
high,710000006161,710000006167,6,710000006167,710000006257,710000006281,1,1,1,1,710000006167,710000006171,710000006173,710000006163,710000006165,710000006167,1,1,1,0,0,1,3.5,48817,43524,1.000007356619665,0.999992643380335
high,710000006441,710000006491,50,710000006491,710000006497,710000006501,1,1,1,1,710000006449,710000006453,710000006459,710000006443,710000006445,710000006447,0,0,0,0,0,0,3.5,48817,43524,1.000007356619665,0.999992643380335
high,710000006664,710000006669,5,710000006669,710000006693,710000006699,1,1,1,1,710000006669,710000006671,710000006687,710000006665,710000006667,710000006669,1,1,1,0,0,1,3.5,48817,43524,1.000007356619665,0.999992643380335
high,710000006961,710000006971,10,710000006971,710000007047,710000007061,1,1,1,1,710000006971,710000006977,710000006987,710000006963,710000006965,710000006967,1,1,1,0,0,0,3.5,48817,43524,1.000007356619665,0.999992643380335
high,710000007165,710000007229,64,710000007229,710000007247,710000007263,1,1,1,1,710000007169,710000007173,710000007179,710000007167,710000007169,710000007171,0,0,0,0,0,0,3.5,48817,43524,1.000007356619665,0.999992643380335
high,710000007169,710000007229,60,710000007229,710000007247,710000007263,1,1,1,1,710000007173,710000007179,710000007181,710000007171,710000007173,710000007175,0,0,0,0,0,0,3.5,48817,43524,1.000007356619665,0.999992643380335
high,710000007349,710000007359,10,710000007359,710000007371,710000007373,1,1,1,1,710000007359,710000007361,710000007371,710000007351,710000007353,710000007355,1,1,1,0,0,0,3.5,48817,43524,1.000007356619665,0.999992643380335
high,710000007420,710000007463,43,710000007463,710000007469,710000007511,1,1,1,1,710000007421,710000007427,710000007439,710000007421,710000007423,710000007425,0,0,0,0,0,0,3.5,48817,43524,1.000007356619665,0.999992643380335
high,710000007449,710000007463,14,710000007463,710000007469,710000007511,1,1,1,1,710000007461,710000007463,710000007467,710000007451,710000007453,710000007455,0,1,1,0,0,0,3.5,48817,43524,1.000007356619665,0.999992643380335
high,710000007533,710000007583,50,710000007583,710000007601,710000007611,1,1,1,1,710000007539,710000007547,710000007551,710000007535,710000007537,710000007539,0,0,0,0,0,0,3.5,48817,43524,1.000007356619665,0.999992643380335
high,710000007660,710000007667,7,710000007667,710000007779,710000007803,1,1,1,1,710000007667,710000007671,710000007677,710000007661,710000007663,710000007665,1,1,1,0,0,0,3.5,48817,43524,1.000007356619665,0.999992643380335
high,710000007955,710000007989,34,710000007989,710000008049,710000008057,1,1,1,1,710000007961,710000007971,710000007973,710000007957,710000007959,710000007961,0,0,0,0,0,0,3.5,48817,43524,1.000007356619665,0.999992643380335
high,710000008220,710000008229,9,710000008229,710000008259,710000008313,1,1,1,1,710000008229,710000008231,710000008241,710000008221,710000008223,710000008225,1,1,1,0,0,0,3.5,48817,43524,1.000007356619665,0.999992643380335
high,710000008263,710000008313,50,710000008313,710000008349,710000008351,1,1,1,1,710000008279,710000008283,710000008297,710000008265,710000008267,710000008269,0,0,0,0,0,0,3.5,48817,43524,1.000007356619665,0.999992643380335
high,710000008281,710000008313,32,710000008313,710000008349,710000008351,1,1,1,1,710000008283,710000008297,710000008301,710000008283,710000008285,710000008287,0,0,0,0,0,0,3.5,48817,43524,1.000007356619665,0.999992643380335
high,710000008348,710000008349,1,710000008349,710000008351,710000008357,1,1,1,1,710000008349,710000008351,710000008357,710000008349,710000008351,710000008353,1,1,1,1,1,1,3.5,48817,43524,1.000007356619665,0.999992643380335
high,710000008649,710000008667,18,710000008667,710000008723,710000008787,1,1,1,1,710000008657,710000008661,710000008667,710000008651,710000008653,710000008655,0,0,1,0,0,0,3.5,48817,43524,1.000007356619665,0.999992643380335
high,710000008846,710000008871,25,710000008871,710000008897,710000008909,1,1,1,1,710000008847,710000008849,710000008853,710000008847,710000008849,710000008851,0,0,0,0,0,0,3.5,48817,43524,1.000007356619665,0.999992643380335
high,710000008969,710000008973,4,710000008973,710000009003,710000009029,1,1,1,1,710000008973,710000008979,710000008981,710000008971,710000008973,710000008975,1,1,1,0,1,1,3.5,48817,43524,1.000007356619665,0.999992643380335
high,710000009103,710000009129,26,710000009129,710000009137,710000009141,1,1,1,1,710000009107,710000009111,710000009113,710000009105,710000009107,710000009109,0,0,0,0,0,0,3.5,48817,43524,1.000007356619665,0.999992643380335
high,710000009244,710000009261,17,710000009261,710000009273,710000009311,1,1,1,1,710000009249,710000009261,710000009263,710000009245,710000009247,710000009249,0,1,1,0,0,0,3.5,48817,43524,1.000007356619665,0.999992643380335
high,710000009425,710000009557,132,710000009549,710000009557,710000009573,2,0,1,1,710000009437,710000009441,710000009443,710000009427,710000009429,710000009431,0,0,0,0,0,0,3.5,48817,43524,1.000007356619665,0.999992643380335
high,710000009432,710000009557,125,710000009549,710000009557,710000009573,2,0,1,1,710000009437,710000009441,710000009443,710000009433,710000009435,710000009437,0,0,0,0,0,0,3.5,48817,43524,1.000007356619665,0.999992643380335
high,710000009521,710000009557,36,710000009549,710000009557,710000009573,2,0,1,1,710000009527,710000009533,710000009539,710000009523,710000009525,710000009527,0,0,0,0,0,0,3.5,48817,43524,1.000007356619665,0.999992643380335
high,710000009563,710000009573,10,710000009573,710000009581,710000009591,1,1,1,1,710000009567,710000009569,710000009573,710000009565,710000009567,710000009569,0,0,1,0,0,0,3.5,48817,43524,1.000007356619665,0.999992643380335
high,710000009887,710000009897,10,710000009897,710000009903,710000009923,1,1,1,1,710000009891,710000009893,710000009897,710000009889,710000009891,710000009893,0,0,1,0,0,0,3.5,48817,43524,1.000007356619665,0.999992643380335
high,710000009961,710000010017,56,710000010017,710000010023,710000010029,1,1,1,1,710000009969,710000009977,710000009981,710000009963,710000009965,710000009967,0,0,0,0,0,0,3.5,48817,43524,1.000007356619665,0.999992643380335
high,710000010166,710000010193,27,710000010193,710000010221,710000010257,1,1,1,1,710000010169,710000010173,710000010179,710000010167,710000010169,710000010171,0,0,0,0,0,0,3.5,48817,43524,1.000007356619665,0.999992643380335
high,710000010374,710000010451,77,710000010451,710000010469,710000010521,1,1,1,1,710000010383,710000010389,710000010397,710000010375,710000010377,710000010379,0,0,0,0,0,0,3.5,48817,43524,1.000007356619665,0.999992643380335
high,710000010580,710000010581,1,710000010581,710000010607,710000010631,1,1,1,1,710000010581,710000010583,710000010589,710000010581,710000010583,710000010585,1,1,1,1,1,1,3.5,48817,43524,1.000007356619665,0.999992643380335
high,710000010919,710000011001,82,710000010961,710000011001,710000011003,2,0,1,1,710000010931,710000010943,710000010947,710000010921,710000010923,710000010925,0,0,0,0,0,0,3.5,48817,43524,1.000007356619665,0.999992643380335
high,710000011169,710000011207,38,710000011207,710000011211,710000011229,1,1,1,1,710000011177,710000011181,710000011183,710000011171,710000011173,710000011175,0,0,0,0,0,0,3.5,48817,43524,1.000007356619665,0.999992643380335
high,710000011192,710000011207,15,710000011207,710000011211,710000011229,1,1,1,1,710000011199,710000011207,710000011211,710000011193,710000011195,710000011197,0,1,1,0,0,0,3.5,48817,43524,1.000007356619665,0.999992643380335
high,710000011382,710000011397,15,710000011397,710000011411,710000011429,1,1,1,1,710000011387,710000011393,710000011397,710000011383,710000011385,710000011387,0,0,1,0,0,0,3.5,48817,43524,1.000007356619665,0.999992643380335
high,710000011544,710000011547,3,710000011547,710000011561,710000011619,1,1,1,1,710000011547,710000011549,710000011561,710000011545,710000011547,710000011549,1,1,1,0,1,1,3.5,48817,43524,1.000007356619665,0.999992643380335
high,710000011635,710000011649,14,710000011649,710000011657,710000011727,1,1,1,1,710000011649,710000011657,710000011661,710000011637,710000011639,710000011641,1,1,1,0,0,0,3.5,48817,43524,1.000007356619665,0.999992643380335
high,710000011652,710000011657,5,710000011657,710000011727,710000011729,1,1,1,1,710000011657,710000011661,710000011663,710000011653,710000011655,710000011657,1,1,1,0,0,1,3.5,48817,43524,1.000007356619665,0.999992643380335
high,710000012288,710000012321,33,710000012321,710000012399,710000012419,1,1,1,1,710000012291,710000012297,710000012299,710000012289,710000012291,710000012293,0,0,0,0,0,0,3.5,48817,43524,1.000007356619665,0.999992643380335
high,710000012402,710000012419,17,710000012419,710000012443,710000012453,1,1,1,1,710000012413,710000012417,710000012419,710000012403,710000012405,710000012407,0,0,1,0,0,0,3.5,48817,43524,1.000007356619665,0.999992643380335
high,710000012587,710000012599,12,710000012599,710000012629,710000012633,1,1,1,1,710000012593,710000012597,710000012599,710000012589,710000012591,710000012593,0,0,1,0,0,0,3.5,48817,43524,1.000007356619665,0.999992643380335
high,710000012770,710000012791,21,710000012791,710000012819,710000012837,1,1,1,1,710000012773,710000012783,710000012789,710000012771,710000012773,710000012775,0,0,0,0,0,0,3.5,48817,43524,1.000007356619665,0.999992643380335
high,710000012839,710000012849,10,710000012849,710000012879,710000012893,1,1,1,1,710000012849,710000012857,710000012861,710000012841,710000012843,710000012845,1,1,1,0,0,0,3.5,48817,43524,1.000007356619665,0.999992643380335
high,710000012927,710000012957,30,710000012957,710000012971,710000012977,1,1,1,1,710000012929,710000012933,710000012941,710000012929,710000012931,710000012933,0,0,0,0,0,0,3.5,48817,43524,1.000007356619665,0.999992643380335
high,710000012939,710000012957,18,710000012957,710000012971,710000012977,1,1,1,1,710000012941,710000012947,710000012951,710000012941,710000012943,710000012945,0,0,0,0,0,0,3.5,48817,43524,1.000007356619665,0.999992643380335
high,710000014445,710000014459,14,710000014459,710000014469,710000014513,1,1,1,1,710000014453,710000014457,710000014459,710000014447,710000014449,710000014451,0,0,1,0,0,0,3.5,48817,43524,1.000007356619665,0.999992643380335
high,710000014482,710000014513,31,710000014513,710000014601,710000014609,1,1,1,1,710000014483,710000014487,710000014489,710000014483,710000014485,710000014487,0,0,0,0,0,0,3.5,48817,43524,1.000007356619665,0.999992643380335
high,710000014572,710000014601,29,710000014601,710000014609,710000014639,1,1,1,1,710000014579,710000014583,710000014589,710000014573,710000014575,710000014577,0,0,0,0,0,0,3.5,48817,43524,1.000007356619665,0.999992643380335
high,710000014599,710000014601,2,710000014601,710000014609,710000014639,1,1,1,1,710000014601,710000014609,710000014613,710000014601,710000014603,710000014605,1,1,1,1,1,1,3.5,48817,43524,1.000007356619665,0.999992643380335
high,710000014661,710000014681,20,710000014681,710000014709,710000014739,1,1,1,1,710000014663,710000014667,710000014673,710000014663,710000014665,710000014667,0,0,0,0,0,0,3.5,48817,43524,1.000007356619665,0.999992643380335
high,710000015168,710000015201,33,710000015173,710000015201,710000015213,2,0,1,1,710000015173,710000015177,710000015183,710000015169,710000015171,710000015173,0,0,0,0,0,0,3.5,48817,43524,1.000007356619665,0.999992643380335
high,710000015203,710000015213,10,710000015213,710000015323,710000015353,1,1,1,1,710000015213,710000015227,710000015233,710000015205,710000015207,710000015209,1,1,1,0,0,0,3.5,48817,43524,1.000007356619665,0.999992643380335
high,710000015544,710000015561,17,710000015561,710000015623,710000015629,1,1,1,1,710000015551,710000015561,710000015563,710000015545,710000015547,710000015549,0,1,1,0,0,0,3.5,48817,43524,1.000007356619665,0.999992643380335
high,710000015916,710000015917,1,710000015917,710000015939,710000015947,1,1,1,1,710000015917,710000015927,710000015939,710000015917,710000015919,710000015921,1,1,1,1,1,1,3.5,48817,43524,1.000007356619665,0.999992643380335
high,710000016288,710000016289,1,710000016289,710000016311,710000016317,1,1,1,1,710000016289,710000016293,710000016301,710000016289,710000016291,710000016293,1,1,1,1,1,1,3.5,48817,43524,1.000007356619665,0.999992643380335
high,710000016589,710000016617,28,710000016617,710000016631,710000016701,1,1,1,1,710000016599,710000016601,710000016611,710000016591,710000016593,710000016595,0,0,0,0,0,0,3.5,48817,43524,1.000007356619665,0.999992643380335
high,710000016904,710000016959,55,710000016959,710000016961,710000016989,1,1,1,1,710000016907,710000016911,710000016923,710000016905,710000016907,710000016909,0,0,0,0,0,0,3.5,48817,43524,1.000007356619665,0.999992643380335
high,710000017075,710000017081,6,710000017081,710000017091,710000017099,1,1,1,1,710000017081,710000017087,710000017091,710000017077,710000017079,710000017081,1,1,1,0,0,1,3.5,48817,43524,1.000007356619665,0.999992643380335
high,710000017733,710000017739,6,710000017739,710000017781,710000017789,1,1,1,1,710000017739,710000017751,710000017763,710000017735,710000017737,710000017739,1,1,1,0,0,1,3.5,48817,43524,1.000007356619665,0.999992643380335
high,710000017973,710000017999,26,710000017999,710000018027,710000018071,1,1,1,1,710000017999,710000018003,710000018009,710000017975,710000017977,710000017979,1,1,1,0,0,0,3.5,48817,43524,1.000007356619665,0.999992643380335
high,710000018433,710000018447,14,710000018447,710000018477,710000018503,1,1,1,1,710000018443,710000018447,710000018449,710000018435,710000018437,710000018439,0,1,1,0,0,0,3.5,48817,43524,1.000007356619665,0.999992643380335
high,710000018705,710000018797,92,710000018797,710000018807,710000018809,1,1,1,1,710000018719,710000018723,710000018729,710000018707,710000018709,710000018711,0,0,0,0,0,0,3.5,48817,43524,1.000007356619665,0.999992643380335
high,710000018811,710000018821,10,710000018821,710000018837,710000018929,1,1,1,1,710000018821,710000018831,710000018837,710000018813,710000018815,710000018817,1,1,1,0,0,0,3.5,48817,43524,1.000007356619665,0.999992643380335
high,710000019388,710000019389,1,710000019389,710000019409,710000019419,1,1,1,1,710000019389,710000019397,710000019401,710000019389,710000019391,710000019393,1,1,1,1,1,1,3.5,48817,43524,1.000007356619665,0.999992643380335
high,710000019599,710000019611,12,710000019611,710000019637,710000019709,1,1,1,1,710000019601,710000019607,710000019611,710000019601,710000019603,710000019605,0,0,1,0,0,0,3.5,48817,43524,1.000007356619665,0.999992643380335
high,710000019642,710000019709,67,710000019709,710000019727,710000019763,1,1,1,1,710000019643,710000019647,710000019649,710000019643,710000019645,710000019647,0,0,0,0,0,0,3.5,48817,43524,1.000007356619665,0.999992643380335
high,710000019687,710000019709,22,710000019709,710000019727,710000019763,1,1,1,1,710000019689,710000019709,710000019713,710000019689,710000019691,710000019693,0,1,1,0,0,0,3.5,48817,43524,1.000007356619665,0.999992643380335
high,710000020435,710000020441,6,710000020441,710000020447,710000020487,1,1,1,1,710000020439,710000020441,710000020447,710000020437,710000020439,710000020441,0,1,1,0,0,1,3.5,48817,43524,1.000007356619665,0.999992643380335
high,710000020769,710000020781,12,710000020781,710000020801,710000020909,1,1,1,1,710000020771,710000020777,710000020781,710000020771,710000020773,710000020775,0,0,1,0,0,0,3.5,48817,43524,1.000007356619665,0.999992643380335
high,710000020775,710000020781,6,710000020781,710000020801,710000020909,1,1,1,1,710000020777,710000020781,710000020787,710000020777,710000020779,710000020781,0,1,1,0,0,1,3.5,48817,43524,1.000007356619665,0.999992643380335
high,710000020860,710000020909,49,710000020909,710000020943,710000020957,1,1,1,1,710000020861,710000020867,710000020871,710000020861,710000020863,710000020865,0,0,0,0,0,0,3.5,48817,43524,1.000007356619665,0.999992643380335
high,710000021124,710000021141,17,710000021141,710000021153,710000021177,1,1,1,1,710000021131,710000021141,710000021147,710000021125,710000021127,710000021129,0,1,1,0,0,0,3.5,48817,43524,1.000007356619665,0.999992643380335
high,710000021213,710000021233,20,710000021233,710000021273,710000021327,1,1,1,1,710000021219,710000021221,710000021231,710000021215,710000021217,710000021219,0,0,0,0,0,0,3.5,48817,43524,1.000007356619665,0.999992643380335
high,710000021270,710000021273,3,710000021273,710000021327,710000021333,1,1,1,1,710000021273,710000021279,710000021281,710000021271,710000021273,710000021275,1,1,1,0,1,1,3.5,48817,43524,1.000007356619665,0.999992643380335
high,710000021517,710000021551,34,710000021551,710000021617,710000021641,1,1,1,1,710000021531,710000021537,710000021539,710000021519,710000021521,710000021523,0,0,0,0,0,0,3.5,48817,43524,1.000007356619665,0.999992643380335
high,710000021646,710000021671,25,710000021671,710000021681,710000021711,1,1,1,1,710000021651,710000021659,710000021663,710000021647,710000021649,710000021651,0,0,0,0,0,0,3.5,48817,43524,1.000007356619665,0.999992643380335
high,710000021722,710000021723,1,710000021723,710000021767,710000021833,1,1,1,1,710000021723,710000021729,710000021741,710000021723,710000021725,710000021727,1,1,1,1,1,1,3.5,48817,43524,1.000007356619665,0.999992643380335
high,710000022448,710000022499,51,710000022499,710000022551,710000022653,1,1,1,1,710000022449,710000022461,710000022463,710000022449,710000022451,710000022453,0,0,0,0,0,0,3.5,48817,43524,1.000007356619665,0.999992643380335
high,710000022630,710000022653,23,710000022653,710000022659,710000022701,1,1,1,1,710000022631,710000022637,710000022643,710000022631,710000022633,710000022635,0,0,0,0,0,0,3.5,48817,43524,1.000007356619665,0.999992643380335
high,710000022852,710000022871,19,710000022871,710000022943,710000022947,1,1,1,1,710000022857,710000022863,710000022869,710000022853,710000022855,710000022857,0,0,0,0,0,0,3.5,48817,43524,1.000007356619665,0.999992643380335
high,710000022952,710000022973,21,710000022973,710000022989,710000023001,1,1,1,1,710000022967,710000022971,710000022973,710000022953,710000022955,710000022957,0,0,1,0,0,0,3.5,48817,43524,1.000007356619665,0.999992643380335
high,710000023045,710000023069,24,710000023069,710000023121,710000023133,1,1,1,1,710000023049,710000023067,710000023069,710000023047,710000023049,710000023051,0,0,1,0,0,0,3.5,48817,43524,1.000007356619665,0.999992643380335
high,710000023071,710000023121,50,710000023121,710000023133,710000023211,1,1,1,1,710000023079,710000023081,710000023087,710000023073,710000023075,710000023077,0,0,0,0,0,0,3.5,48817,43524,1.000007356619665,0.999992643380335
high,710000023292,710000023331,39,710000023331,710000023349,710000023351,1,1,1,1,710000023297,710000023303,710000023307,710000023293,710000023295,710000023297,0,0,0,0,0,0,3.5,48817,43524,1.000007356619665,0.999992643380335
high,710000023635,710000023657,22,710000023657,710000023687,710000023703,1,1,1,1,710000023637,710000023639,710000023651,710000023637,710000023639,710000023641,0,0,0,0,0,0,3.5,48817,43524,1.000007356619665,0.999992643380335
high,710000023668,710000023687,19,710000023687,710000023703,710000023723,1,1,1,1,710000023669,710000023679,710000023687,710000023669,710000023671,710000023673,0,0,1,0,0,0,3.5,48817,43524,1.000007356619665,0.999992643380335
high,710000023913,710000023919,6,710000023919,710000023937,710000023973,1,1,1,1,710000023919,710000023921,710000023927,710000023915,710000023917,710000023919,1,1,1,0,0,1,3.5,48817,43524,1.000007356619665,0.999992643380335
high,710000023943,710000023973,30,710000023973,710000023979,710000024009,1,1,1,1,710000023949,710000023951,710000023961,710000023945,710000023947,710000023949,0,0,0,0,0,0,3.5,48817,43524,1.000007356619665,0.999992643380335
high,710000024041,710000024113,72,710000024113,710000024131,710000024159,1,1,1,1,710000024047,710000024051,710000024053,710000024043,710000024045,710000024047,0,0,0,0,0,0,3.5,48817,43524,1.000007356619665,0.999992643380335
high,710000024728,710000024731,3,710000024731,710000024743,710000024749,1,1,1,1,710000024731,710000024737,710000024743,710000024729,710000024731,710000024733,1,1,1,0,1,1,3.5,48817,43524,1.000007356619665,0.999992643380335
high,710000024896,710000024953,57,710000024953,710000024959,710000024977,1,1,1,1,710000024911,710000024917,710000024927,710000024897,710000024899,710000024901,0,0,0,0,0,0,3.5,48817,43524,1.000007356619665,0.999992643380335
high,710000025406,710000025461,55,710000025461,710000025481,710000025503,1,1,1,1,710000025407,710000025419,710000025421,710000025407,710000025409,710000025411,0,0,0,0,0,0,3.5,48817,43524,1.000007356619665,0.999992643380335
high,710000025512,710000025599,87,710000025599,710000025617,710000025653,1,1,1,1,710000025517,710000025523,710000025533,710000025513,710000025515,710000025517,0,0,0,0,0,0,3.5,48817,43524,1.000007356619665,0.999992643380335
high,710000025616,710000025617,1,710000025617,710000025653,710000025673,1,1,1,1,710000025617,710000025629,710000025641,710000025617,710000025619,710000025621,1,1,1,1,1,1,3.5,48817,43524,1.000007356619665,0.999992643380335
high,710000025669,710000025673,4,710000025673,710000025689,710000025767,1,1,1,1,710000025671,710000025673,710000025677,710000025671,710000025673,710000025675,0,1,1,0,1,1,3.5,48817,43524,1.000007356619665,0.999992643380335
high,710000025753,710000025781,28,710000025767,710000025781,710000025799,2,0,1,1,710000025767,710000025769,710000025773,710000025755,710000025757,710000025759,0,0,0,0,0,0,3.5,48817,43524,1.000007356619665,0.999992643380335
high,710000025972,710000025983,11,710000025983,710000025991,710000025997,1,1,1,1,710000025979,710000025983,710000025989,710000025973,710000025975,710000025977,0,1,1,0,0,0,3.5,48817,43524,1.000007356619665,0.999992643380335
high,710000025981,710000025983,2,710000025983,710000025991,710000025997,1,1,1,1,710000025983,710000025989,710000025991,710000025983,710000025985,710000025987,1,1,1,1,1,1,3.5,48817,43524,1.000007356619665,0.999992643380335
high,710000026454,710000026459,5,710000026459,710000026529,710000026537,1,1,1,1,710000026459,710000026469,710000026471,710000026455,710000026457,710000026459,1,1,1,0,0,1,3.5,48817,43524,1.000007356619665,0.999992643380335
high,710000026576,710000026577,1,710000026577,710000026597,710000026609,1,1,1,1,710000026577,710000026583,710000026591,710000026577,710000026579,710000026581,1,1,1,1,1,1,3.5,48817,43524,1.000007356619665,0.999992643380335
high,710000027172,710000027189,17,710000027189,710000027207,710000027213,1,1,1,1,710000027173,710000027179,710000027183,710000027173,710000027175,710000027177,0,0,0,0,0,0,3.5,48817,43524,1.000007356619665,0.999992643380335
high,710000027367,710000027437,70,710000027369,710000027437,710000027459,2,0,1,1,710000027369,710000027371,710000027377,710000027369,710000027371,710000027373,0,0,0,0,0,0,3.5,48817,43524,1.000007356619665,0.999992643380335
high,710000027607,710000027647,40,710000027647,710000027663,710000027701,1,1,1,1,710000027609,710000027621,710000027623,710000027609,710000027611,710000027613,0,0,0,0,0,0,3.5,48817,43524,1.000007356619665,0.999992643380335
high,710000027638,710000027647,9,710000027647,710000027663,710000027701,1,1,1,1,710000027641,710000027647,710000027651,710000027639,710000027641,710000027643,0,1,1,0,0,0,3.5,48817,43524,1.000007356619665,0.999992643380335
high,710000027667,710000027701,34,710000027701,710000027741,710000027773,1,1,1,1,710000027669,710000027677,710000027689,710000027669,710000027671,710000027673,0,0,0,0,0,0,3.5,48817,43524,1.000007356619665,0.999992643380335
high,710000027796,710000027813,17,710000027813,710000027827,710000027851,1,1,1,1,710000027797,710000027801,710000027809,710000027797,710000027799,710000027801,0,0,0,0,0,0,3.5,48817,43524,1.000007356619665,0.999992643380335
high,710000028291,710000028323,32,710000028323,710000028359,710000028391,1,1,1,1,710000028293,710000028301,710000028307,710000028293,710000028295,710000028297,0,0,0,0,0,0,3.5,48817,43524,1.000007356619665,0.999992643380335
high,710000028668,710000028739,71,710000028739,710000028769,710000028781,1,1,1,1,710000028671,710000028677,710000028679,710000028669,710000028671,710000028673,0,0,0,0,0,0,3.5,48817,43524,1.000007356619665,0.999992643380335
high,710000028722,710000028739,17,710000028739,710000028769,710000028781,1,1,1,1,710000028733,710000028737,710000028739,710000028723,710000028725,710000028727,0,0,1,0,0,0,3.5,48817,43524,1.000007356619665,0.999992643380335
high,710000028813,710000028821,8,710000028821,710000028901,710000028937,1,1,1,1,710000028817,710000028821,710000028823,710000028815,710000028817,710000028819,0,1,1,0,0,0,3.5,48817,43524,1.000007356619665,0.999992643380335
high,710000028821,710000028901,80,710000028901,710000028937,710000028989,1,1,1,1,710000028823,710000028827,710000028839,710000028823,710000028825,710000028827,0,0,0,0,0,0,3.5,48817,43524,1.000007356619665,0.999992643380335
high,710000028863,710000028901,38,710000028901,710000028937,710000028989,1,1,1,1,710000028869,710000028883,710000028889,710000028865,710000028867,710000028869,0,0,0,0,0,0,3.5,48817,43524,1.000007356619665,0.999992643380335
high,710000028904,710000028937,33,710000028937,710000028989,710000029003,1,1,1,1,710000028917,710000028919,710000028923,710000028905,710000028907,710000028909,0,0,0,0,0,0,3.5,48817,43524,1.000007356619665,0.999992643380335
high,710000029099,710000029117,18,710000029117,710000029127,710000029147,1,1,1,1,710000029103,710000029111,710000029117,710000029101,710000029103,710000029105,0,0,1,0,0,0,3.5,48817,43524,1.000007356619665,0.999992643380335
high,710000029291,710000029309,18,710000029309,710000029391,710000029433,1,1,1,1,710000029301,710000029303,710000029307,710000029293,710000029295,710000029297,0,0,0,0,0,0,3.5,48817,43524,1.000007356619665,0.999992643380335
high,710000029676,710000029691,15,710000029691,710000029703,710000029729,1,1,1,1,710000029679,710000029681,710000029691,710000029677,710000029679,710000029681,0,0,1,0,0,0,3.5,48817,43524,1.000007356619665,0.999992643380335
high,710000029848,710000029861,13,710000029861,710000029873,710000029909,1,1,1,1,710000029853,710000029859,710000029861,710000029849,710000029851,710000029853,0,0,1,0,0,0,3.5,48817,43524,1.000007356619665,0.999992643380335
high,710000030214,710000030239,25,710000030239,710000030249,710000030263,1,1,1,1,710000030219,710000030221,710000030231,710000030215,710000030217,710000030219,0,0,0,0,0,0,3.5,48817,43524,1.000007356619665,0.999992643380335
high,710000030512,710000030513,1,710000030513,710000030567,710000030569,1,1,1,1,710000030513,710000030527,710000030533,710000030513,710000030515,710000030517,1,1,1,1,1,1,3.5,48817,43524,1.000007356619665,0.999992643380335
high,710000030815,710000030879,64,710000030879,710000030881,710000030891,1,1,1,1,710000030819,710000030821,710000030827,710000030817,710000030819,710000030821,0,0,0,0,0,0,3.5,48817,43524,1.000007356619665,0.999992643380335
high,710000031349,710000031379,30,710000031379,710000031401,710000031407,1,1,1,1,710000031353,710000031361,710000031371,710000031351,710000031353,710000031355,0,0,0,0,0,0,3.5,48817,43524,1.000007356619665,0.999992643380335
high,710000032132,710000032151,19,710000032151,710000032201,710000032223,1,1,1,1,710000032139,710000032151,710000032153,710000032133,710000032135,710000032137,0,1,1,0,0,0,3.5,48817,43524,1.000007356619665,0.999992643380335
high,710000032518,710000032519,1,710000032519,710000032571,710000032633,1,1,1,1,710000032519,710000032523,710000032529,710000032519,710000032521,710000032523,1,1,1,1,1,1,3.5,48817,43524,1.000007356619665,0.999992643380335
high,710000032592,710000032633,41,710000032633,710000032657,710000032699,1,1,1,1,710000032597,710000032601,710000032603,710000032593,710000032595,710000032597,0,0,0,0,0,0,3.5,48817,43524,1.000007356619665,0.999992643380335
high,710000032664,710000032699,35,710000032699,710000032711,710000032717,1,1,1,1,710000032667,710000032669,710000032673,710000032665,710000032667,710000032669,0,0,0,0,0,0,3.5,48817,43524,1.000007356619665,0.999992643380335
high,710000032930,710000032967,37,710000032967,710000032979,710000032999,1,1,1,1,710000032933,710000032939,710000032943,710000032931,710000032933,710000032935,0,0,0,0,0,0,3.5,48817,43524,1.000007356619665,0.999992643380335
high,710000032944,710000032967,23,710000032967,710000032979,710000032999,1,1,1,1,710000032949,710000032961,710000032967,710000032945,710000032947,710000032949,0,0,1,0,0,0,3.5,48817,43524,1.000007356619665,0.999992643380335
high,710000033226,710000033231,5,710000033231,710000033291,710000033317,1,1,1,1,710000033227,710000033231,710000033233,710000033227,710000033229,710000033231,0,1,1,0,0,1,3.5,48817,43524,1.000007356619665,0.999992643380335
high,710000033378,710000033429,51,710000033429,710000033459,710000033461,1,1,1,1,710000033381,710000033383,710000033389,710000033379,710000033381,710000033383,0,0,0,0,0,0,3.5,48817,43524,1.000007356619665,0.999992643380335
high,710000033554,710000033647,93,710000033641,710000033647,710000033657,2,0,1,1,710000033557,710000033563,710000033573,710000033555,710000033557,710000033559,0,0,0,0,0,0,3.5,48817,43524,1.000007356619665,0.999992643380335
high,710000033954,710000033987,33,710000033987,710000034013,710000034019,1,1,1,1,710000033957,710000033959,710000033969,710000033955,710000033957,710000033959,0,0,0,0,0,0,3.5,48817,43524,1.000007356619665,0.999992643380335
high,710000034194,710000034217,23,710000034217,710000034251,710000034257,1,1,1,1,710000034197,710000034199,710000034203,710000034195,710000034197,710000034199,0,0,0,0,0,0,3.5,48817,43524,1.000007356619665,0.999992643380335
high,710000034300,710000034311,11,710000034311,710000034313,710000034349,1,1,1,1,710000034301,710000034311,710000034313,710000034301,710000034303,710000034305,0,1,1,0,0,0,3.5,48817,43524,1.000007356619665,0.999992643380335
high,710000034326,710000034349,23,710000034349,710000034361,710000034371,1,1,1,1,710000034329,710000034343,710000034347,710000034327,710000034329,710000034331,0,0,0,0,0,0,3.5,48817,43524,1.000007356619665,0.999992643380335
high,710000034478,710000034481,3,710000034481,710000034493,710000034509,1,1,1,1,710000034479,710000034481,710000034493,710000034479,710000034481,710000034483,0,1,1,0,1,1,3.5,48817,43524,1.000007356619665,0.999992643380335
high,710000035048,710000035049,1,710000035049,710000035079,710000035091,1,1,1,1,710000035049,710000035051,710000035057,710000035049,710000035051,710000035053,1,1,1,1,1,1,3.5,48817,43524,1.000007356619665,0.999992643380335
high,710000035139,710000035141,2,710000035141,710000035163,710000035183,1,1,1,1,710000035141,710000035153,710000035159,710000035141,710000035143,710000035145,1,1,1,1,1,1,3.5,48817,43524,1.000007356619665,0.999992643380335
high,710000035146,710000035163,17,710000035163,710000035183,710000035249,1,1,1,1,710000035153,710000035159,710000035163,710000035147,710000035149,710000035151,0,0,1,0,0,0,3.5,48817,43524,1.000007356619665,0.999992643380335
high,710000035688,710000035757,69,710000035757,710000035769,710000035807,1,1,1,1,710000035691,710000035697,710000035699,710000035689,710000035691,710000035693,0,0,0,0,0,0,3.5,48817,43524,1.000007356619665,0.999992643380335
high,710000036116,710000036129,13,710000036129,710000036197,710000036219,1,1,1,1,710000036117,710000036129,710000036131,710000036117,710000036119,710000036121,0,1,1,0,0,0,3.5,48817,43524,1.000007356619665,0.999992643380335
high,710000036156,710000036197,41,710000036197,710000036219,710000036231,1,1,1,1,710000036159,710000036167,710000036171,710000036157,710000036159,710000036161,0,0,0,0,0,0,3.5,48817,43524,1.000007356619665,0.999992643380335
high,710000036609,710000036611,2,710000036611,710000036621,710000036651,1,1,1,1,710000036611,710000036617,710000036621,710000036611,710000036613,710000036615,1,1,1,1,1,1,3.5,48817,43524,1.000007356619665,0.999992643380335
high,710000037143,710000037161,18,710000037161,710000037169,710000037203,1,1,1,1,710000037151,710000037157,710000037161,710000037145,710000037147,710000037149,0,0,1,0,0,0,3.5,48817,43524,1.000007356619665,0.999992643380335
high,710000037497,710000037517,20,710000037517,710000037533,710000037563,1,1,1,1,710000037499,710000037503,710000037511,710000037499,710000037501,710000037503,0,0,0,0,0,0,3.5,48817,43524,1.000007356619665,0.999992643380335
high,710000037584,710000037601,17,710000037601,710000037641,710000037661,1,1,1,1,710000037587,710000037599,710000037601,710000037585,710000037587,710000037589,0,0,1,0,0,0,3.5,48817,43524,1.000007356619665,0.999992643380335
high,710000038329,710000038331,2,710000038331,710000038409,710000038417,1,1,1,1,710000038331,710000038333,710000038337,710000038331,710000038333,710000038335,1,1,1,1,1,1,3.5,48817,43524,1.000007356619665,0.999992643380335
high,710000038559,710000038589,30,710000038589,710000038591,710000038597,1,1,1,1,710000038571,710000038589,710000038591,710000038561,710000038563,710000038565,0,1,1,0,0,0,3.5,48817,43524,1.000007356619665,0.999992643380335
high,710000038688,710000038711,23,710000038711,710000038739,710000038763,1,1,1,1,710000038697,710000038711,710000038717,710000038689,710000038691,710000038693,0,1,1,0,0,0,3.5,48817,43524,1.000007356619665,0.999992643380335
high,710000038780,710000038789,9,710000038789,710000038793,710000038801,1,1,1,1,710000038789,710000038793,710000038799,710000038781,710000038783,710000038785,1,1,1,0,0,0,3.5,48817,43524,1.000007356619665,0.999992643380335
high,710000039510,710000039513,3,710000039513,710000039629,710000039633,1,1,1,1,710000039513,710000039521,710000039531,710000039511,710000039513,710000039515,1,1,1,0,1,1,3.5,48817,43524,1.000007356619665,0.999992643380335
high,710000040016,710000040047,31,710000040047,710000040053,710000040089,1,1,1,1,710000040017,710000040019,710000040023,710000040017,710000040019,710000040021,0,0,0,0,0,0,3.5,48817,43524,1.000007356619665,0.999992643380335
high,710000040115,710000040227,112,710000040227,710000040259,710000040263,1,1,1,1,710000040119,710000040121,710000040133,710000040117,710000040119,710000040121,0,0,0,0,0,0,3.5,48817,43524,1.000007356619665,0.999992643380335
high,710000040196,710000040227,31,710000040227,710000040259,710000040263,1,1,1,1,710000040209,710000040221,710000040223,710000040197,710000040199,710000040201,0,0,0,0,0,0,3.5,48817,43524,1.000007356619665,0.999992643380335
high,710000040415,710000040511,96,710000040511,710000040523,710000040571,1,1,1,1,710000040419,710000040427,710000040433,710000040417,710000040419,710000040421,0,0,0,0,0,0,3.5,48817,43524,1.000007356619665,0.999992643380335
high,710000040674,710000040707,33,710000040707,710000040719,710000040833,1,1,1,1,710000040677,710000040679,710000040683,710000040675,710000040677,710000040679,0,0,0,0,0,0,3.5,48817,43524,1.000007356619665,0.999992643380335
high,710000040697,710000040707,10,710000040707,710000040719,710000040833,1,1,1,1,710000040703,710000040707,710000040713,710000040699,710000040701,710000040703,0,1,1,0,0,0,3.5,48817,43524,1.000007356619665,0.999992643380335
high,710000040888,710000040923,35,710000040923,710000040949,710000040991,1,1,1,1,710000040889,710000040901,710000040907,710000040889,710000040891,710000040893,0,0,0,0,0,0,3.5,48817,43524,1.000007356619665,0.999992643380335
high,710000040997,710000041013,16,710000041013,710000041019,710000041027,1,1,1,1,710000041001,710000041007,710000041013,710000040999,710000041001,710000041003,0,0,1,0,0,0,3.5,48817,43524,1.000007356619665,0.999992643380335
high,710000041005,710000041013,8,710000041013,710000041019,710000041027,1,1,1,1,710000041007,710000041013,710000041019,710000041007,710000041009,710000041011,0,1,1,0,0,0,3.5,48817,43524,1.000007356619665,0.999992643380335
high,710000041303,710000041357,54,710000041357,710000041417,710000041511,1,1,1,1,710000041307,710000041319,710000041327,710000041305,710000041307,710000041309,0,0,0,0,0,0,3.5,48817,43524,1.000007356619665,0.999992643380335
high,710000041391,710000041511,120,710000041417,710000041511,710000041567,2,0,1,1,710000041393,710000041397,710000041403,710000041393,710000041395,710000041397,0,0,0,0,0,0,3.5,48817,43524,1.000007356619665,0.999992643380335
high,710000042258,710000042261,3,710000042261,710000042267,710000042287,1,1,1,1,710000042261,710000042267,710000042281,710000042259,710000042261,710000042263,1,1,1,0,1,1,3.5,48817,43524,1.000007356619665,0.999992643380335
high,710000042263,710000042267,4,710000042267,710000042287,710000042299,1,1,1,1,710000042267,710000042281,710000042287,710000042265,710000042267,710000042269,1,1,1,0,1,1,3.5,48817,43524,1.000007356619665,0.999992643380335
high,710000042420,710000042429,9,710000042429,710000042447,710000042471,1,1,1,1,710000042429,710000042431,710000042441,710000042421,710000042423,710000042425,1,1,1,0,0,0,3.5,48817,43524,1.000007356619665,0.999992643380335
high,710000042611,710000042627,16,710000042627,710000042699,710000042767,1,1,1,1,710000042617,710000042621,710000042623,710000042613,710000042615,710000042617,0,0,0,0,0,0,3.5,48817,43524,1.000007356619665,0.999992643380335
high,710000042730,710000042767,37,710000042767,710000042779,710000042867,1,1,1,1,710000042737,710000042743,710000042747,710000042731,710000042733,710000042735,0,0,0,0,0,0,3.5,48817,43524,1.000007356619665,0.999992643380335
high,710000042805,710000042867,62,710000042867,710000042903,710000042933,1,1,1,1,710000042809,710000042819,710000042821,710000042807,710000042809,710000042811,0,0,0,0,0,0,3.5,48817,43524,1.000007356619665,0.999992643380335
high,710000043053,710000043073,20,710000043073,710000043101,710000043149,1,1,1,1,710000043059,710000043073,710000043079,710000043055,710000043057,710000043059,0,1,1,0,0,0,3.5,48817,43524,1.000007356619665,0.999992643380335
high,710000043319,710000043373,54,710000043371,710000043373,710000043413,2,0,1,1,710000043329,710000043331,710000043341,710000043321,710000043323,710000043325,0,0,0,0,0,0,3.5,48817,43524,1.000007356619665,0.999992643380335
high,710000043640,710000043733,93,710000043733,710000043757,710000043763,1,1,1,1,710000043647,710000043653,710000043659,710000043641,710000043643,710000043645,0,0,0,0,0,0,3.5,48817,43524,1.000007356619665,0.999992643380335
high,710000043760,710000043763,3,710000043763,710000043787,710000043839,1,1,1,1,710000043761,710000043763,710000043773,710000043761,710000043763,710000043765,0,1,1,0,1,1,3.5,48817,43524,1.000007356619665,0.999992643380335
high,710000043858,710000043889,31,710000043889,710000043901,710000043941,1,1,1,1,710000043869,710000043877,710000043881,710000043859,710000043861,710000043863,0,0,0,0,0,0,3.5,48817,43524,1.000007356619665,0.999992643380335
high,710000044695,710000044697,2,710000044697,710000044709,710000044723,1,1,1,1,710000044697,710000044709,710000044711,710000044697,710000044699,710000044701,1,1,1,1,1,1,3.5,48817,43524,1.000007356619665,0.999992643380335
high,710000044948,710000044951,3,710000044951,710000044987,710000045033,1,1,1,1,710000044951,710000044967,710000044969,710000044949,710000044951,710000044953,1,1,1,0,1,1,3.5,48817,43524,1.000007356619665,0.999992643380335
high,710000045283,710000045389,106,710000045389,710000045399,710000045449,1,1,1,1,710000045291,710000045297,710000045309,710000045285,710000045287,710000045289,0,0,0,0,0,0,3.5,48817,43524,1.000007356619665,0.999992643380335
high,710000045603,710000045617,14,710000045617,710000045627,710000045633,1,1,1,1,710000045609,710000045611,710000045617,710000045605,710000045607,710000045609,0,0,1,0,0,0,3.5,48817,43524,1.000007356619665,0.999992643380335
high,710000045700,710000045701,1,710000045701,710000045737,710000045747,1,1,1,1,710000045701,710000045717,710000045719,710000045701,710000045703,710000045705,1,1,1,1,1,1,3.5,48817,43524,1.000007356619665,0.999992643380335
high,710000046346,710000046347,1,710000046347,710000046383,710000046389,1,1,1,1,710000046347,710000046361,710000046373,710000046347,710000046349,710000046351,1,1,1,1,1,1,3.5,48817,43524,1.000007356619665,0.999992643380335
high,710000046422,710000046439,17,710000046439,710000046461,710000046463,1,1,1,1,710000046433,710000046439,710000046449,710000046423,710000046425,710000046427,0,1,1,0,0,0,3.5,48817,43524,1.000007356619665,0.999992643380335
high,710000046541,710000046559,18,710000046559,710000046563,710000046593,1,1,1,1,710000046551,710000046559,710000046563,710000046543,710000046545,710000046547,0,1,1,0,0,0,3.5,48817,43524,1.000007356619665,0.999992643380335
high,710000046676,710000046683,7,710000046683,710000046697,710000046719,1,1,1,1,710000046677,710000046683,710000046689,710000046677,710000046679,710000046681,0,1,1,0,0,0,3.5,48817,43524,1.000007356619665,0.999992643380335
high,710000047109,710000047121,12,710000047121,710000047177,710000047193,1,1,1,1,710000047111,710000047117,710000047121,710000047111,710000047113,710000047115,0,0,1,0,0,0,3.5,48817,43524,1.000007356619665,0.999992643380335
high,710000047149,710000047177,28,710000047177,710000047193,710000047213,1,1,1,1,710000047151,710000047153,710000047157,710000047151,710000047153,710000047155,0,0,0,0,0,0,3.5,48817,43524,1.000007356619665,0.999992643380335
high,710000047478,710000047481,3,710000047481,710000047531,710000047553,1,1,1,1,710000047481,710000047483,710000047487,710000047479,710000047481,710000047483,1,1,1,0,1,1,3.5,48817,43524,1.000007356619665,0.999992643380335
high,710000047648,710000047661,13,710000047661,710000047709,710000047711,1,1,1,1,710000047649,710000047651,710000047657,710000047649,710000047651,710000047653,0,0,0,0,0,0,3.5,48817,43524,1.000007356619665,0.999992643380335
high,710000047796,710000047843,47,710000047843,710000047853,710000047879,1,1,1,1,710000047807,710000047817,710000047819,710000047797,710000047799,710000047801,0,0,0,0,0,0,3.5,48817,43524,1.000007356619665,0.999992643380335
high,710000048084,710000048137,53,710000048137,710000048179,710000048213,1,1,1,1,710000048089,710000048099,710000048101,710000048085,710000048087,710000048089,0,0,0,0,0,0,3.5,48817,43524,1.000007356619665,0.999992643380335
high,710000048392,710000048413,21,710000048413,710000048447,710000048449,1,1,1,1,710000048399,710000048411,710000048413,710000048393,710000048395,710000048397,0,0,1,0,0,0,3.5,48817,43524,1.000007356619665,0.999992643380335
high,710000048532,710000048539,7,710000048539,710000048581,710000048621,1,1,1,1,710000048539,710000048543,710000048551,710000048533,710000048535,710000048537,1,1,1,0,0,0,3.5,48817,43524,1.000007356619665,0.999992643380335
high,710000048572,710000048581,9,710000048581,710000048621,710000048633,1,1,1,1,710000048573,710000048579,710000048581,710000048573,710000048575,710000048577,0,0,1,0,0,0,3.5,48817,43524,1.000007356619665,0.999992643380335
high,710000048606,710000048621,15,710000048621,710000048633,710000048683,1,1,1,1,710000048617,710000048621,710000048623,710000048607,710000048609,710000048611,0,1,1,0,0,0,3.5,48817,43524,1.000007356619665,0.999992643380335
high,710000048887,710000048963,76,710000048909,710000048963,710000048969,2,0,1,1,710000048893,710000048897,710000048899,710000048889,710000048891,710000048893,0,0,0,0,0,0,3.5,48817,43524,1.000007356619665,0.999992643380335
high,710000048938,710000048963,25,710000048963,710000048969,710000049029,1,1,1,1,710000048939,710000048941,710000048957,710000048939,710000048941,710000048943,0,0,0,0,0,0,3.5,48817,43524,1.000007356619665,0.999992643380335
high,710000049189,710000049191,2,710000049191,710000049233,710000049281,1,1,1,1,710000049191,710000049197,710000049203,710000049191,710000049193,710000049195,1,1,1,1,1,1,3.5,48817,43524,1.000007356619665,0.999992643380335
high,710000049288,710000049323,35,710000049323,710000049337,710000049347,1,1,1,1,710000049289,710000049299,710000049301,710000049289,710000049291,710000049293,0,0,0,0,0,0,3.5,48817,43524,1.000007356619665,0.999992643380335
high,710000049373,710000049397,24,710000049397,710000049419,710000049433,1,1,1,1,710000049377,710000049383,710000049389,710000049375,710000049377,710000049379,0,0,0,0,0,0,3.5,48817,43524,1.000007356619665,0.999992643380335
high,710000049407,710000049419,12,710000049419,710000049433,710000049439,1,1,1,1,710000049419,710000049427,710000049431,710000049409,710000049411,710000049413,1,1,1,0,0,0,3.5,48817,43524,1.000007356619665,0.999992643380335
high,710000049544,710000049553,9,710000049553,710000049611,710000049613,1,1,1,1,710000049547,710000049553,710000049557,710000049545,710000049547,710000049549,0,1,1,0,0,0,3.5,48817,43524,1.000007356619665,0.999992643380335
high,710000049560,710000049611,51,710000049611,710000049613,710000049631,1,1,1,1,710000049569,710000049571,710000049581,710000049561,710000049563,710000049565,0,0,0,0,0,0,3.5,48817,43524,1.000007356619665,0.999992643380335
high,710000049598,710000049611,13,710000049611,710000049613,710000049631,1,1,1,1,710000049601,710000049607,710000049611,710000049599,710000049601,710000049603,0,0,1,0,0,0,3.5,48817,43524,1.000007356619665,0.999992643380335
high,710000049642,710000049727,85,710000049727,710000049751,710000049757,1,1,1,1,710000049643,710000049653,710000049659,710000049643,710000049645,710000049647,0,0,0,0,0,0,3.5,48817,43524,1.000007356619665,0.999992643380335
high,710000049899,710000049929,30,710000049929,710000049931,710000049961,1,1,1,1,710000049907,710000049911,710000049917,710000049901,710000049903,710000049905,0,0,0,0,0,0,3.5,48817,43524,1.000007356619665,0.999992643380335
high,710000050198,710000050217,19,710000050217,710000050219,710000050273,1,1,1,1,710000050211,710000050213,710000050217,710000050199,710000050201,710000050203,0,0,1,0,0,0,3.5,48817,43524,1.000007356619665,0.999992643380335
high,710000050277,710000050301,24,710000050301,710000050337,710000050349,1,1,1,1,710000050283,710000050289,710000050301,710000050279,710000050281,710000050283,0,0,1,0,0,0,3.5,48817,43524,1.000007356619665,0.999992643380335
high,710000050626,710000050631,5,710000050631,710000050691,710000050693,1,1,1,1,710000050631,710000050633,710000050649,710000050627,710000050629,710000050631,1,1,1,0,0,1,3.5,48817,43524,1.000007356619665,0.999992643380335
high,710000050924,710000050931,7,710000050931,710000050967,710000050993,1,1,1,1,710000050931,710000050937,710000050939,710000050925,710000050927,710000050929,1,1,1,0,0,0,3.5,48817,43524,1.000007356619665,0.999992643380335
high,710000051287,710000051311,24,710000051303,710000051311,710000051329,2,0,1,1,710000051291,710000051297,710000051303,710000051289,710000051291,710000051293,0,0,0,0,0,0,3.5,48817,43524,1.000007356619665,0.999992643380335
high,710000051929,710000052011,82,710000051933,710000051983,710000052011,3,0,0,1,710000051933,710000051939,710000051941,710000051931,710000051933,710000051935,0,0,0,0,0,0,3.5,48817,43524,1.000007356619665,0.999992643380335
high,710000051995,710000052011,16,710000052011,710000052019,710000052023,1,1,1,1,710000052001,710000052007,710000052011,710000051997,710000051999,710000052001,0,0,1,0,0,0,3.5,48817,43524,1.000007356619665,0.999992643380335
high,710000052211,710000052227,16,710000052227,710000052241,710000052271,1,1,1,1,710000052217,710000052221,710000052227,710000052213,710000052215,710000052217,0,0,1,0,0,0,3.5,48817,43524,1.000007356619665,0.999992643380335
high,710000052343,710000052347,4,710000052347,710000052379,710000052413,1,1,1,1,710000052347,710000052353,710000052361,710000052345,710000052347,710000052349,1,1,1,0,1,1,3.5,48817,43524,1.000007356619665,0.999992643380335
high,710000052866,710000052929,63,710000052929,710000052947,710000052953,1,1,1,1,710000052869,710000052871,710000052877,710000052867,710000052869,710000052871,0,0,0,0,0,0,3.5,48817,43524,1.000007356619665,0.999992643380335
high,710000053053,710000053057,4,710000053057,710000053109,710000053117,1,1,1,1,710000053057,710000053067,710000053069,710000053055,710000053057,710000053059,1,1,1,0,1,1,3.5,48817,43524,1.000007356619665,0.999992643380335
high,710000053086,710000053109,23,710000053109,710000053117,710000053141,1,1,1,1,710000053097,710000053099,710000053109,710000053087,710000053089,710000053091,0,0,1,0,0,0,3.5,48817,43524,1.000007356619665,0.999992643380335
high,710000053193,710000053267,74,710000053267,710000053277,710000053291,1,1,1,1,710000053199,710000053201,710000053211,710000053195,710000053197,710000053199,0,0,0,0,0,0,3.5,48817,43524,1.000007356619665,0.999992643380335
high,710000053748,710000053759,11,710000053759,710000053769,710000053783,1,1,1,1,710000053751,710000053753,710000053757,710000053749,710000053751,710000053753,0,0,0,0,0,0,3.5,48817,43524,1.000007356619665,0.999992643380335
high,710000053772,710000053783,11,710000053783,710000053849,710000053871,1,1,1,1,710000053781,710000053783,710000053787,710000053773,710000053775,710000053777,0,1,1,0,0,0,3.5,48817,43524,1.000007356619665,0.999992643380335
high,710000053910,710000053937,27,710000053927,710000053937,710000053963,2,0,1,1,710000053913,710000053921,710000053927,710000053911,710000053913,710000053915,0,0,0,0,0,0,3.5,48817,43524,1.000007356619665,0.999992643380335
high,710000054006,710000054011,5,710000054011,710000054017,710000054053,1,1,1,1,710000054009,710000054011,710000054017,710000054007,710000054009,710000054011,0,1,1,0,0,1,3.5,48817,43524,1.000007356619665,0.999992643380335
high,710000054143,710000054177,34,710000054177,710000054191,710000054227,1,1,1,1,710000054147,710000054149,710000054161,710000054145,710000054147,710000054149,0,0,0,0,0,0,3.5,48817,43524,1.000007356619665,0.999992643380335
high,710000054151,710000054177,26,710000054177,710000054191,710000054227,1,1,1,1,710000054161,710000054167,710000054171,710000054153,710000054155,710000054157,0,0,0,0,0,0,3.5,48817,43524,1.000007356619665,0.999992643380335
high,710000054359,710000054369,10,710000054369,710000054437,710000054441,1,1,1,1,710000054369,710000054371,710000054381,710000054361,710000054363,710000054365,1,1,1,0,0,0,3.5,48817,43524,1.000007356619665,0.999992643380335
high,710000055905,710000055911,6,710000055911,710000055917,710000055949,1,1,1,1,710000055911,710000055913,710000055917,710000055907,710000055909,710000055911,1,1,1,0,0,1,3.5,48817,43524,1.000007356619665,0.999992643380335
high,710000056524,710000056607,83,710000056607,710000056609,710000056693,1,1,1,1,710000056529,710000056531,710000056537,710000056525,710000056527,710000056529,0,0,0,0,0,0,3.5,48817,43524,1.000007356619665,0.999992643380335
high,710000056551,710000056607,56,710000056607,710000056609,710000056693,1,1,1,1,710000056561,710000056567,710000056573,710000056553,710000056555,710000056557,0,0,0,0,0,0,3.5,48817,43524,1.000007356619665,0.999992643380335
high,710000056718,710000056763,45,710000056763,710000056813,710000056841,1,1,1,1,710000056721,710000056729,710000056739,710000056719,710000056721,710000056723,0,0,0,0,0,0,3.5,48817,43524,1.000007356619665,0.999992643380335
high,710000057015,710000057021,6,710000057021,710000057051,710000057099,1,1,1,1,710000057017,710000057021,710000057027,710000057017,710000057019,710000057021,0,1,1,0,0,1,3.5,48817,43524,1.000007356619665,0.999992643380335
high,710000057441,710000057497,56,710000057497,710000057513,710000057527,1,1,1,1,710000057443,710000057447,710000057449,710000057443,710000057445,710000057447,0,0,0,0,0,0,3.5,48817,43524,1.000007356619665,0.999992643380335
high,710000057646,710000057647,1,710000057647,710000057681,710000057731,1,1,1,1,710000057647,710000057651,710000057659,710000057647,710000057649,710000057651,1,1,1,1,1,1,3.5,48817,43524,1.000007356619665,0.999992643380335
high,710000057703,710000057731,28,710000057731,710000057747,710000057773,1,1,1,1,710000057707,710000057713,710000057717,710000057705,710000057707,710000057709,0,0,0,0,0,0,3.5,48817,43524,1.000007356619665,0.999992643380335
high,710000057811,710000057827,16,710000057827,710000057831,710000057839,1,1,1,1,710000057821,710000057827,710000057831,710000057813,710000057815,710000057817,0,1,1,0,0,0,3.5,48817,43524,1.000007356619665,0.999992643380335
high,710000058096,710000058101,5,710000058101,710000058133,710000058139,1,1,1,1,710000058101,710000058107,710000058113,710000058097,710000058099,710000058101,1,1,1,0,0,1,3.5,48817,43524,1.000007356619665,0.999992643380335
high,710000058267,710000058269,2,710000058269,710000058277,710000058289,1,1,1,1,710000058269,710000058277,710000058281,710000058269,710000058271,710000058273,1,1,1,1,1,1,3.5,48817,43524,1.000007356619665,0.999992643380335
high,710000058457,710000058479,22,710000058479,710000058499,710000058511,1,1,1,1,710000058461,710000058463,710000058479,710000058459,710000058461,710000058463,0,0,1,0,0,0,3.5,48817,43524,1.000007356619665,0.999992643380335
high,710000059126,710000059127,1,710000059127,710000059151,710000059157,1,1,1,1,710000059127,710000059129,710000059133,710000059127,710000059129,710000059131,1,1,1,1,1,1,3.5,48817,43524,1.000007356619665,0.999992643380335
high,710000059428,710000059429,1,710000059429,710000059453,710000059519,1,1,1,1,710000059429,710000059441,710000059451,710000059429,710000059431,710000059433,1,1,1,1,1,1,3.5,48817,43524,1.000007356619665,0.999992643380335
high,710000059726,710000059753,27,710000059753,710000059757,710000059763,1,1,1,1,710000059729,710000059733,710000059739,710000059727,710000059729,710000059731,0,0,0,0,0,0,3.5,48817,43524,1.000007356619665,0.999992643380335
high,710000059953,710000059999,46,710000059999,710000060051,710000060083,1,1,1,1,710000059957,710000059961,710000059963,710000059955,710000059957,710000059959,0,0,0,0,0,0,3.5,48817,43524,1.000007356619665,0.999992643380335
high,710000060226,710000060227,1,710000060227,710000060257,710000060269,1,1,1,1,710000060227,710000060233,710000060239,710000060227,710000060229,710000060231,1,1,1,1,1,1,3.5,48817,43524,1.000007356619665,0.999992643380335
high,710000060574,710000060603,29,710000060603,710000060639,710000060657,1,1,1,1,710000060587,710000060591,710000060593,710000060575,710000060577,710000060579,0,0,0,0,0,0,3.5,48817,43524,1.000007356619665,0.999992643380335
high,710000061027,710000061031,4,710000061031,710000061037,710000061047,1,1,1,1,710000061031,710000061037,710000061047,710000061029,710000061031,710000061033,1,1,1,0,1,1,3.5,48817,43524,1.000007356619665,0.999992643380335
high,710000061097,710000061103,6,710000061103,710000061139,710000061209,1,1,1,1,710000061101,710000061103,710000061107,710000061099,710000061101,710000061103,0,1,1,0,0,1,3.5,48817,43524,1.000007356619665,0.999992643380335
high,710000061170,710000061209,39,710000061209,710000061223,710000061227,1,1,1,1,710000061179,710000061181,710000061191,710000061171,710000061173,710000061175,0,0,0,0,0,0,3.5,48817,43524,1.000007356619665,0.999992643380335
high,710000061275,710000061289,14,710000061289,710000061307,710000061341,1,1,1,1,710000061283,710000061289,710000061293,710000061277,710000061279,710000061281,0,1,1,0,0,0,3.5,48817,43524,1.000007356619665,0.999992643380335
high,710000061308,710000061341,33,710000061341,710000061361,710000061391,1,1,1,1,710000061311,710000061317,710000061319,710000061309,710000061311,710000061313,0,0,0,0,0,0,3.5,48817,43524,1.000007356619665,0.999992643380335
high,710000061408,710000061427,19,710000061427,710000061499,710000061503,1,1,1,1,710000061409,710000061413,710000061427,710000061409,710000061411,710000061413,0,0,1,0,0,0,3.5,48817,43524,1.000007356619665,0.999992643380335
high,710000061723,710000061737,14,710000061737,710000061751,710000061767,1,1,1,1,710000061731,710000061733,710000061737,710000061725,710000061727,710000061729,0,0,1,0,0,0,3.5,48817,43524,1.000007356619665,0.999992643380335
high,710000061742,710000061767,25,710000061751,710000061767,710000061781,2,0,1,1,710000061751,710000061761,710000061763,710000061743,710000061745,710000061747,0,0,0,0,0,0,3.5,48817,43524,1.000007356619665,0.999992643380335
high,710000062234,710000062271,37,710000062271,710000062273,710000062297,1,1,1,1,710000062237,710000062241,710000062249,710000062235,710000062237,710000062239,0,0,0,0,0,0,3.5,48817,43524,1.000007356619665,0.999992643380335
high,710000062394,710000062423,29,710000062423,710000062487,710000062493,1,1,1,1,710000062397,710000062399,710000062411,710000062395,710000062397,710000062399,0,0,0,0,0,0,3.5,48817,43524,1.000007356619665,0.999992643380335
high,710000062868,710000062879,11,710000062879,710000062913,710000062921,1,1,1,1,710000062879,710000062883,710000062901,710000062869,710000062871,710000062873,1,1,1,0,0,0,3.5,48817,43524,1.000007356619665,0.999992643380335
high,710000063375,710000063407,32,710000063407,710000063413,710000063417,1,1,1,1,710000063389,710000063393,710000063401,710000063377,710000063379,710000063381,0,0,0,0,0,0,3.5,48817,43524,1.000007356619665,0.999992643380335
high,710000063482,710000063527,45,710000063527,710000063551,710000063573,1,1,1,1,710000063483,710000063491,710000063497,710000063483,710000063485,710000063487,0,0,0,0,0,0,3.5,48817,43524,1.000007356619665,0.999992643380335
high,710000063998,710000064017,19,710000064017,710000064031,710000064043,1,1,1,1,710000064001,710000064013,710000064017,710000063999,710000064001,710000064003,0,0,1,0,0,0,3.5,48817,43524,1.000007356619665,0.999992643380335
high,710000064326,710000064349,23,710000064349,710000064377,710000064401,1,1,1,1,710000064329,710000064337,710000064343,710000064327,710000064329,710000064331,0,0,0,0,0,0,3.5,48817,43524,1.000007356619665,0.999992643380335
high,710000064920,710000064923,3,710000064923,710000064937,710000064959,1,1,1,1,710000064923,710000064929,710000064931,710000064921,710000064923,710000064925,1,1,1,0,1,1,3.5,48817,43524,1.000007356619665,0.999992643380335
high,710000065120,710000065129,9,710000065129,710000065153,710000065207,1,1,1,1,710000065123,710000065129,710000065133,710000065121,710000065123,710000065125,0,1,1,0,0,0,3.5,48817,43524,1.000007356619665,0.999992643380335
high,710000065358,710000065387,29,710000065387,710000065417,710000065429,1,1,1,1,710000065361,710000065363,710000065373,710000065359,710000065361,710000065363,0,0,0,0,0,0,3.5,48817,43524,1.000007356619665,0.999992643380335
high,710000065409,710000065417,8,710000065417,710000065429,710000065441,1,1,1,1,710000065417,710000065421,710000065429,710000065411,710000065413,710000065415,1,1,1,0,0,0,3.5,48817,43524,1.000007356619665,0.999992643380335
high,710000065703,710000065727,24,710000065727,710000065741,710000065759,1,1,1,1,710000065711,710000065717,710000065721,710000065705,710000065707,710000065709,0,0,0,0,0,0,3.5,48817,43524,1.000007356619665,0.999992643380335
high,710000065845,710000065849,4,710000065849,710000065883,710000065913,1,1,1,1,710000065847,710000065849,710000065867,710000065847,710000065849,710000065851,0,1,1,0,1,1,3.5,48817,43524,1.000007356619665,0.999992643380335
high,710000065875,710000065883,8,710000065883,710000065913,710000065949,1,1,1,1,710000065877,710000065883,710000065889,710000065877,710000065879,710000065881,0,1,1,0,0,0,3.5,48817,43524,1.000007356619665,0.999992643380335
high,710000065931,710000065949,18,710000065949,710000065961,710000065979,1,1,1,1,710000065933,710000065939,710000065949,710000065933,710000065935,710000065937,0,0,1,0,0,0,3.5,48817,43524,1.000007356619665,0.999992643380335
high,710000066065,710000066099,34,710000066099,710000066147,710000066161,1,1,1,1,710000066077,710000066081,710000066099,710000066067,710000066069,710000066071,0,0,1,0,0,0,3.5,48817,43524,1.000007356619665,0.999992643380335
high,710000066087,710000066099,12,710000066099,710000066147,710000066161,1,1,1,1,710000066099,710000066101,710000066117,710000066089,710000066091,710000066093,1,1,1,0,0,0,3.5,48817,43524,1.000007356619665,0.999992643380335
high,710000066190,710000066197,7,710000066197,710000066213,710000066227,1,1,1,1,710000066197,710000066201,710000066207,710000066191,710000066193,710000066195,1,1,1,0,0,0,3.5,48817,43524,1.000007356619665,0.999992643380335
high,710000066694,710000066701,7,710000066701,710000066851,710000066861,1,1,1,1,710000066701,710000066707,710000066717,710000066695,710000066697,710000066699,1,1,1,0,0,0,3.5,48817,43524,1.000007356619665,0.999992643380335
high,710000067167,710000067187,20,710000067187,710000067211,710000067269,1,1,1,1,710000067169,710000067181,710000067187,710000067169,710000067171,710000067173,0,0,1,0,0,0,3.5,48817,43524,1.000007356619665,0.999992643380335
high,710000067198,710000067211,13,710000067211,710000067269,710000067307,1,1,1,1,710000067199,710000067209,710000067211,710000067199,710000067201,710000067203,0,0,1,0,0,0,3.5,48817,43524,1.000007356619665,0.999992643380335
high,710000067720,710000067731,11,710000067731,710000067737,710000067857,1,1,1,1,710000067727,710000067731,710000067737,710000067721,710000067723,710000067725,0,1,1,0,0,0,3.5,48817,43524,1.000007356619665,0.999992643380335
high,710000067797,710000067857,60,710000067857,710000067877,710000067899,1,1,1,1,710000067809,710000067817,710000067823,710000067799,710000067801,710000067803,0,0,0,0,0,0,3.5,48817,43524,1.000007356619665,0.999992643380335
high,710000067987,710000067991,4,710000067991,710000068009,710000068049,1,1,1,1,710000067991,710000068003,710000068007,710000067989,710000067991,710000067993,1,1,1,0,1,1,3.5,48817,43524,1.000007356619665,0.999992643380335
high,710000068110,710000068111,1,710000068111,710000068121,710000068139,1,1,1,1,710000068111,710000068121,710000068123,710000068111,710000068113,710000068115,1,1,1,1,1,1,3.5,48817,43524,1.000007356619665,0.999992643380335
high,710000068371,710000068409,38,710000068409,710000068411,710000068423,1,1,1,1,710000068373,710000068381,710000068387,710000068373,710000068375,710000068377,0,0,0,0,0,0,3.5,48817,43524,1.000007356619665,0.999992643380335
high,710000068447,710000068469,22,710000068469,710000068501,710000068523,1,1,1,1,710000068451,710000068457,710000068469,710000068449,710000068451,710000068453,0,0,1,0,0,0,3.5,48817,43524,1.000007356619665,0.999992643380335
high,710000068508,710000068523,15,710000068523,710000068529,710000068541,1,1,1,1,710000068511,710000068513,710000068517,710000068509,710000068511,710000068513,0,0,0,0,0,0,3.5,48817,43524,1.000007356619665,0.999992643380335
high,710000068956,710000068993,37,710000068969,710000068993,710000069011,2,0,1,1,710000068957,710000068961,710000068969,710000068957,710000068959,710000068961,0,0,0,0,0,0,3.5,48817,43524,1.000007356619665,0.999992643380335
high,710000069030,710000069089,59,710000069089,710000069117,710000069161,1,1,1,1,710000069033,710000069039,710000069041,710000069031,710000069033,710000069035,0,0,0,0,0,0,3.5,48817,43524,1.000007356619665,0.999992643380335
high,710000069132,710000069161,29,710000069161,710000069179,710000069237,1,1,1,1,710000069137,710000069143,710000069147,710000069133,710000069135,710000069137,0,0,0,0,0,0,3.5,48817,43524,1.000007356619665,0.999992643380335
high,710000069975,710000069981,6,710000069981,710000070001,710000070037,1,1,1,1,710000069981,710000069993,710000070001,710000069977,710000069979,710000069981,1,1,1,0,0,1,3.5,48817,43524,1.000007356619665,0.999992643380335
high,710000070134,710000070149,15,710000070149,710000070161,710000070163,1,1,1,1,710000070137,710000070139,710000070149,710000070135,710000070137,710000070139,0,0,1,0,0,0,3.5,48817,43524,1.000007356619665,0.999992643380335
high,710000070972,710000070979,7,710000070979,710000071013,710000071097,1,1,1,1,710000070973,710000070977,710000070979,710000070973,710000070975,710000070977,0,0,1,0,0,0,3.5,48817,43524,1.000007356619665,0.999992643380335
high,710000071143,710000071147,4,710000071147,710000071237,710000071243,1,1,1,1,710000071147,710000071159,710000071163,710000071145,710000071147,710000071149,1,1,1,0,1,1,3.5,48817,43524,1.000007356619665,0.999992643380335
high,710000071305,710000071327,22,710000071327,710000071331,710000071357,1,1,1,1,710000071307,710000071321,710000071327,710000071307,710000071309,710000071311,0,0,1,0,0,0,3.5,48817,43524,1.000007356619665,0.999992643380335
high,710000071390,710000071399,9,710000071399,710000071423,710000071519,1,1,1,1,710000071393,710000071397,710000071399,710000071391,710000071393,710000071395,0,0,1,0,0,0,3.5,48817,43524,1.000007356619665,0.999992643380335
high,710000071857,710000071877,20,710000071877,710000071931,710000071951,1,1,1,1,710000071861,710000071867,710000071873,710000071859,710000071861,710000071863,0,0,0,0,0,0,3.5,48817,43524,1.000007356619665,0.999992643380335
high,710000073178,710000073199,21,710000073199,710000073217,710000073311,1,1,1,1,710000073187,710000073191,710000073193,710000073179,710000073181,710000073183,0,0,0,0,0,0,3.5,48817,43524,1.000007356619665,0.999992643380335
high,710000073239,710000073311,72,710000073311,710000073323,710000073331,1,1,1,1,710000073241,710000073253,710000073257,710000073241,710000073243,710000073245,0,0,0,0,0,0,3.5,48817,43524,1.000007356619665,0.999992643380335
high,710000074037,710000074087,50,710000074087,710000074117,710000074127,1,1,1,1,710000074039,710000074057,710000074061,710000074039,710000074041,710000074043,0,0,0,0,0,0,3.5,48817,43524,1.000007356619665,0.999992643380335
high,710000074056,710000074087,31,710000074087,710000074117,710000074127,1,1,1,1,710000074057,710000074061,710000074067,710000074057,710000074059,710000074061,0,0,0,0,0,0,3.5,48817,43524,1.000007356619665,0.999992643380335
high,710000074441,710000074447,6,710000074447,710000074457,710000074489,1,1,1,1,710000074447,710000074451,710000074453,710000074443,710000074445,710000074447,1,1,1,0,0,1,3.5,48817,43524,1.000007356619665,0.999992643380335
high,710000074551,710000074579,28,710000074579,710000074657,710000074687,1,1,1,1,710000074559,710000074561,710000074571,710000074553,710000074555,710000074557,0,0,0,0,0,0,3.5,48817,43524,1.000007356619665,0.999992643380335
high,710000074884,710000074997,113,710000074997,710000075023,710000075033,1,1,1,1,710000074891,710000074897,710000074907,710000074885,710000074887,710000074889,0,0,0,0,0,0,3.5,48817,43524,1.000007356619665,0.999992643380335
high,710000075284,710000075297,13,710000075297,710000075311,710000075327,1,1,1,1,710000075297,710000075299,710000075303,710000075285,710000075287,710000075289,1,1,1,0,0,0,3.5,48817,43524,1.000007356619665,0.999992643380335
high,710000076280,710000076301,21,710000076301,710000076319,710000076323,1,1,1,1,710000076281,710000076283,710000076287,710000076281,710000076283,710000076285,0,0,0,0,0,0,3.5,48817,43524,1.000007356619665,0.999992643380335
high,710000076362,710000076371,9,710000076371,710000076389,710000076419,1,1,1,1,710000076367,710000076371,710000076377,710000076363,710000076365,710000076367,0,1,1,0,0,0,3.5,48817,43524,1.000007356619665,0.999992643380335
high,710000076644,710000076661,17,710000076661,710000076677,710000076701,1,1,1,1,710000076649,710000076659,710000076661,710000076645,710000076647,710000076649,0,0,1,0,0,0,3.5,48817,43524,1.000007356619665,0.999992643380335
high,710000077168,710000077183,15,710000077183,710000077201,710000077217,1,1,1,1,710000077169,710000077177,710000077181,710000077169,710000077171,710000077173,0,0,0,0,0,0,3.5,48817,43524,1.000007356619665,0.999992643380335
high,710000077284,710000077301,17,710000077301,710000077343,710000077411,1,1,1,1,710000077289,710000077291,710000077301,710000077285,710000077287,710000077289,0,0,1,0,0,0,3.5,48817,43524,1.000007356619665,0.999992643380335
high,710000077495,710000077499,4,710000077499,710000077597,710000077627,1,1,1,1,710000077499,710000077511,710000077513,710000077497,710000077499,710000077501,1,1,1,0,1,1,3.5,48817,43524,1.000007356619665,0.999992643380335
high,710000077509,710000077597,88,710000077597,710000077627,710000077637,1,1,1,1,710000077511,710000077513,710000077517,710000077511,710000077513,710000077515,0,0,0,0,0,0,3.5,48817,43524,1.000007356619665,0.999992643380335
high,710000077907,710000077931,24,710000077931,710000077987,710000078027,1,1,1,1,710000077909,710000077921,710000077931,710000077909,710000077911,710000077913,0,0,1,0,0,0,3.5,48817,43524,1.000007356619665,0.999992643380335
high,710000077943,710000077987,44,710000077987,710000078027,710000078101,1,1,1,1,710000077949,710000077951,710000077957,710000077945,710000077947,710000077949,0,0,0,0,0,0,3.5,48817,43524,1.000007356619665,0.999992643380335
high,710000078056,710000078101,45,710000078101,710000078131,710000078141,1,1,1,1,710000078057,710000078063,710000078069,710000078057,710000078059,710000078061,0,0,0,0,0,0,3.5,48817,43524,1.000007356619665,0.999992643380335
high,710000078440,710000078461,21,710000078461,710000078537,710000078549,1,1,1,1,710000078441,710000078443,710000078453,710000078441,710000078443,710000078445,0,0,0,0,0,0,3.5,48817,43524,1.000007356619665,0.999992643380335
high,710000078524,710000078537,13,710000078537,710000078549,710000078561,1,1,1,1,710000078527,710000078531,710000078533,710000078525,710000078527,710000078529,0,0,0,0,0,0,3.5,48817,43524,1.000007356619665,0.999992643380335
high,710000078694,710000078719,25,710000078719,710000078737,710000078747,1,1,1,1,710000078699,710000078701,710000078707,710000078695,710000078697,710000078699,0,0,0,0,0,0,3.5,48817,43524,1.000007356619665,0.999992643380335
high,710000078718,710000078719,1,710000078719,710000078737,710000078747,1,1,1,1,710000078719,710000078729,710000078731,710000078719,710000078721,710000078723,1,1,1,1,1,1,3.5,48817,43524,1.000007356619665,0.999992643380335
high,710000078756,710000078779,23,710000078779,710000078791,710000078807,1,1,1,1,710000078759,710000078761,710000078771,710000078757,710000078759,710000078761,0,0,0,0,0,0,3.5,48817,43524,1.000007356619665,0.999992643380335
high,710000078766,710000078779,13,710000078779,710000078791,710000078807,1,1,1,1,710000078771,710000078779,710000078783,710000078767,710000078769,710000078771,0,1,1,0,0,0,3.5,48817,43524,1.000007356619665,0.999992643380335
high,710000079212,710000079263,51,710000079263,710000079277,710000079281,1,1,1,1,710000079221,710000079223,710000079227,710000079213,710000079215,710000079217,0,0,0,0,0,0,3.5,48817,43524,1.000007356619665,0.999992643380335
high,710000079261,710000079263,2,710000079263,710000079277,710000079281,1,1,1,1,710000079263,710000079277,710000079281,710000079263,710000079265,710000079267,1,1,1,1,1,1,3.5,48817,43524,1.000007356619665,0.999992643380335
high,710000079408,710000079413,5,710000079413,710000079421,710000079491,1,1,1,1,710000079409,710000079413,710000079419,710000079409,710000079411,710000079413,0,1,1,0,0,1,3.5,48817,43524,1.000007356619665,0.999992643380335
high,710000079603,710000079623,20,710000079623,710000079653,710000079667,1,1,1,1,710000079611,710000079619,710000079623,710000079605,710000079607,710000079609,0,0,1,0,0,0,3.5,48817,43524,1.000007356619665,0.999992643380335
high,710000079672,710000079779,107,710000079779,710000079781,710000079787,1,1,1,1,710000079683,710000079689,710000079697,710000079673,710000079675,710000079677,0,0,0,0,0,0,3.5,48817,43524,1.000007356619665,0.999992643380335
high,710000079728,710000079779,51,710000079779,710000079781,710000079787,1,1,1,1,710000079739,710000079743,710000079749,710000079729,710000079731,710000079733,0,0,0,0,0,0,3.5,48817,43524,1.000007356619665,0.999992643380335
high,710000079936,710000079967,31,710000079967,710000080039,710000080051,1,1,1,1,710000079937,710000079941,710000079947,710000079937,710000079939,710000079941,0,0,0,0,0,0,3.5,48817,43524,1.000007356619665,0.999992643380335
high,710000080106,710000080129,23,710000080129,710000080133,710000080147,1,1,1,1,710000080109,710000080117,710000080121,710000080107,710000080109,710000080111,0,0,0,0,0,0,3.5,48817,43524,1.000007356619665,0.999992643380335
high,710000080468,710000080469,1,710000080469,710000080487,710000080499,1,1,1,1,710000080469,710000080477,710000080481,710000080469,710000080471,710000080473,1,1,1,1,1,1,3.5,48817,43524,1.000007356619665,0.999992643380335
high,710000080920,710000080967,47,710000080967,710000080973,710000080981,1,1,1,1,710000080921,710000080927,710000080939,710000080921,710000080923,710000080925,0,0,0,0,0,0,3.5,48817,43524,1.000007356619665,0.999992643380335
high,710000081245,710000081249,4,710000081249,710000081269,710000081281,1,1,1,1,710000081249,710000081257,710000081261,710000081247,710000081249,710000081251,1,1,1,0,1,1,3.5,48817,43524,1.000007356619665,0.999992643380335
high,710000081407,710000081459,52,710000081459,710000081471,710000081513,1,1,1,1,710000081419,710000081423,710000081429,710000081409,710000081411,710000081413,0,0,0,0,0,0,3.5,48817,43524,1.000007356619665,0.999992643380335
high,710000081549,710000081561,12,710000081561,710000081591,710000081621,1,1,1,1,710000081551,710000081561,710000081563,710000081551,710000081553,710000081555,0,1,1,0,0,0,3.5,48817,43524,1.000007356619665,0.999992643380335
high,710000081599,710000081621,22,710000081621,710000081627,710000081647,1,1,1,1,710000081603,710000081617,710000081621,710000081601,710000081603,710000081605,0,0,1,0,0,0,3.5,48817,43524,1.000007356619665,0.999992643380335
high,710000081765,710000081773,8,710000081773,710000081797,710000081803,1,1,1,1,710000081767,710000081771,710000081773,710000081767,710000081769,710000081771,0,0,1,0,0,0,3.5,48817,43524,1.000007356619665,0.999992643380335
high,710000082006,710000082013,7,710000082013,710000082031,710000082061,1,1,1,1,710000082007,710000082013,710000082017,710000082007,710000082009,710000082011,0,1,1,0,0,0,3.5,48817,43524,1.000007356619665,0.999992643380335
high,710000082146,710000082161,15,710000082161,710000082293,710000082347,1,1,1,1,710000082149,710000082151,710000082157,710000082147,710000082149,710000082151,0,0,0,0,0,0,3.5,48817,43524,1.000007356619665,0.999992643380335
high,710000082221,710000082293,72,710000082293,710000082347,710000082383,1,1,1,1,710000082227,710000082229,710000082241,710000082223,710000082225,710000082227,0,0,0,0,0,0,3.5,48817,43524,1.000007356619665,0.999992643380335
high,710000082441,710000082457,16,710000082457,710000082479,710000082509,1,1,1,1,710000082443,710000082457,710000082479,710000082443,710000082445,710000082447,0,1,1,0,0,0,3.5,48817,43524,1.000007356619665,0.999992643380335
high,710000082787,710000082889,102,710000082889,710000082893,710000082959,1,1,1,1,710000082793,710000082797,710000082811,710000082789,710000082791,710000082793,0,0,0,0,0,0,3.5,48817,43524,1.000007356619665,0.999992643380335
high,710000083485,710000083489,4,710000083489,710000083511,710000083519,1,1,1,1,710000083487,710000083489,710000083501,710000083487,710000083489,710000083491,0,1,1,0,1,1,3.5,48817,43524,1.000007356619665,0.999992643380335
high,710000083601,710000083631,30,710000083631,710000083643,710000083729,1,1,1,1,710000083603,710000083609,710000083613,710000083603,710000083605,710000083607,0,0,0,0,0,0,3.5,48817,43524,1.000007356619665,0.999992643380335
high,710000083780,710000083801,21,710000083801,710000083813,710000083817,1,1,1,1,710000083781,710000083783,710000083789,710000083781,710000083783,710000083785,0,0,0,0,0,0,3.5,48817,43524,1.000007356619665,0.999992643380335
high,710000084344,710000084429,85,710000084429,710000084489,710000084509,1,1,1,1,710000084347,710000084351,710000084357,710000084345,710000084347,710000084349,0,0,0,0,0,0,3.5,48817,43524,1.000007356619665,0.999992643380335
high,710000084746,710000084749,3,710000084749,710000084767,710000084803,1,1,1,1,710000084749,710000084753,710000084767,710000084747,710000084749,710000084751,1,1,1,0,1,1,3.5,48817,43524,1.000007356619665,0.999992643380335
high,710000084935,710000084939,4,710000084939,710000085001,710000085029,1,1,1,1,710000084939,710000084947,710000084951,710000084937,710000084939,710000084941,1,1,1,0,1,1,3.5,48817,43524,1.000007356619665,0.999992643380335
high,710000085020,710000085029,9,710000085029,710000085107,710000085161,1,1,1,1,710000085023,710000085029,710000085031,710000085021,710000085023,710000085025,0,1,1,0,0,0,3.5,48817,43524,1.000007356619665,0.999992643380335
high,710000085072,710000085107,35,710000085107,710000085161,710000085163,1,1,1,1,710000085073,710000085077,710000085083,710000085073,710000085075,710000085077,0,0,0,0,0,0,3.5,48817,43524,1.000007356619665,0.999992643380335
high,710000085214,710000085253,39,710000085253,710000085259,710000085281,1,1,1,1,710000085217,710000085227,710000085233,710000085215,710000085217,710000085219,0,0,0,0,0,0,3.5,48817,43524,1.000007356619665,0.999992643380335
high,710000085532,710000085533,1,710000085533,710000085541,710000085569,1,1,1,1,710000085533,710000085539,710000085541,710000085533,710000085535,710000085537,1,1,1,1,1,1,3.5,48817,43524,1.000007356619665,0.999992643380335
high,710000085629,710000085677,48,710000085677,710000085709,710000085713,1,1,1,1,710000085631,710000085637,710000085647,710000085631,710000085633,710000085635,0,0,0,0,0,0,3.5,48817,43524,1.000007356619665,0.999992643380335
high,710000085767,710000085779,12,710000085779,710000085799,710000085853,1,1,1,1,710000085779,710000085787,710000085797,710000085769,710000085771,710000085773,1,1,1,0,0,0,3.5,48817,43524,1.000007356619665,0.999992643380335
high,710000085812,710000085853,41,710000085853,710000085859,710000085881,1,1,1,1,710000085829,710000085833,710000085841,710000085813,710000085815,710000085817,0,0,0,0,0,0,3.5,48817,43524,1.000007356619665,0.999992643380335
high,710000085949,710000085953,4,710000085953,710000085973,710000085983,1,1,1,1,710000085953,710000085959,710000085961,710000085951,710000085953,710000085955,1,1,1,0,1,1,3.5,48817,43524,1.000007356619665,0.999992643380335
high,710000086907,710000086921,14,710000086921,710000086933,710000086973,1,1,1,1,710000086909,710000086919,710000086921,710000086909,710000086911,710000086913,0,0,1,0,0,0,3.5,48817,43524,1.000007356619665,0.999992643380335
high,710000087215,710000087227,12,710000087227,710000087263,710000087351,1,1,1,1,710000087219,710000087227,710000087231,710000087217,710000087219,710000087221,0,1,1,0,0,0,3.5,48817,43524,1.000007356619665,0.999992643380335
high,710000087733,710000087737,4,710000087737,710000087743,710000087777,1,1,1,1,710000087737,710000087743,710000087747,710000087735,710000087737,710000087739,1,1,1,0,1,1,3.5,48817,43524,1.000007356619665,0.999992643380335
high,710000088420,710000088443,23,710000088431,710000088443,710000088487,2,0,1,1,710000088431,710000088437,710000088439,710000088421,710000088423,710000088425,0,0,0,0,0,0,3.5,48817,43524,1.000007356619665,0.999992643380335
high,710000088800,710000088827,27,710000088827,710000088829,710000088869,1,1,1,1,710000088803,710000088821,710000088823,710000088801,710000088803,710000088805,0,0,0,0,0,0,3.5,48817,43524,1.000007356619665,0.999992643380335
high,710000089108,710000089129,21,710000089129,710000089151,710000089171,1,1,1,1,710000089109,710000089111,710000089121,710000089109,710000089111,710000089113,0,0,0,0,0,0,3.5,48817,43524,1.000007356619665,0.999992643380335
high,710000089194,710000089217,23,710000089217,710000089241,710000089243,1,1,1,1,710000089199,710000089207,710000089217,710000089195,710000089197,710000089199,0,0,1,0,0,0,3.5,48817,43524,1.000007356619665,0.999992643380335
high,710000089636,710000089651,15,710000089651,710000089657,710000089723,1,1,1,1,710000089637,710000089639,710000089651,710000089637,710000089639,710000089641,0,0,1,0,0,0,3.5,48817,43524,1.000007356619665,0.999992643380335
high,710000089737,710000089741,4,710000089741,710000089789,710000089823,1,1,1,1,710000089739,710000089741,710000089751,710000089739,710000089741,710000089743,0,1,1,0,1,1,3.5,48817,43524,1.000007356619665,0.999992643380335
high,710000089934,710000089987,53,710000089951,710000089987,710000090003,2,0,1,1,710000089937,710000089943,710000089949,710000089935,710000089937,710000089939,0,0,0,0,0,0,3.5,48817,43524,1.000007356619665,0.999992643380335
high,710000090056,710000090057,1,710000090057,710000090117,710000090171,1,1,1,1,710000090057,710000090069,710000090071,710000090057,710000090059,710000090061,1,1,1,1,1,1,3.5,48817,43524,1.000007356619665,0.999992643380335
high,710000090156,710000090171,15,710000090171,710000090221,710000090231,1,1,1,1,710000090159,710000090161,710000090167,710000090157,710000090159,710000090161,0,0,0,0,0,0,3.5,48817,43524,1.000007356619665,0.999992643380335
high,710000090190,710000090221,31,710000090221,710000090231,710000090237,1,1,1,1,710000090201,710000090203,710000090207,710000090191,710000090193,710000090195,0,0,0,0,0,0,3.5,48817,43524,1.000007356619665,0.999992643380335
high,710000090473,710000090477,4,710000090477,710000090479,710000090507,1,1,1,1,710000090477,710000090479,710000090483,710000090475,710000090477,710000090479,1,1,1,0,1,1,3.5,48817,43524,1.000007356619665,0.999992643380335
high,710000090530,710000090533,3,710000090533,710000090573,710000090603,1,1,1,1,710000090531,710000090533,710000090537,710000090531,710000090533,710000090535,0,1,1,0,1,1,3.5,48817,43524,1.000007356619665,0.999992643380335
high,710000091090,710000091137,47,710000091137,710000091149,710000091179,1,1,1,1,710000091091,710000091103,710000091107,710000091091,710000091093,710000091095,0,0,0,0,0,0,3.5,48817,43524,1.000007356619665,0.999992643380335
high,710000091271,710000091313,42,710000091313,710000091319,710000091329,1,1,1,1,710000091277,710000091287,710000091289,710000091273,710000091275,710000091277,0,0,0,0,0,0,3.5,48817,43524,1.000007356619665,0.999992643380335
high,710000091524,710000091547,23,710000091547,710000091551,710000091553,1,1,1,1,710000091527,710000091529,710000091547,710000091525,710000091527,710000091529,0,0,1,0,0,0,3.5,48817,43524,1.000007356619665,0.999992643380335
high,710000092097,710000092099,2,710000092099,710000092111,710000092177,1,1,1,1,710000092099,710000092103,710000092111,710000092099,710000092101,710000092103,1,1,1,1,1,1,3.5,48817,43524,1.000007356619665,0.999992643380335
high,710000092504,710000092511,7,710000092511,710000092517,710000092579,1,1,1,1,710000092507,710000092511,710000092513,710000092505,710000092507,710000092509,0,1,1,0,0,0,3.5,48817,43524,1.000007356619665,0.999992643380335
high,710000092565,710000092579,14,710000092579,710000092667,710000092699,1,1,1,1,710000092567,710000092573,710000092579,710000092567,710000092569,710000092571,0,0,1,0,0,0,3.5,48817,43524,1.000007356619665,0.999992643380335
high,710000092650,710000092667,17,710000092667,710000092699,710000092721,1,1,1,1,710000092657,710000092663,710000092667,710000092651,710000092653,710000092655,0,0,1,0,0,0,3.5,48817,43524,1.000007356619665,0.999992643380335
high,710000092744,710000092757,13,710000092757,710000092777,710000092793,1,1,1,1,710000092757,710000092759,710000092771,710000092745,710000092747,710000092749,1,1,1,0,0,0,3.5,48817,43524,1.000007356619665,0.999992643380335
high,710000094158,710000094161,3,710000094161,710000094179,710000094187,1,1,1,1,710000094161,710000094163,710000094169,710000094159,710000094161,710000094163,1,1,1,0,1,1,3.5,48817,43524,1.000007356619665,0.999992643380335
high,710000094168,710000094179,11,710000094179,710000094187,710000094197,1,1,1,1,710000094169,710000094173,710000094179,710000094169,710000094171,710000094173,0,0,1,0,0,0,3.5,48817,43524,1.000007356619665,0.999992643380335
high,710000094248,710000094263,15,710000094263,710000094299,710000094329,1,1,1,1,710000094253,710000094257,710000094263,710000094249,710000094251,710000094253,0,0,1,0,0,0,3.5,48817,43524,1.000007356619665,0.999992643380335
high,710000094340,710000094341,1,710000094341,710000094367,710000094413,1,1,1,1,710000094341,710000094343,710000094347,710000094341,710000094343,710000094345,1,1,1,1,1,1,3.5,48817,43524,1.000007356619665,0.999992643380335
high,710000094505,710000094527,22,710000094527,710000094541,710000094637,1,1,1,1,710000094509,710000094511,710000094523,710000094507,710000094509,710000094511,0,0,0,0,0,0,3.5,48817,43524,1.000007356619665,0.999992643380335
high,710000094603,710000094637,34,710000094637,710000094697,710000094763,1,1,1,1,710000094611,710000094619,710000094623,710000094605,710000094607,710000094609,0,0,0,0,0,0,3.5,48817,43524,1.000007356619665,0.999992643380335
high,710000094889,710000094907,18,710000094907,710000094911,710000094941,1,1,1,1,710000094899,710000094901,710000094907,710000094891,710000094893,710000094895,0,0,1,0,0,0,3.5,48817,43524,1.000007356619665,0.999992643380335
high,710000094891,710000094907,16,710000094907,710000094911,710000094941,1,1,1,1,710000094899,710000094901,710000094907,710000094893,710000094895,710000094897,0,0,1,0,0,0,3.5,48817,43524,1.000007356619665,0.999992643380335
high,710000095033,710000095037,4,710000095037,710000095039,710000095061,1,1,1,1,710000095037,710000095039,710000095043,710000095035,710000095037,710000095039,1,1,1,0,1,1,3.5,48817,43524,1.000007356619665,0.999992643380335
high,710000095421,710000095429,8,710000095429,710000095439,710000095471,1,1,1,1,710000095423,710000095429,710000095433,710000095423,710000095425,710000095427,0,1,1,0,0,0,3.5,48817,43524,1.000007356619665,0.999992643380335
high,710000095459,710000095471,12,710000095471,710000095489,710000095537,1,1,1,1,710000095471,710000095481,710000095489,710000095461,710000095463,710000095465,1,1,1,0,0,0,3.5,48817,43524,1.000007356619665,0.999992643380335
high,710000095625,710000095667,42,710000095667,710000095703,710000095741,1,1,1,1,710000095627,710000095631,710000095633,710000095627,710000095629,710000095631,0,0,0,0,0,0,3.5,48817,43524,1.000007356619665,0.999992643380335
high,710000095701,710000095703,2,710000095703,710000095741,710000095747,1,1,1,1,710000095703,710000095711,710000095723,710000095703,710000095705,710000095707,1,1,1,1,1,1,3.5,48817,43524,1.000007356619665,0.999992643380335
high,710000095704,710000095741,37,710000095741,710000095747,710000095829,1,1,1,1,710000095711,710000095723,710000095733,710000095705,710000095707,710000095709,0,0,0,0,0,0,3.5,48817,43524,1.000007356619665,0.999992643380335
high,710000095841,710000095853,12,710000095853,710000095913,710000095943,1,1,1,1,710000095853,710000095859,710000095867,710000095843,710000095845,710000095847,1,1,1,0,0,0,3.5,48817,43524,1.000007356619665,0.999992643380335
high,710000097077,710000097113,36,710000097113,710000097119,710000097133,1,1,1,1,710000097083,710000097089,710000097091,710000097079,710000097081,710000097083,0,0,0,0,0,0,3.5,48817,43524,1.000007356619665,0.999992643380335
high,710000097124,710000097133,9,710000097133,710000097137,710000097139,1,1,1,1,710000097127,710000097133,710000097137,710000097125,710000097127,710000097129,0,1,1,0,0,0,3.5,48817,43524,1.000007356619665,0.999992643380335
high,710000097157,710000097167,10,710000097167,710000097193,710000097203,1,1,1,1,710000097161,710000097167,710000097179,710000097159,710000097161,710000097163,0,1,1,0,0,0,3.5,48817,43524,1.000007356619665,0.999992643380335
high,710000097557,710000097571,14,710000097571,710000097683,710000097701,1,1,1,1,710000097559,710000097563,710000097571,710000097559,710000097561,710000097563,0,0,1,0,0,0,3.5,48817,43524,1.000007356619665,0.999992643380335
high,710000097619,710000097683,64,710000097683,710000097701,710000097749,1,1,1,1,710000097637,710000097641,710000097643,710000097621,710000097623,710000097625,0,0,0,0,0,0,3.5,48817,43524,1.000007356619665,0.999992643380335
high,710000097709,710000097749,40,710000097749,710000097769,710000097889,1,1,1,1,710000097713,710000097721,710000097731,710000097711,710000097713,710000097715,0,0,0,0,0,0,3.5,48817,43524,1.000007356619665,0.999992643380335
high,710000097767,710000097769,2,710000097769,710000097889,710000097893,1,1,1,1,710000097769,710000097773,710000097791,710000097769,710000097771,710000097773,1,1,1,1,1,1,3.5,48817,43524,1.000007356619665,0.999992643380335
high,710000098006,710000098013,7,710000098013,710000098019,710000098037,1,1,1,1,710000098007,710000098013,710000098019,710000098007,710000098009,710000098011,0,1,1,0,0,0,3.5,48817,43524,1.000007356619665,0.999992643380335
high,710000098060,710000098097,37,710000098069,710000098097,710000098103,2,0,1,1,710000098061,710000098069,710000098079,710000098061,710000098063,710000098065,0,0,0,0,0,0,3.5,48817,43524,1.000007356619665,0.999992643380335
high,710000098097,710000098103,6,710000098103,710000098121,710000098141,1,1,1,1,710000098099,710000098103,710000098111,710000098099,710000098101,710000098103,0,1,1,0,0,1,3.5,48817,43524,1.000007356619665,0.999992643380335
high,710000098489,710000098499,10,710000098499,710000098513,710000098529,1,1,1,1,710000098499,710000098501,710000098513,710000098491,710000098493,710000098495,1,1,1,0,0,0,3.5,48817,43524,1.000007356619665,0.999992643380335
high,710000098558,710000098559,1,710000098559,710000098567,710000098589,1,1,1,1,710000098559,710000098567,710000098571,710000098559,710000098561,710000098563,1,1,1,1,1,1,3.5,48817,43524,1.000007356619665,0.999992643380335
high,710000098740,710000098771,31,710000098771,710000098831,710000098859,1,1,1,1,710000098741,710000098751,710000098757,710000098741,710000098743,710000098745,0,0,0,0,0,0,3.5,48817,43524,1.000007356619665,0.999992643380335
high,710000099103,710000099117,14,710000099113,710000099117,710000099119,2,0,1,1,710000099113,710000099117,710000099119,710000099105,710000099107,710000099109,0,1,1,0,0,0,3.5,48817,43524,1.000007356619665,0.999992643380335
high,710000099425,710000099513,88,710000099513,710000099533,710000099551,1,1,1,1,710000099429,710000099437,710000099441,710000099427,710000099429,710000099431,0,0,0,0,0,0,3.5,48817,43524,1.000007356619665,0.999992643380335
high,710000099576,710000099647,71,710000099647,710000099689,710000099749,1,1,1,1,710000099579,710000099587,710000099591,710000099577,710000099579,710000099581,0,0,0,0,0,0,3.5,48817,43524,1.000007356619665,0.999992643380335
high,710000099944,710000099981,37,710000099981,710000099987,710000099989,1,1,1,1,710000099951,710000099953,710000099957,710000099945,710000099947,710000099949,0,0,0,0,0,0,3.5,48817,43524,1.000007356619665,0.999992643380335
high,710000100055,710000100091,36,710000100091,710000100097,710000100127,1,1,1,1,710000100067,710000100071,710000100077,710000100057,710000100059,710000100061,0,0,0,0,0,0,3.5,48817,43524,1.000007356619665,0.999992643380335
high,710000100423,710000100427,4,710000100427,710000100437,710000100443,1,1,1,1,710000100427,710000100431,710000100437,710000100425,710000100427,710000100429,1,1,1,0,1,1,3.5,48817,43524,1.000007356619665,0.999992643380335
high,710000100547,710000100587,40,710000100587,710000100629,710000100647,1,1,1,1,710000100553,710000100559,710000100569,710000100549,710000100551,710000100553,0,0,0,0,0,0,3.5,48817,43524,1.000007356619665,0.999992643380335
high,710000100709,710000100739,30,710000100739,710000100763,710000100773,1,1,1,1,710000100713,710000100721,710000100727,710000100711,710000100713,710000100715,0,0,0,0,0,0,3.5,48817,43524,1.000007356619665,0.999992643380335
high,710000101362,710000101367,5,710000101367,710000101379,710000101453,1,1,1,1,710000101367,710000101373,710000101379,710000101363,710000101365,710000101367,1,1,1,0,0,1,3.5,48817,43524,1.000007356619665,0.999992643380335
high,710000101923,710000101939,16,710000101939,710000101981,710000101991,1,1,1,1,710000101931,710000101933,710000101939,710000101925,710000101927,710000101929,0,0,1,0,0,0,3.5,48817,43524,1.000007356619665,0.999992643380335
high,710000102016,710000102041,25,710000102041,710000102059,710000102143,1,1,1,1,710000102017,710000102023,710000102027,710000102017,710000102019,710000102021,0,0,0,0,0,0,3.5,48817,43524,1.000007356619665,0.999992643380335
high,710000102226,710000102243,17,710000102237,710000102243,710000102281,2,0,1,1,710000102233,710000102237,710000102239,710000102227,710000102229,710000102231,0,0,0,0,0,0,3.5,48817,43524,1.000007356619665,0.999992643380335
high,710000102485,710000102501,16,710000102501,710000102551,710000102561,1,1,1,1,710000102489,710000102491,710000102501,710000102487,710000102489,710000102491,0,0,1,0,0,0,3.5,48817,43524,1.000007356619665,0.999992643380335
high,710000102549,710000102551,2,710000102551,710000102561,710000102587,1,1,1,1,710000102551,710000102557,710000102561,710000102551,710000102553,710000102555,1,1,1,1,1,1,3.5,48817,43524,1.000007356619665,0.999992643380335
high,710000103946,710000104049,103,710000104049,710000104057,710000104103,1,1,1,1,710000103947,710000103959,710000103961,710000103947,710000103949,710000103951,0,0,0,0,0,0,3.5,48817,43524,1.000007356619665,0.999992643380335
high,710000104301,710000104337,36,710000104337,710000104367,710000104399,1,1,1,1,710000104309,710000104313,710000104321,710000104303,710000104305,710000104307,0,0,0,0,0,0,3.5,48817,43524,1.000007356619665,0.999992643380335
high,710000104521,710000104523,2,710000104523,710000104547,710000104571,1,1,1,1,710000104523,710000104529,710000104531,710000104523,710000104525,710000104527,1,1,1,1,1,1,3.5,48817,43524,1.000007356619665,0.999992643380335
high,710000104588,710000104591,3,710000104591,710000104601,710000104607,1,1,1,1,710000104589,710000104591,710000104601,710000104589,710000104591,710000104593,0,1,1,0,1,1,3.5,48817,43524,1.000007356619665,0.999992643380335
high,710000104888,710000104903,15,710000104903,710000104939,710000104949,1,1,1,1,710000104889,710000104897,710000104903,710000104889,710000104891,710000104893,0,0,1,0,0,0,3.5,48817,43524,1.000007356619665,0.999992643380335
high,710000105335,710000105341,6,710000105341,710000105413,710000105467,1,1,1,1,710000105341,710000105351,710000105357,710000105337,710000105339,710000105341,1,1,1,0,0,1,3.5,48817,43524,1.000007356619665,0.999992643380335
high,710000105348,710000105413,65,710000105413,710000105467,710000105557,1,1,1,1,710000105351,710000105357,710000105359,710000105349,710000105351,710000105353,0,0,0,0,0,0,3.5,48817,43524,1.000007356619665,0.999992643380335
high,710000105459,710000105467,8,710000105467,710000105557,710000105587,1,1,1,1,710000105461,710000105467,710000105471,710000105461,710000105463,710000105465,0,1,1,0,0,0,3.5,48817,43524,1.000007356619665,0.999992643380335
high,710000105509,710000105557,48,710000105557,710000105587,710000105663,1,1,1,1,710000105519,710000105527,710000105531,710000105511,710000105513,710000105515,0,0,0,0,0,0,3.5,48817,43524,1.000007356619665,0.999992643380335
high,710000105844,710000105879,35,710000105879,710000105891,710000105933,1,1,1,1,710000105849,710000105851,710000105861,710000105845,710000105847,710000105849,0,0,0,0,0,0,3.5,48817,43524,1.000007356619665,0.999992643380335
high,710000105963,710000105987,24,710000105987,710000106041,710000106043,1,1,1,1,710000105977,710000105981,710000105987,710000105965,710000105967,710000105969,0,0,1,0,0,0,3.5,48817,43524,1.000007356619665,0.999992643380335
high,710000106073,710000106083,10,710000106083,710000106133,710000106157,1,1,1,1,710000106077,710000106083,710000106089,710000106075,710000106077,710000106079,0,1,1,0,0,0,3.5,48817,43524,1.000007356619665,0.999992643380335
high,710000106224,710000106229,5,710000106229,710000106239,710000106271,1,1,1,1,710000106229,710000106239,710000106241,710000106225,710000106227,710000106229,1,1,1,0,0,1,3.5,48817,43524,1.000007356619665,0.999992643380335
high,710000106409,710000106443,34,710000106443,710000106449,710000106457,1,1,1,1,710000106419,710000106421,710000106427,710000106411,710000106413,710000106415,0,0,0,0,0,0,3.5,48817,43524,1.000007356619665,0.999992643380335
high,710000106464,710000106467,3,710000106467,710000106503,710000106547,1,1,1,1,710000106467,710000106469,710000106479,710000106465,710000106467,710000106469,1,1,1,0,1,1,3.5,48817,43524,1.000007356619665,0.999992643380335
high,710000106886,710000106887,1,710000106887,710000106889,710000106911,1,1,1,1,710000106887,710000106889,710000106899,710000106887,710000106889,710000106891,1,1,1,1,1,1,3.5,48817,43524,1.000007356619665,0.999992643380335
high,710000107064,710000107081,17,710000107081,710000107087,710000107093,1,1,1,1,710000107067,710000107073,710000107081,710000107065,710000107067,710000107069,0,0,1,0,0,0,3.5,48817,43524,1.000007356619665,0.999992643380335
high,710000107658,710000107667,9,710000107667,710000107669,710000107697,1,1,1,1,710000107667,710000107669,710000107673,710000107659,710000107661,710000107663,1,1,1,0,0,0,3.5,48817,43524,1.000007356619665,0.999992643380335
high,710000107854,710000107919,65,710000107919,710000107951,710000107963,1,1,1,1,710000107867,710000107871,710000107877,710000107855,710000107857,710000107859,0,0,0,0,0,0,3.5,48817,43524,1.000007356619665,0.999992643380335
high,710000107988,710000108057,69,710000107997,710000108039,710000108057,3,0,0,1,710000107991,710000107997,710000108009,710000107989,710000107991,710000107993,0,0,0,0,0,0,3.5,48817,43524,1.000007356619665,0.999992643380335
high,710000108180,710000108197,17,710000108197,710000108203,710000108227,1,1,1,1,710000108189,710000108197,710000108201,710000108181,710000108183,710000108185,0,1,1,0,0,0,3.5,48817,43524,1.000007356619665,0.999992643380335
high,710000108206,710000108227,21,710000108227,710000108273,710000108299,1,1,1,1,710000108219,710000108221,710000108227,710000108207,710000108209,710000108211,0,0,1,0,0,0,3.5,48817,43524,1.000007356619665,0.999992643380335
high,710000108432,710000108549,117,710000108507,710000108549,710000108557,2,0,1,1,710000108443,710000108449,710000108453,710000108433,710000108435,710000108437,0,0,0,0,0,0,3.5,48817,43524,1.000007356619665,0.999992643380335
high,710000108465,710000108549,84,710000108507,710000108549,710000108557,2,0,1,1,710000108473,710000108479,710000108483,710000108467,710000108469,710000108471,0,0,0,0,0,0,3.5,48817,43524,1.000007356619665,0.999992643380335
high,710000108483,710000108549,66,710000108507,710000108549,710000108557,2,0,1,1,710000108491,710000108501,710000108507,710000108485,710000108487,710000108489,0,0,0,0,0,0,3.5,48817,43524,1.000007356619665,0.999992643380335
high,710000108702,710000108723,21,710000108723,710000108737,710000108789,1,1,1,1,710000108707,710000108711,710000108717,710000108703,710000108705,710000108707,0,0,0,0,0,0,3.5,48817,43524,1.000007356619665,0.999992643380335
high,710000108837,710000108861,24,710000108861,710000108869,710000108927,1,1,1,1,710000108843,710000108849,710000108861,710000108839,710000108841,710000108843,0,0,1,0,0,0,3.5,48817,43524,1.000007356619665,0.999992643380335
high,710000108889,710000108927,38,710000108927,710000108941,710000108971,1,1,1,1,710000108891,710000108893,710000108897,710000108891,710000108893,710000108895,0,0,0,0,0,0,3.5,48817,43524,1.000007356619665,0.999992643380335
high,710000109209,710000109229,20,710000109229,710000109293,710000109311,1,1,1,1,710000109211,710000109227,710000109229,710000109211,710000109213,710000109215,0,0,1,0,0,0,3.5,48817,43524,1.000007356619665,0.999992643380335
high,710000109226,710000109229,3,710000109229,710000109293,710000109311,1,1,1,1,710000109227,710000109229,710000109233,710000109227,710000109229,710000109231,0,1,1,0,1,1,3.5,48817,43524,1.000007356619665,0.999992643380335
high,710000109544,710000109547,3,710000109547,710000109583,710000109683,1,1,1,1,710000109547,710000109551,710000109557,710000109545,710000109547,710000109549,1,1,1,0,1,1,3.5,48817,43524,1.000007356619665,0.999992643380335
high,710000109555,710000109583,28,710000109583,710000109683,710000109691,1,1,1,1,710000109557,710000109569,710000109583,710000109557,710000109559,710000109561,0,0,1,0,0,0,3.5,48817,43524,1.000007356619665,0.999992643380335
high,710000110090,710000110097,7,710000110097,710000110111,710000110163,1,1,1,1,710000110091,710000110097,710000110109,710000110091,710000110093,710000110095,0,1,1,0,0,0,3.5,48817,43524,1.000007356619665,0.999992643380335
high,710000110997,710000111003,6,710000111003,710000111053,710000111071,1,1,1,1,710000110999,710000111003,710000111011,710000110999,710000111001,710000111003,0,1,1,0,0,1,3.5,48817,43524,1.000007356619665,0.999992643380335
high,710000111078,710000111111,33,710000111111,710000111129,710000111201,1,1,1,1,710000111083,710000111087,710000111099,710000111079,710000111081,710000111083,0,0,0,0,0,0,3.5,48817,43524,1.000007356619665,0.999992643380335
high,710000111239,710000111267,28,710000111267,710000111287,710000111291,1,1,1,1,710000111243,710000111251,710000111257,710000111241,710000111243,710000111245,0,0,0,0,0,0,3.5,48817,43524,1.000007356619665,0.999992643380335
high,710000111436,710000111467,31,710000111467,710000111473,710000111521,1,1,1,1,710000111437,710000111441,710000111453,710000111437,710000111439,710000111441,0,0,0,0,0,0,3.5,48817,43524,1.000007356619665,0.999992643380335
high,710000111504,710000111521,17,710000111521,710000111539,710000111567,1,1,1,1,710000111507,710000111519,710000111521,710000111505,710000111507,710000111509,0,0,1,0,0,0,3.5,48817,43524,1.000007356619665,0.999992643380335
high,710000111598,710000111603,5,710000111603,710000111627,710000111647,1,1,1,1,710000111603,710000111609,710000111617,710000111599,710000111601,710000111603,1,1,1,0,0,1,3.5,48817,43524,1.000007356619665,0.999992643380335
high,710000111949,710000111957,8,710000111957,710000111981,710000111983,1,1,1,1,710000111957,710000111959,710000111963,710000111951,710000111953,710000111955,1,1,1,0,0,0,3.5,48817,43524,1.000007356619665,0.999992643380335
high,710000112477,710000112491,14,710000112491,710000112539,710000112541,1,1,1,1,710000112491,710000112499,710000112509,710000112479,710000112481,710000112483,1,1,1,0,0,0,3.5,48817,43524,1.000007356619665,0.999992643380335
high,710000113549,710000113591,42,710000113591,710000113621,710000113651,1,1,1,1,710000113553,710000113561,710000113567,710000113551,710000113553,710000113555,0,0,0,0,0,0,3.5,48817,43524,1.000007356619665,0.999992643380335
high,710000113739,710000113759,20,710000113759,710000113763,710000113783,1,1,1,1,710000113751,710000113759,710000113763,710000113741,710000113743,710000113745,0,1,1,0,0,0,3.5,48817,43524,1.000007356619665,0.999992643380335
high,710000113893,710000113943,50,710000113943,710000113993,710000113997,1,1,1,1,710000113897,710000113903,710000113909,710000113895,710000113897,710000113899,0,0,0,0,0,0,3.5,48817,43524,1.000007356619665,0.999992643380335
high,710000113972,710000113993,21,710000113993,710000113997,710000114017,1,1,1,1,710000113973,710000113981,710000113987,710000113973,710000113975,710000113977,0,0,0,0,0,0,3.5,48817,43524,1.000007356619665,0.999992643380335
high,710000114215,710000114297,82,710000114297,710000114339,710000114359,1,1,1,1,710000114221,710000114227,710000114231,710000114217,710000114219,710000114221,0,0,0,0,0,0,3.5,48817,43524,1.000007356619665,0.999992643380335
high,710000114369,710000114377,8,710000114377,710000114399,710000114507,1,1,1,1,710000114371,710000114377,710000114381,710000114371,710000114373,710000114375,0,1,1,0,0,0,3.5,48817,43524,1.000007356619665,0.999992643380335
high,710000114964,710000114969,5,710000114969,710000114981,710000114987,1,1,1,1,710000114969,710000114977,710000114981,710000114965,710000114967,710000114969,1,1,1,0,0,1,3.5,48817,43524,1.000007356619665,0.999992643380335
high,710000115391,710000115421,30,710000115421,710000115431,710000115463,1,1,1,1,710000115397,710000115401,710000115403,710000115393,710000115395,710000115397,0,0,0,0,0,0,3.5,48817,43524,1.000007356619665,0.999992643380335
high,710000115613,710000115619,6,710000115619,710000115677,710000115703,1,1,1,1,710000115619,710000115623,710000115631,710000115615,710000115617,710000115619,1,1,1,0,0,1,3.5,48817,43524,1.000007356619665,0.999992643380335
high,710000116018,710000116061,43,710000116043,710000116061,710000116073,2,0,1,1,710000116027,710000116031,710000116037,710000116019,710000116021,710000116023,0,0,0,0,0,0,3.5,48817,43524,1.000007356619665,0.999992643380335
high,710000116121,710000116151,30,710000116151,710000116157,710000116181,1,1,1,1,710000116123,710000116127,710000116129,710000116123,710000116125,710000116127,0,0,0,0,0,0,3.5,48817,43524,1.000007356619665,0.999992643380335
high,710000116702,710000116711,9,710000116711,710000116747,710000116769,1,1,1,1,710000116703,710000116711,710000116717,710000116703,710000116705,710000116707,0,1,1,0,0,0,3.5,48817,43524,1.000007356619665,0.999992643380335
high,710000116813,710000116853,40,710000116853,710000116871,710000116873,1,1,1,1,710000116817,710000116823,710000116829,710000116815,710000116817,710000116819,0,0,0,0,0,0,3.5,48817,43524,1.000007356619665,0.999992643380335
high,710000116921,710000116967,46,710000116967,710000116979,710000116997,1,1,1,1,710000116927,710000116939,710000116949,710000116923,710000116925,710000116927,0,0,0,0,0,0,3.5,48817,43524,1.000007356619665,0.999992643380335
high,710000117136,710000117143,7,710000117143,710000117147,710000117149,1,1,1,1,710000117137,710000117143,710000117147,710000117137,710000117139,710000117141,0,1,1,0,0,0,3.5,48817,43524,1.000007356619665,0.999992643380335
high,710000117279,710000117317,38,710000117317,710000117377,710000117381,1,1,1,1,710000117287,710000117293,710000117297,710000117281,710000117283,710000117285,0,0,0,0,0,0,3.5,48817,43524,1.000007356619665,0.999992643380335
high,710000117558,710000117611,53,710000117611,710000117639,710000117677,1,1,1,1,710000117569,710000117573,710000117581,710000117559,710000117561,710000117563,0,0,0,0,0,0,3.5,48817,43524,1.000007356619665,0.999992643380335
high,710000118505,710000118521,16,710000118521,710000118539,710000118557,1,1,1,1,710000118511,710000118517,710000118521,710000118507,710000118509,710000118511,0,0,1,0,0,0,3.5,48817,43524,1.000007356619665,0.999992643380335
high,710000118591,710000118599,8,710000118599,710000118701,710000118721,1,1,1,1,710000118593,710000118599,710000118601,710000118593,710000118595,710000118597,0,1,1,0,0,0,3.5,48817,43524,1.000007356619665,0.999992643380335
high,710000118759,710000118787,28,710000118787,710000118791,710000118797,1,1,1,1,710000118761,710000118767,710000118769,710000118761,710000118763,710000118765,0,0,0,0,0,0,3.5,48817,43524,1.000007356619665,0.999992643380335
high,710000119154,710000119159,5,710000119159,710000119163,710000119193,1,1,1,1,710000119159,710000119163,710000119183,710000119155,710000119157,710000119159,1,1,1,0,0,1,3.5,48817,43524,1.000007356619665,0.999992643380335
high,710000119449,710000119511,62,710000119511,710000119561,710000119573,1,1,1,1,710000119457,710000119459,710000119463,710000119451,710000119453,710000119455,0,0,0,0,0,0,3.5,48817,43524,1.000007356619665,0.999992643380335
high,710000119494,710000119511,17,710000119511,710000119561,710000119573,1,1,1,1,710000119501,710000119511,710000119513,710000119495,710000119497,710000119499,0,1,1,0,0,0,3.5,48817,43524,1.000007356619665,0.999992643380335
high,710000120000,710000120023,23,710000120023,710000120041,710000120077,1,1,1,1,710000120003,710000120009,710000120017,710000120001,710000120003,710000120005,0,0,0,0,0,0,3.5,48817,43524,1.000007356619665,0.999992643380335
high,710000120302,710000120329,27,710000120329,710000120341,710000120407,1,1,1,1,710000120309,710000120311,710000120317,710000120303,710000120305,710000120307,0,0,0,0,0,0,3.5,48817,43524,1.000007356619665,0.999992643380335
high,710000121011,710000121059,48,710000121059,710000121071,710000121079,1,1,1,1,710000121013,710000121023,710000121029,710000121013,710000121015,710000121017,0,0,0,0,0,0,3.5,48817,43524,1.000007356619665,0.999992643380335
high,710000121315,710000121331,16,710000121331,710000121349,710000121359,1,1,1,1,710000121317,710000121319,710000121329,710000121317,710000121319,710000121321,0,0,0,0,0,0,3.5,48817,43524,1.000007356619665,0.999992643380335
high,710000121660,710000121679,19,710000121679,710000121689,710000121703,1,1,1,1,710000121667,710000121671,710000121673,710000121661,710000121663,710000121665,0,0,0,0,0,0,3.5,48817,43524,1.000007356619665,0.999992643380335
high,710000121791,710000121793,2,710000121793,710000121811,710000121821,1,1,1,1,710000121793,710000121811,710000121821,710000121793,710000121795,710000121797,1,1,1,1,1,1,3.5,48817,43524,1.000007356619665,0.999992643380335
high,710000121890,710000121893,3,710000121893,710000121913,710000121923,1,1,1,1,710000121893,710000121899,710000121907,710000121891,710000121893,710000121895,1,1,1,0,1,1,3.5,48817,43524,1.000007356619665,0.999992643380335
high,710000121900,710000121913,13,710000121913,710000121923,710000121959,1,1,1,1,710000121907,710000121913,710000121917,710000121901,710000121903,710000121905,0,1,1,0,0,0,3.5,48817,43524,1.000007356619665,0.999992643380335
high,710000121968,710000122021,53,710000122021,710000122057,710000122087,1,1,1,1,710000121973,710000121977,710000121979,710000121969,710000121971,710000121973,0,0,0,0,0,0,3.5,48817,43524,1.000007356619665,0.999992643380335
high,710000123035,710000123099,64,710000123099,710000123113,710000123123,1,1,1,1,710000123039,710000123047,710000123059,710000123037,710000123039,710000123041,0,0,0,0,0,0,3.5,48817,43524,1.000007356619665,0.999992643380335
high,710000123100,710000123113,13,710000123113,710000123123,710000123171,1,1,1,1,710000123101,710000123111,710000123113,710000123101,710000123103,710000123105,0,0,1,0,0,0,3.5,48817,43524,1.000007356619665,0.999992643380335
high,710000123162,710000123171,9,710000123171,710000123213,710000123219,1,1,1,1,710000123167,710000123171,710000123177,710000123163,710000123165,710000123167,0,1,1,0,0,0,3.5,48817,43524,1.000007356619665,0.999992643380335
high,710000123273,710000123281,8,710000123281,710000123293,710000123369,1,1,1,1,710000123281,710000123291,710000123293,710000123275,710000123277,710000123279,1,1,1,0,0,0,3.5,48817,43524,1.000007356619665,0.999992643380335
high,710000123466,710000123473,7,710000123473,710000123479,710000123519,1,1,1,1,710000123467,710000123471,710000123473,710000123467,710000123469,710000123471,0,0,1,0,0,0,3.5,48817,43524,1.000007356619665,0.999992643380335
high,710000123546,710000123557,11,710000123557,710000123603,710000123627,1,1,1,1,710000123551,710000123557,710000123561,710000123547,710000123549,710000123551,0,1,1,0,0,0,3.5,48817,43524,1.000007356619665,0.999992643380335
high,710000123922,710000123957,35,710000123957,710000123969,710000123983,1,1,1,1,710000123923,710000123927,710000123929,710000123923,710000123925,710000123927,0,0,0,0,0,0,3.5,48817,43524,1.000007356619665,0.999992643380335
high,710000124317,710000124331,14,710000124331,710000124347,710000124371,1,1,1,1,710000124319,710000124331,710000124341,710000124319,710000124321,710000124323,0,1,1,0,0,0,3.5,48817,43524,1.000007356619665,0.999992643380335
high,710000125351,710000125391,40,710000125391,710000125421,710000125447,1,1,1,1,710000125357,710000125361,710000125363,710000125353,710000125355,710000125357,0,0,0,0,0,0,3.5,48817,43524,1.000007356619665,0.999992643380335
high,710000126527,710000126567,40,710000126567,710000126603,710000126651,1,1,1,1,710000126531,710000126533,710000126543,710000126529,710000126531,710000126533,0,0,0,0,0,0,3.5,48817,43524,1.000007356619665,0.999992643380335
high,710000126594,710000126603,9,710000126603,710000126651,710000126659,1,1,1,1,710000126597,710000126599,710000126603,710000126595,710000126597,710000126599,0,0,1,0,0,0,3.5,48817,43524,1.000007356619665,0.999992643380335
high,710000126603,710000126651,48,710000126651,710000126659,710000126663,1,1,1,1,710000126609,710000126611,710000126617,710000126605,710000126607,710000126609,0,0,0,0,0,0,3.5,48817,43524,1.000007356619665,0.999992643380335
high,710000127273,710000127329,56,710000127329,710000127349,710000127391,1,1,1,1,710000127281,710000127283,710000127289,710000127275,710000127277,710000127279,0,0,0,0,0,0,3.5,48817,43524,1.000007356619665,0.999992643380335
high,710000127329,710000127349,20,710000127349,710000127391,710000127401,1,1,1,1,710000127337,710000127349,710000127359,710000127331,710000127333,710000127335,0,1,1,0,0,0,3.5,48817,43524,1.000007356619665,0.999992643380335
high,710000128548,710000128549,1,710000128549,710000128553,710000128559,1,1,1,1,710000128549,710000128553,710000128559,710000128549,710000128551,710000128553,1,1,1,1,1,1,3.5,48817,43524,1.000007356619665,0.999992643380335
high,710000128685,710000128697,12,710000128697,710000128703,710000128709,1,1,1,1,710000128687,710000128693,710000128697,710000128687,710000128689,710000128691,0,0,1,0,0,0,3.5,48817,43524,1.000007356619665,0.999992643380335
high,710000128979,710000129011,32,710000129011,710000129029,710000129051,1,1,1,1,710000128987,710000128991,710000128993,710000128981,710000128983,710000128985,0,0,0,0,0,0,3.5,48817,43524,1.000007356619665,0.999992643380335
high,710000129884,710000129893,9,710000129893,710000129953,710000129977,1,1,1,1,710000129887,710000129893,710000129897,710000129885,710000129887,710000129889,0,1,1,0,0,0,3.5,48817,43524,1.000007356619665,0.999992643380335
high,710000130107,710000130113,6,710000130113,710000130121,710000130127,1,1,1,1,710000130109,710000130113,710000130121,710000130109,710000130111,710000130113,0,1,1,0,0,1,3.5,48817,43524,1.000007356619665,0.999992643380335
high,710000130497,710000130517,20,710000130517,710000130607,710000130611,1,1,1,1,710000130517,710000130523,710000130527,710000130499,710000130501,710000130503,1,1,1,0,0,0,3.5,48817,43524,1.000007356619665,0.999992643380335
high,710000130687,710000130709,22,710000130709,710000130743,710000130757,1,1,1,1,710000130691,710000130701,710000130703,710000130689,710000130691,710000130693,0,0,0,0,0,0,3.5,48817,43524,1.000007356619665,0.999992643380335
high,710000131004,710000131019,15,710000131019,710000131039,710000131067,1,1,1,1,710000131007,710000131019,710000131021,710000131005,710000131007,710000131009,0,1,1,0,0,0,3.5,48817,43524,1.000007356619665,0.999992643380335
high,710000131107,710000131219,112,710000131219,710000131241,710000131277,1,1,1,1,710000131109,710000131111,710000131117,710000131109,710000131111,710000131113,0,0,0,0,0,0,3.5,48817,43524,1.000007356619665,0.999992643380335
high,710000131187,710000131219,32,710000131219,710000131241,710000131277,1,1,1,1,710000131189,710000131193,710000131199,710000131189,710000131191,710000131193,0,0,0,0,0,0,3.5,48817,43524,1.000007356619665,0.999992643380335
high,710000131237,710000131241,4,710000131241,710000131277,710000131307,1,1,1,1,710000131241,710000131249,710000131261,710000131239,710000131241,710000131243,1,1,1,0,1,1,3.5,48817,43524,1.000007356619665,0.999992643380335
high,710000131686,710000131691,5,710000131691,710000131721,710000131741,1,1,1,1,710000131691,710000131697,710000131699,710000131687,710000131689,710000131691,1,1,1,0,0,1,3.5,48817,43524,1.000007356619665,0.999992643380335
high,710000133015,710000133049,34,710000133049,710000133067,710000133079,1,1,1,1,710000133041,710000133043,710000133047,710000133017,710000133019,710000133021,0,0,0,0,0,0,3.5,48817,43524,1.000007356619665,0.999992643380335
high,710000133908,710000133929,21,710000133929,710000133949,710000133991,1,1,1,1,710000133911,710000133917,710000133923,710000133909,710000133911,710000133913,0,0,0,0,0,0,3.5,48817,43524,1.000007356619665,0.999992643380335
high,710000134282,710000134289,7,710000134289,710000134307,710000134321,1,1,1,1,710000134289,710000134297,710000134301,710000134283,710000134285,710000134287,1,1,1,0,0,0,3.5,48817,43524,1.000007356619665,0.999992643380335
high,710000134457,710000134483,26,710000134483,710000134499,710000134507,1,1,1,1,710000134463,710000134469,710000134471,710000134459,710000134461,710000134463,0,0,0,0,0,0,3.5,48817,43524,1.000007356619665,0.999992643380335
high,710000134509,710000134513,4,710000134513,710000134523,710000134531,1,1,1,1,710000134513,710000134517,710000134523,710000134511,710000134513,710000134515,1,1,1,0,1,1,3.5,48817,43524,1.000007356619665,0.999992643380335
high,710000134521,710000134523,2,710000134523,710000134531,710000134553,1,1,1,1,710000134523,710000134531,710000134537,710000134523,710000134525,710000134527,1,1,1,1,1,1,3.5,48817,43524,1.000007356619665,0.999992643380335
high,710000134721,710000134733,12,710000134733,710000134757,710000134799,1,1,1,1,710000134729,710000134733,710000134741,710000134723,710000134725,710000134727,0,1,1,0,0,0,3.5,48817,43524,1.000007356619665,0.999992643380335
high,710000134848,710000134871,23,710000134871,710000134873,710000134927,1,1,1,1,710000134849,710000134853,710000134861,710000134849,710000134851,710000134853,0,0,0,0,0,0,3.5,48817,43524,1.000007356619665,0.999992643380335
high,710000134943,710000134951,8,710000134951,710000134967,710000135011,1,1,1,1,710000134951,710000134967,710000134969,710000134945,710000134947,710000134949,1,1,1,0,0,0,3.5,48817,43524,1.000007356619665,0.999992643380335
high,710000134959,710000134967,8,710000134967,710000135011,710000135027,1,1,1,1,710000134967,710000134969,710000134973,710000134961,710000134963,710000134965,1,1,1,0,0,0,3.5,48817,43524,1.000007356619665,0.999992643380335
high,710000135051,710000135057,6,710000135057,710000135083,710000135123,1,1,1,1,710000135057,710000135063,710000135069,710000135053,710000135055,710000135057,1,1,1,0,0,1,3.5,48817,43524,1.000007356619665,0.999992643380335
high,710000135473,710000135489,16,710000135489,710000135543,710000135563,1,1,1,1,710000135479,710000135483,710000135489,710000135475,710000135477,710000135479,0,0,1,0,0,0,3.5,48817,43524,1.000007356619665,0.999992643380335
high,710000135477,710000135489,12,710000135489,710000135543,710000135563,1,1,1,1,710000135479,710000135483,710000135489,710000135479,710000135481,710000135483,0,0,1,0,0,0,3.5,48817,43524,1.000007356619665,0.999992643380335
high,710000135709,710000135723,14,710000135723,710000135771,710000135777,1,1,1,1,710000135711,710000135717,710000135723,710000135711,710000135713,710000135715,0,0,1,0,0,0,3.5,48817,43524,1.000007356619665,0.999992643380335
high,710000135912,710000135927,15,710000135927,710000135941,710000135987,1,1,1,1,710000135917,710000135927,710000135939,710000135913,710000135915,710000135917,0,1,1,0,0,0,3.5,48817,43524,1.000007356619665,0.999992643380335
high,710000136633,710000136647,14,710000136647,710000136701,710000136739,1,1,1,1,710000136641,710000136647,710000136649,710000136635,710000136637,710000136639,0,1,1,0,0,0,3.5,48817,43524,1.000007356619665,0.999992643380335
high,710000137049,710000137097,48,710000137097,710000137139,710000137151,1,1,1,1,710000137051,710000137057,710000137061,710000137051,710000137053,710000137055,0,0,0,0,0,0,3.5,48817,43524,1.000007356619665,0.999992643380335
high,710000137926,710000137939,13,710000137939,710000137943,710000137993,1,1,1,1,710000137927,710000137937,710000137939,710000137927,710000137929,710000137931,0,0,1,0,0,0,3.5,48817,43524,1.000007356619665,0.999992643380335
high,710000138069,710000138101,32,710000138101,710000138171,710000138179,1,1,1,1,710000138077,710000138087,710000138093,710000138071,710000138073,710000138075,0,0,0,0,0,0,3.5,48817,43524,1.000007356619665,0.999992643380335
high,710000138127,710000138171,44,710000138171,710000138179,710000138209,1,1,1,1,710000138131,710000138143,710000138147,710000138129,710000138131,710000138133,0,0,0,0,0,0,3.5,48817,43524,1.000007356619665,0.999992643380335
high,710000138635,710000138651,16,710000138651,710000138657,710000138699,1,1,1,1,710000138641,710000138647,710000138651,710000138637,710000138639,710000138641,0,0,1,0,0,0,3.5,48817,43524,1.000007356619665,0.999992643380335
high,710000138817,710000138843,26,710000138843,710000138893,710000138909,1,1,1,1,710000138831,710000138839,710000138843,710000138819,710000138821,710000138823,0,0,1,0,0,0,3.5,48817,43524,1.000007356619665,0.999992643380335
high,710000138896,710000138909,13,710000138909,710000138921,710000138923,1,1,1,1,710000138899,710000138909,710000138917,710000138897,710000138899,710000138901,0,1,1,0,0,0,3.5,48817,43524,1.000007356619665,0.999992643380335
high,710000139300,710000139307,7,710000139307,710000139311,710000139341,1,1,1,1,710000139301,710000139307,710000139311,710000139301,710000139303,710000139305,0,1,1,0,0,0,3.5,48817,43524,1.000007356619665,0.999992643380335
high,710000139305,710000139307,2,710000139307,710000139311,710000139341,1,1,1,1,710000139307,710000139311,710000139313,710000139307,710000139309,710000139311,1,1,1,1,1,1,3.5,48817,43524,1.000007356619665,0.999992643380335
high,710000139340,710000139341,1,710000139341,710000139397,710000139403,1,1,1,1,710000139341,710000139347,710000139349,710000139341,710000139343,710000139345,1,1,1,1,1,1,3.5,48817,43524,1.000007356619665,0.999992643380335
high,710000139627,710000139661,34,710000139661,710000139677,710000139679,1,1,1,1,710000139631,710000139637,710000139643,710000139629,710000139631,710000139633,0,0,0,0,0,0,3.5,48817,43524,1.000007356619665,0.999992643380335
high,710000139628,710000139661,33,710000139661,710000139677,710000139679,1,1,1,1,710000139631,710000139637,710000139643,710000139629,710000139631,710000139633,0,0,0,0,0,0,3.5,48817,43524,1.000007356619665,0.999992643380335
high,710000140089,710000140121,32,710000140121,710000140123,710000140147,1,1,1,1,710000140093,710000140097,710000140099,710000140091,710000140093,710000140095,0,0,0,0,0,0,3.5,48817,43524,1.000007356619665,0.999992643380335
high,710000141376,710000141387,11,710000141387,710000141401,710000141447,1,1,1,1,710000141377,710000141381,710000141387,710000141377,710000141379,710000141381,0,0,1,0,0,0,3.5,48817,43524,1.000007356619665,0.999992643380335
high,710000141464,710000141497,33,710000141497,710000141537,710000141569,1,1,1,1,710000141467,710000141479,710000141483,710000141465,710000141467,710000141469,0,0,0,0,0,0,3.5,48817,43524,1.000007356619665,0.999992643380335
high,710000142183,710000142191,8,710000142191,710000142209,710000142251,1,1,1,1,710000142191,710000142193,710000142197,710000142185,710000142187,710000142189,1,1,1,0,0,0,3.5,48817,43524,1.000007356619665,0.999992643380335
high,710000142185,710000142191,6,710000142191,710000142209,710000142251,1,1,1,1,710000142191,710000142193,710000142197,710000142187,710000142189,710000142191,1,1,1,0,0,1,3.5,48817,43524,1.000007356619665,0.999992643380335
high,710000142543,710000142581,38,710000142581,710000142629,710000142667,1,1,1,1,710000142547,710000142557,710000142559,710000142545,710000142547,710000142549,0,0,0,0,0,0,3.5,48817,43524,1.000007356619665,0.999992643380335
high,710000142869,710000142877,8,710000142877,710000142931,710000142977,1,1,1,1,710000142871,710000142877,710000142881,710000142871,710000142873,710000142875,0,1,1,0,0,0,3.5,48817,43524,1.000007356619665,0.999992643380335
high,710000143158,710000143159,1,710000143159,710000143169,710000143187,1,1,1,1,710000143159,710000143163,710000143169,710000143159,710000143161,710000143163,1,1,1,1,1,1,3.5,48817,43524,1.000007356619665,0.999992643380335
high,710000143474,710000143477,3,710000143477,710000143507,710000143529,1,1,1,1,710000143477,710000143481,710000143483,710000143475,710000143477,710000143479,1,1,1,0,1,1,3.5,48817,43524,1.000007356619665,0.999992643380335
high,710000143545,710000143577,32,710000143577,710000143597,710000143613,1,1,1,1,710000143547,710000143549,710000143553,710000143547,710000143549,710000143551,0,0,0,0,0,0,3.5,48817,43524,1.000007356619665,0.999992643380335
high,710000143682,710000143691,9,710000143691,710000143709,710000143711,1,1,1,1,710000143687,710000143691,710000143693,710000143683,710000143685,710000143687,0,1,1,0,0,0,3.5,48817,43524,1.000007356619665,0.999992643380335
high,710000144015,710000144033,18,710000144033,710000144041,710000144047,1,1,1,1,710000144033,710000144039,710000144041,710000144017,710000144019,710000144021,1,1,1,0,0,0,3.5,48817,43524,1.000007356619665,0.999992643380335
high,710000144027,710000144033,6,710000144033,710000144041,710000144047,1,1,1,1,710000144033,710000144039,710000144041,710000144029,710000144031,710000144033,1,1,1,0,0,1,3.5,48817,43524,1.000007356619665,0.999992643380335
high,710000144607,710000144611,4,710000144611,710000144617,710000144621,1,1,1,1,710000144611,710000144617,710000144621,710000144609,710000144611,710000144613,1,1,1,0,1,1,3.5,48817,43524,1.000007356619665,0.999992643380335
high,710000144862,710000144869,7,710000144869,710000144923,710000144981,1,1,1,1,710000144869,710000144873,710000144879,710000144863,710000144865,710000144867,1,1,1,0,0,0,3.5,48817,43524,1.000007356619665,0.999992643380335
high,710000145062,710000145077,15,710000145077,710000145131,710000145133,1,1,1,1,710000145073,710000145077,710000145079,710000145063,710000145065,710000145067,0,1,1,0,0,0,3.5,48817,43524,1.000007356619665,0.999992643380335
high,710000145412,710000145457,45,710000145457,710000145461,710000145487,1,1,1,1,710000145419,710000145427,710000145431,710000145413,710000145415,710000145417,0,0,0,0,0,0,3.5,48817,43524,1.000007356619665,0.999992643380335
high,710000145843,710000145859,16,710000145859,710000145917,710000145923,1,1,1,1,710000145847,710000145853,710000145859,710000145845,710000145847,710000145849,0,0,1,0,0,0,3.5,48817,43524,1.000007356619665,0.999992643380335
high,710000145890,710000145917,27,710000145917,710000145923,710000145947,1,1,1,1,710000145893,710000145901,710000145913,710000145891,710000145893,710000145895,0,0,0,0,0,0,3.5,48817,43524,1.000007356619665,0.999992643380335
high,710000146191,710000146223,32,710000146223,710000146243,710000146249,1,1,1,1,710000146199,710000146201,710000146213,710000146193,710000146195,710000146197,0,0,0,0,0,0,3.5,48817,43524,1.000007356619665,0.999992643380335
high,710000146250,710000146267,17,710000146267,710000146301,710000146327,1,1,1,1,710000146253,710000146259,710000146267,710000146251,710000146253,710000146255,0,0,1,0,0,0,3.5,48817,43524,1.000007356619665,0.999992643380335
high,710000146647,710000146693,46,710000146693,710000146697,710000146733,1,1,1,1,710000146651,710000146657,710000146663,710000146649,710000146651,710000146653,0,0,0,0,0,0,3.5,48817,43524,1.000007356619665,0.999992643380335
high,710000146799,710000146859,60,710000146859,710000146901,710000146927,1,1,1,1,710000146811,710000146813,710000146819,710000146801,710000146803,710000146805,0,0,0,0,0,0,3.5,48817,43524,1.000007356619665,0.999992643380335
high,710000146878,710000146901,23,710000146901,710000146927,710000146937,1,1,1,1,710000146879,710000146883,710000146897,710000146879,710000146881,710000146883,0,0,0,0,0,0,3.5,48817,43524,1.000007356619665,0.999992643380335
high,710000146920,710000146927,7,710000146927,710000146937,710000146943,1,1,1,1,710000146927,710000146931,710000146937,710000146921,710000146923,710000146925,1,1,1,0,0,0,3.5,48817,43524,1.000007356619665,0.999992643380335
high,710000146933,710000146937,4,710000146937,710000146943,710000147093,1,1,1,1,710000146937,710000146939,710000146943,710000146935,710000146937,710000146939,1,1,1,0,1,1,3.5,48817,43524,1.000007356619665,0.999992643380335
high,710000147074,710000147093,19,710000147093,710000147137,710000147161,1,1,1,1,710000147081,710000147083,710000147089,710000147075,710000147077,710000147079,0,0,0,0,0,0,3.5,48817,43524,1.000007356619665,0.999992643380335
high,710000147155,710000147161,6,710000147161,710000147173,710000147177,1,1,1,1,710000147159,710000147161,710000147167,710000147157,710000147159,710000147161,0,1,1,0,0,1,3.5,48817,43524,1.000007356619665,0.999992643380335
high,710000147223,710000147243,20,710000147243,710000147261,710000147273,1,1,1,1,710000147239,710000147243,710000147249,710000147225,710000147227,710000147229,0,1,1,0,0,0,3.5,48817,43524,1.000007356619665,0.999992643380335
high,710000148208,710000148211,3,710000148211,710000148223,710000148281,1,1,1,1,710000148211,710000148223,710000148227,710000148209,710000148211,710000148213,1,1,1,0,1,1,3.5,48817,43524,1.000007356619665,0.999992643380335
high,710000148393,710000148401,8,710000148401,710000148413,710000148457,1,1,1,1,710000148401,710000148409,710000148413,710000148395,710000148397,710000148399,1,1,1,0,0,0,3.5,48817,43524,1.000007356619665,0.999992643380335
high,710000148608,710000148619,11,710000148619,710000148623,710000148629,1,1,1,1,710000148619,710000148623,710000148629,710000148609,710000148611,710000148613,1,1,1,0,0,0,3.5,48817,43524,1.000007356619665,0.999992643380335
high,710000148941,710000148959,18,710000148959,710000149013,710000149073,1,1,1,1,710000148943,710000148947,710000148959,710000148943,710000148945,710000148947,0,0,1,0,0,0,3.5,48817,43524,1.000007356619665,0.999992643380335
high,710000148976,710000149013,37,710000149013,710000149073,710000149091,1,1,1,1,710000148983,710000148989,710000148997,710000148977,710000148979,710000148981,0,0,0,0,0,0,3.5,48817,43524,1.000007356619665,0.999992643380335
high,710000149190,710000149223,33,710000149223,710000149231,710000149259,1,1,1,1,710000149193,710000149207,710000149211,710000149191,710000149193,710000149195,0,0,0,0,0,0,3.5,48817,43524,1.000007356619665,0.999992643380335
high,710000149419,710000149477,58,710000149447,710000149477,710000149489,2,0,1,1,710000149421,710000149427,710000149429,710000149421,710000149423,710000149425,0,0,0,0,0,0,3.5,48817,43524,1.000007356619665,0.999992643380335
high,710000150327,710000150333,6,710000150333,710000150339,710000150383,1,1,1,1,710000150329,710000150333,710000150339,710000150329,710000150331,710000150333,0,1,1,0,0,1,3.5,48817,43524,1.000007356619665,0.999992643380335
high,710000150666,710000150729,63,710000150729,710000150737,710000150747,1,1,1,1,710000150669,710000150681,710000150683,710000150667,710000150669,710000150671,0,0,0,0,0,0,3.5,48817,43524,1.000007356619665,0.999992643380335
high,710000150920,710000150941,21,710000150941,710000151023,710000151053,1,1,1,1,710000150921,710000150927,710000150929,710000150921,710000150923,710000150925,0,0,0,0,0,0,3.5,48817,43524,1.000007356619665,0.999992643380335
high,710000151162,710000151181,19,710000151181,710000151191,710000151197,1,1,1,1,710000151163,710000151167,710000151169,710000151163,710000151165,710000151167,0,0,0,0,0,0,3.5,48817,43524,1.000007356619665,0.999992643380335
high,710000151341,710000151449,108,710000151449,710000151463,710000151479,1,1,1,1,710000151347,710000151349,710000151353,710000151343,710000151345,710000151347,0,0,0,0,0,0,3.5,48817,43524,1.000007356619665,0.999992643380335
high,710000151374,710000151449,75,710000151449,710000151463,710000151479,1,1,1,1,710000151383,710000151391,710000151397,710000151375,710000151377,710000151379,0,0,0,0,0,0,3.5,48817,43524,1.000007356619665,0.999992643380335
high,710000151740,710000151769,29,710000151769,710000151799,710000151827,1,1,1,1,710000151743,710000151761,710000151767,710000151741,710000151743,710000151745,0,0,0,0,0,0,3.5,48817,43524,1.000007356619665,0.999992643380335
high,710000152148,710000152181,33,710000152181,710000152193,710000152219,1,1,1,1,710000152151,710000152153,710000152157,710000152149,710000152151,710000152153,0,0,0,0,0,0,3.5,48817,43524,1.000007356619665,0.999992643380335
high,710000152151,710000152181,30,710000152181,710000152193,710000152219,1,1,1,1,710000152153,710000152157,710000152163,710000152153,710000152155,710000152157,0,0,0,0,0,0,3.5,48817,43524,1.000007356619665,0.999992643380335
high,710000153152,710000153209,57,710000153209,710000153347,710000153371,1,1,1,1,710000153153,710000153167,710000153173,710000153153,710000153155,710000153157,0,0,0,0,0,0,3.5,48817,43524,1.000007356619665,0.999992643380335
high,710000153210,710000153347,137,710000153347,710000153371,710000153381,1,1,1,1,710000153221,710000153227,710000153231,710000153211,710000153213,710000153215,0,0,0,0,0,0,3.5,48817,43524,1.000007356619665,0.999992643380335
high,710000153495,710000153497,2,710000153497,710000153503,710000153507,1,1,1,1,710000153497,710000153501,710000153503,710000153497,710000153499,710000153501,1,1,1,1,1,1,3.5,48817,43524,1.000007356619665,0.999992643380335
high,710000153532,710000153561,29,710000153561,710000153587,710000153647,1,1,1,1,710000153537,710000153543,710000153549,710000153533,710000153535,710000153537,0,0,0,0,0,0,3.5,48817,43524,1.000007356619665,0.999992643380335
high,710000153698,710000153789,91,710000153741,710000153789,710000153803,2,0,1,1,710000153699,710000153701,710000153711,710000153699,710000153701,710000153703,0,0,0,0,0,0,3.5,48817,43524,1.000007356619665,0.999992643380335
high,710000154919,710000154923,4,710000154923,710000154937,710000154961,1,1,1,1,710000154923,710000154931,710000154937,710000154921,710000154923,710000154925,1,1,1,0,1,1,3.5,48817,43524,1.000007356619665,0.999992643380335
high,710000154920,710000154923,3,710000154923,710000154937,710000154961,1,1,1,1,710000154923,710000154931,710000154937,710000154921,710000154923,710000154925,1,1,1,0,1,1,3.5,48817,43524,1.000007356619665,0.999992643380335
high,710000154999,710000155087,88,710000155087,710000155091,710000155157,1,1,1,1,710000155001,710000155003,710000155013,710000155001,710000155003,710000155005,0,0,0,0,0,0,3.5,48817,43524,1.000007356619665,0.999992643380335
high,710000155747,710000155783,36,710000155783,710000155789,710000155819,1,1,1,1,710000155751,710000155757,710000155759,710000155749,710000155751,710000155753,0,0,0,0,0,0,3.5,48817,43524,1.000007356619665,0.999992643380335
high,710000155786,710000155789,3,710000155789,710000155819,710000155829,1,1,1,1,710000155789,710000155801,710000155811,710000155787,710000155789,710000155791,1,1,1,0,1,1,3.5,48817,43524,1.000007356619665,0.999992643380335
high,710000155800,710000155819,19,710000155819,710000155829,710000155841,1,1,1,1,710000155801,710000155811,710000155817,710000155801,710000155803,710000155805,0,0,0,0,0,0,3.5,48817,43524,1.000007356619665,0.999992643380335
high,710000156088,710000156179,91,710000156141,710000156179,710000156189,2,0,1,1,710000156093,710000156101,710000156113,710000156089,710000156091,710000156093,0,0,0,0,0,0,3.5,48817,43524,1.000007356619665,0.999992643380335
high,710000156136,710000156179,43,710000156141,710000156179,710000156189,2,0,1,1,710000156137,710000156141,710000156143,710000156137,710000156139,710000156141,0,0,0,0,0,0,3.5,48817,43524,1.000007356619665,0.999992643380335
high,710000156436,710000156449,13,710000156449,710000156473,710000156507,1,1,1,1,710000156441,710000156443,710000156447,710000156437,710000156439,710000156441,0,0,0,0,0,0,3.5,48817,43524,1.000007356619665,0.999992643380335
high,710000156480,710000156507,27,710000156507,710000156531,710000156533,1,1,1,1,710000156497,710000156501,710000156507,710000156481,710000156483,710000156485,0,0,1,0,0,0,3.5,48817,43524,1.000007356619665,0.999992643380335
high,710000156687,710000156737,50,710000156737,710000156741,710000156773,1,1,1,1,710000156689,710000156693,710000156699,710000156689,710000156691,710000156693,0,0,0,0,0,0,3.5,48817,43524,1.000007356619665,0.999992643380335
high,710000156807,710000156821,14,710000156821,710000156843,710000156849,1,1,1,1,710000156809,710000156813,710000156821,710000156809,710000156811,710000156813,0,0,1,0,0,0,3.5,48817,43524,1.000007356619665,0.999992643380335
high,710000156841,710000156843,2,710000156843,710000156849,710000156857,1,1,1,1,710000156843,710000156849,710000156857,710000156843,710000156845,710000156847,1,1,1,1,1,1,3.5,48817,43524,1.000007356619665,0.999992643380335
high,710000156917,710000156963,46,710000156963,710000157071,710000157121,1,1,1,1,710000156923,710000156927,710000156933,710000156919,710000156921,710000156923,0,0,0,0,0,0,3.5,48817,43524,1.000007356619665,0.999992643380335
high,710000157228,710000157233,5,710000157233,710000157253,710000157257,1,1,1,1,710000157233,710000157239,710000157241,710000157229,710000157231,710000157233,1,1,1,0,0,1,3.5,48817,43524,1.000007356619665,0.999992643380335
high,710000157316,710000157331,15,710000157331,710000157337,710000157341,1,1,1,1,710000157319,710000157323,710000157331,710000157317,710000157319,710000157321,0,0,1,0,0,0,3.5,48817,43524,1.000007356619665,0.999992643380335
high,710000157433,710000157487,54,710000157487,710000157491,710000157547,1,1,1,1,710000157437,710000157439,710000157443,710000157435,710000157437,710000157439,0,0,0,0,0,0,3.5,48817,43524,1.000007356619665,0.999992643380335
high,710000157679,710000157689,10,710000157689,710000157701,710000157709,1,1,1,1,710000157683,710000157689,710000157697,710000157681,710000157683,710000157685,0,1,1,0,0,0,3.5,48817,43524,1.000007356619665,0.999992643380335
high,710000157719,710000157749,30,710000157749,710000157767,710000157787,1,1,1,1,710000157721,710000157731,710000157733,710000157721,710000157723,710000157725,0,0,0,0,0,0,3.5,48817,43524,1.000007356619665,0.999992643380335
high,710000157839,710000157847,8,710000157847,710000157883,710000157899,1,1,1,1,710000157847,710000157851,710000157857,710000157841,710000157843,710000157845,1,1,1,0,0,0,3.5,48817,43524,1.000007356619665,0.999992643380335
high,710000157864,710000157883,19,710000157883,710000157899,710000157947,1,1,1,1,710000157869,710000157871,710000157877,710000157865,710000157867,710000157869,0,0,0,0,0,0,3.5,48817,43524,1.000007356619665,0.999992643380335
high,710000157886,710000157899,13,710000157899,710000157947,710000157967,1,1,1,1,710000157887,710000157899,710000157901,710000157887,710000157889,710000157891,0,1,1,0,0,0,3.5,48817,43524,1.000007356619665,0.999992643380335
high,710000158095,710000158141,46,710000158141,710000158169,710000158207,1,1,1,1,710000158097,710000158099,710000158103,710000158097,710000158099,710000158101,0,0,0,0,0,0,3.5,48817,43524,1.000007356619665,0.999992643380335
high,710000158104,710000158141,37,710000158141,710000158169,710000158207,1,1,1,1,710000158121,710000158123,710000158129,710000158105,710000158107,710000158109,0,0,0,0,0,0,3.5,48817,43524,1.000007356619665,0.999992643380335
high,710000158327,710000158333,6,710000158333,710000158337,710000158339,1,1,1,1,710000158331,710000158333,710000158337,710000158329,710000158331,710000158333,0,1,1,0,0,1,3.5,48817,43524,1.000007356619665,0.999992643380335
high,710000159042,710000159069,27,710000159069,710000159083,710000159119,1,1,1,1,710000159047,710000159051,710000159053,710000159043,710000159045,710000159047,0,0,0,0,0,0,3.5,48817,43524,1.000007356619665,0.999992643380335
high,710000159268,710000159269,1,710000159269,710000159291,710000159339,1,1,1,1,710000159269,710000159273,710000159279,710000159269,710000159271,710000159273,1,1,1,1,1,1,3.5,48817,43524,1.000007356619665,0.999992643380335
high,710000159474,710000159521,47,710000159507,710000159521,710000159551,2,0,1,1,710000159483,710000159489,710000159497,710000159475,710000159477,710000159479,0,0,0,0,0,0,3.5,48817,43524,1.000007356619665,0.999992643380335
high,710000159891,710000159893,2,710000159893,710000159917,710000159923,1,1,1,1,710000159893,710000159899,710000159903,710000159893,710000159895,710000159897,1,1,1,1,1,1,3.5,48817,43524,1.000007356619665,0.999992643380335
high,710000159949,710000159951,2,710000159951,710000159989,710000160017,1,1,1,1,710000159951,710000159959,710000159963,710000159951,710000159953,710000159955,1,1,1,1,1,1,3.5,48817,43524,1.000007356619665,0.999992643380335
high,710000160226,710000160241,15,710000160241,710000160269,710000160271,1,1,1,1,710000160227,710000160229,710000160239,710000160227,710000160229,710000160231,0,0,0,0,0,0,3.5,48817,43524,1.000007356619665,0.999992643380335
high,710000160234,710000160241,7,710000160241,710000160269,710000160271,1,1,1,1,710000160239,710000160241,710000160251,710000160235,710000160237,710000160239,0,1,1,0,0,0,3.5,48817,43524,1.000007356619665,0.999992643380335
high,710000160306,710000160307,1,710000160307,710000160313,710000160371,1,1,1,1,710000160307,710000160313,710000160319,710000160307,710000160309,710000160311,1,1,1,1,1,1,3.5,48817,43524,1.000007356619665,0.999992643380335
high,710000160513,710000160517,4,710000160517,710000160521,710000160587,1,1,1,1,710000160517,710000160521,710000160523,710000160515,710000160517,710000160519,1,1,1,0,1,1,3.5,48817,43524,1.000007356619665,0.999992643380335
high,710000160800,710000160803,3,710000160803,710000160809,710000160841,1,1,1,1,710000160803,710000160809,710000160811,710000160801,710000160803,710000160805,1,1,1,0,1,1,3.5,48817,43524,1.000007356619665,0.999992643380335
high,710000161231,710000161289,58,710000161289,710000161309,710000161319,1,1,1,1,710000161237,710000161243,710000161253,710000161233,710000161235,710000161237,0,0,0,0,0,0,3.5,48817,43524,1.000007356619665,0.999992643380335
high,710000161267,710000161289,22,710000161289,710000161309,710000161319,1,1,1,1,710000161271,710000161289,710000161291,710000161269,710000161271,710000161273,0,1,1,0,0,0,3.5,48817,43524,1.000007356619665,0.999992643380335
high,710000161277,710000161289,12,710000161289,710000161309,710000161319,1,1,1,1,710000161289,710000161291,710000161301,710000161279,710000161281,710000161283,1,1,1,0,0,0,3.5,48817,43524,1.000007356619665,0.999992643380335
high,710000161748,710000161789,41,710000161789,710000161799,710000161807,1,1,1,1,710000161751,710000161753,710000161757,710000161749,710000161751,710000161753,0,0,0,0,0,0,3.5,48817,43524,1.000007356619665,0.999992643380335
high,710000161875,710000161889,14,710000161889,710000161903,710000161907,1,1,1,1,710000161877,710000161879,710000161883,710000161877,710000161879,710000161881,0,0,0,0,0,0,3.5,48817,43524,1.000007356619665,0.999992643380335
high,710000161941,710000161943,2,710000161943,710000161999,710000162051,1,1,1,1,710000161943,710000161951,710000161961,710000161943,710000161945,710000161947,1,1,1,1,1,1,3.5,48817,43524,1.000007356619665,0.999992643380335
high,710000161960,710000161999,39,710000161999,710000162051,710000162087,1,1,1,1,710000161961,710000161967,710000161973,710000161961,710000161963,710000161965,0,0,0,0,0,0,3.5,48817,43524,1.000007356619665,0.999992643380335
high,710000162064,710000162101,37,710000162087,710000162101,710000162107,2,0,1,1,710000162071,710000162083,710000162087,710000162065,710000162067,710000162069,0,0,0,0,0,0,3.5,48817,43524,1.000007356619665,0.999992643380335
high,710000162279,710000162297,18,710000162297,710000162317,710000162353,1,1,1,1,710000162281,710000162297,710000162299,710000162281,710000162283,710000162285,0,1,1,0,0,0,3.5,48817,43524,1.000007356619665,0.999992643380335
high,710000162553,710000162569,16,710000162569,710000162603,710000162611,1,1,1,1,710000162561,710000162563,710000162567,710000162555,710000162557,710000162559,0,0,0,0,0,0,3.5,48817,43524,1.000007356619665,0.999992643380335
high,710000162594,710000162603,9,710000162603,710000162611,710000162639,1,1,1,1,710000162603,710000162611,710000162617,710000162595,710000162597,710000162599,1,1,1,0,0,0,3.5,48817,43524,1.000007356619665,0.999992643380335
high,710000162713,710000162737,24,710000162737,710000162741,710000162747,1,1,1,1,710000162717,710000162719,710000162731,710000162715,710000162717,710000162719,0,0,0,0,0,0,3.5,48817,43524,1.000007356619665,0.999992643380335
high,710000162722,710000162737,15,710000162737,710000162741,710000162747,1,1,1,1,710000162731,710000162737,710000162741,710000162723,710000162725,710000162727,0,1,1,0,0,0,3.5,48817,43524,1.000007356619665,0.999992643380335
high,710000162729,710000162737,8,710000162737,710000162741,710000162747,1,1,1,1,710000162731,710000162737,710000162741,710000162731,710000162733,710000162735,0,1,1,0,0,0,3.5,48817,43524,1.000007356619665,0.999992643380335
high,710000162859,710000162869,10,710000162869,710000162881,710000162897,1,1,1,1,710000162863,710000162867,710000162869,710000162861,710000162863,710000162865,0,0,1,0,0,0,3.5,48817,43524,1.000007356619665,0.999992643380335
high,710000163163,710000163193,30,710000163193,710000163203,710000163239,1,1,1,1,710000163167,710000163181,710000163193,710000163165,710000163167,710000163169,0,0,1,0,0,0,3.5,48817,43524,1.000007356619665,0.999992643380335
high,710000163428,710000163451,23,710000163451,710000163469,710000163557,1,1,1,1,710000163437,710000163443,710000163451,710000163429,710000163431,710000163433,0,0,1,0,0,0,3.5,48817,43524,1.000007356619665,0.999992643380335
high,710000163488,710000163557,69,710000163557,710000163617,710000163703,1,1,1,1,710000163491,710000163493,710000163497,710000163489,710000163491,710000163493,0,0,0,0,0,0,3.5,48817,43524,1.000007356619665,0.999992643380335
high,710000163576,710000163617,41,710000163617,710000163703,710000163707,1,1,1,1,710000163577,710000163581,710000163583,710000163577,710000163579,710000163581,0,0,0,0,0,0,3.5,48817,43524,1.000007356619665,0.999992643380335
high,710000163817,710000163833,16,710000163833,710000163853,710000163907,1,1,1,1,710000163827,710000163833,710000163839,710000163819,710000163821,710000163823,0,1,1,0,0,0,3.5,48817,43524,1.000007356619665,0.999992643380335
high,710000164055,710000164063,8,710000164063,710000164087,710000164099,1,1,1,1,710000164057,710000164063,710000164067,710000164057,710000164059,710000164061,0,1,1,0,0,0,3.5,48817,43524,1.000007356619665,0.999992643380335
high,710000164971,710000165033,62,710000165033,710000165053,710000165113,1,1,1,1,710000164981,710000164987,710000164997,710000164973,710000164975,710000164977,0,0,0,0,0,0,3.5,48817,43524,1.000007356619665,0.999992643380335
high,710000165039,710000165053,14,710000165053,710000165113,710000165129,1,1,1,1,710000165051,710000165053,710000165057,710000165041,710000165043,710000165045,0,1,1,0,0,0,3.5,48817,43524,1.000007356619665,0.999992643380335
high,710000165216,710000165221,5,710000165219,710000165221,710000165227,2,0,1,1,710000165219,710000165221,710000165227,710000165217,710000165219,710000165221,0,1,1,0,0,1,3.5,48817,43524,1.000007356619665,0.999992643380335
high,710000165265,710000165327,62,710000165327,710000165351,710000165417,1,1,1,1,710000165267,710000165279,710000165291,710000165267,710000165269,710000165271,0,0,0,0,0,0,3.5,48817,43524,1.000007356619665,0.999992643380335
high,710000165438,710000165447,9,710000165447,710000165467,710000165471,1,1,1,1,710000165443,710000165447,710000165449,710000165439,710000165441,710000165443,0,1,1,0,0,0,3.5,48817,43524,1.000007356619665,0.999992643380335
high,710000165540,710000165587,47,710000165587,710000165627,710000165653,1,1,1,1,710000165543,710000165549,710000165551,710000165541,710000165543,710000165545,0,0,0,0,0,0,3.5,48817,43524,1.000007356619665,0.999992643380335
high,710000165690,710000165717,27,710000165717,710000165737,710000165789,1,1,1,1,710000165701,710000165711,710000165713,710000165691,710000165693,710000165695,0,0,0,0,0,0,3.5,48817,43524,1.000007356619665,0.999992643380335
high,710000166060,710000166151,91,710000166151,710000166193,710000166247,1,1,1,1,710000166061,710000166077,710000166079,710000166061,710000166063,710000166065,0,0,0,0,0,0,3.5,48817,43524,1.000007356619665,0.999992643380335
high,710000166092,710000166151,59,710000166151,710000166193,710000166247,1,1,1,1,710000166103,710000166107,710000166119,710000166093,710000166095,710000166097,0,0,0,0,0,0,3.5,48817,43524,1.000007356619665,0.999992643380335
high,710000166817,710000166899,82,710000166899,710000166907,710000166929,1,1,1,1,710000166823,710000166829,710000166839,710000166819,710000166821,710000166823,0,0,0,0,0,0,3.5,48817,43524,1.000007356619665,0.999992643380335
high,710000166823,710000166899,76,710000166899,710000166907,710000166929,1,1,1,1,710000166829,710000166839,710000166847,710000166825,710000166827,710000166829,0,0,0,0,0,0,3.5,48817,43524,1.000007356619665,0.999992643380335
high,710000167009,710000167081,72,710000167081,710000167091,710000167103,1,1,1,1,710000167013,710000167021,710000167027,710000167011,710000167013,710000167015,0,0,0,0,0,0,3.5,48817,43524,1.000007356619665,0.999992643380335
high,710000167202,710000167249,47,710000167249,710000167267,710000167351,1,1,1,1,710000167211,710000167213,710000167229,710000167203,710000167205,710000167207,0,0,0,0,0,0,3.5,48817,43524,1.000007356619665,0.999992643380335
high,710000167428,710000167439,11,710000167439,710000167441,710000167469,1,1,1,1,710000167433,710000167439,710000167441,710000167429,710000167431,710000167433,0,1,1,0,0,0,3.5,48817,43524,1.000007356619665,0.999992643380335
high,710000167515,710000167531,16,710000167531,710000167543,710000167561,1,1,1,1,710000167517,710000167519,710000167531,710000167517,710000167519,710000167521,0,0,1,0,0,0,3.5,48817,43524,1.000007356619665,0.999992643380335
high,710000167539,710000167543,4,710000167543,710000167561,710000167579,1,1,1,1,710000167543,710000167553,710000167559,710000167541,710000167543,710000167545,1,1,1,0,1,1,3.5,48817,43524,1.000007356619665,0.999992643380335
high,710000167550,710000167561,11,710000167561,710000167579,710000167601,1,1,1,1,710000167553,710000167559,710000167561,710000167551,710000167553,710000167555,0,0,1,0,0,0,3.5,48817,43524,1.000007356619665,0.999992643380335
high,710000167672,710000167691,19,710000167691,710000167693,710000167697,1,1,1,1,710000167673,710000167691,710000167693,710000167673,710000167675,710000167677,0,1,1,0,0,0,3.5,48817,43524,1.000007356619665,0.999992643380335
high,710000167720,710000167769,49,710000167769,710000167781,710000167813,1,1,1,1,710000167727,710000167729,710000167741,710000167721,710000167723,710000167725,0,0,0,0,0,0,3.5,48817,43524,1.000007356619665,0.999992643380335
high,710000167771,710000167781,10,710000167781,710000167813,710000167817,1,1,1,1,710000167781,710000167783,710000167787,710000167773,710000167775,710000167777,1,1,1,0,0,0,3.5,48817,43524,1.000007356619665,0.999992643380335
high,710000168193,710000168201,8,710000168201,710000168231,710000168249,1,1,1,1,710000168197,710000168201,710000168203,710000168195,710000168197,710000168199,0,1,1,0,0,0,3.5,48817,43524,1.000007356619665,0.999992643380335
high,710000168197,710000168201,4,710000168201,710000168231,710000168249,1,1,1,1,710000168201,710000168203,710000168219,710000168199,710000168201,710000168203,1,1,1,0,1,1,3.5,48817,43524,1.000007356619665,0.999992643380335
high,710000168263,710000168291,28,710000168291,710000168299,710000168329,1,1,1,1,710000168279,710000168281,710000168287,710000168265,710000168267,710000168269,0,0,0,0,0,0,3.5,48817,43524,1.000007356619665,0.999992643380335
high,710000168640,710000168699,59,710000168699,710000168707,710000168723,1,1,1,1,710000168641,710000168653,710000168659,710000168641,710000168643,710000168645,0,0,0,0,0,0,3.5,48817,43524,1.000007356619665,0.999992643380335
high,710000168991,710000169007,16,710000169007,710000169017,710000169019,1,1,1,1,710000169001,710000169007,710000169013,710000168993,710000168995,710000168997,0,1,1,0,0,0,3.5,48817,43524,1.000007356619665,0.999992643380335
high,710000169002,710000169007,5,710000169007,710000169017,710000169019,1,1,1,1,710000169007,710000169013,710000169017,710000169003,710000169005,710000169007,1,1,1,0,0,1,3.5,48817,43524,1.000007356619665,0.999992643380335
high,710000169463,710000169491,28,710000169491,710000169497,710000169509,1,1,1,1,710000169469,710000169479,710000169481,710000169465,710000169467,710000169469,0,0,0,0,0,0,3.5,48817,43524,1.000007356619665,0.999992643380335
high,710000169594,710000169647,53,710000169647,710000169667,710000169691,1,1,1,1,710000169607,710000169611,710000169617,710000169595,710000169597,710000169599,0,0,0,0,0,0,3.5,48817,43524,1.000007356619665,0.999992643380335
high,710000169597,710000169647,50,710000169647,710000169667,710000169691,1,1,1,1,710000169607,710000169611,710000169617,710000169599,710000169601,710000169603,0,0,0,0,0,0,3.5,48817,43524,1.000007356619665,0.999992643380335
high,710000169786,710000169787,1,710000169787,710000169793,710000169817,1,1,1,1,710000169787,710000169793,710000169797,710000169787,710000169789,710000169791,1,1,1,1,1,1,3.5,48817,43524,1.000007356619665,0.999992643380335
high,710000169843,710000169847,4,710000169847,710000169881,710000169883,1,1,1,1,710000169847,710000169859,710000169863,710000169845,710000169847,710000169849,1,1,1,0,1,1,3.5,48817,43524,1.000007356619665,0.999992643380335
high,710000169977,710000170003,26,710000170003,710000170027,710000170037,1,1,1,1,710000169979,710000169997,710000170001,710000169979,710000169981,710000169983,0,0,0,0,0,0,3.5,48817,43524,1.000007356619665,0.999992643380335
high,710000170149,710000170169,20,710000170169,710000170177,710000170183,1,1,1,1,710000170151,710000170153,710000170157,710000170151,710000170153,710000170155,0,0,0,0,0,0,3.5,48817,43524,1.000007356619665,0.999992643380335
high,710000170173,710000170177,4,710000170177,710000170183,710000170189,1,1,1,1,710000170177,710000170183,710000170189,710000170175,710000170177,710000170179,1,1,1,0,1,1,3.5,48817,43524,1.000007356619665,0.999992643380335
high,710000170303,710000170309,6,710000170309,710000170339,710000170343,1,1,1,1,710000170307,710000170309,710000170331,710000170305,710000170307,710000170309,0,1,1,0,0,1,3.5,48817,43524,1.000007356619665,0.999992643380335
high,710000170387,710000170427,40,710000170427,710000170457,710000170459,1,1,1,1,710000170391,710000170393,710000170403,710000170389,710000170391,710000170393,0,0,0,0,0,0,3.5,48817,43524,1.000007356619665,0.999992643380335
high,710000170681,710000170687,6,710000170687,710000170699,710000170729,1,1,1,1,710000170687,710000170699,710000170709,710000170683,710000170685,710000170687,1,1,1,0,0,1,3.5,48817,43524,1.000007356619665,0.999992643380335
high,710000170734,710000170739,5,710000170739,710000170753,710000170813,1,1,1,1,710000170739,710000170751,710000170753,710000170735,710000170737,710000170739,1,1,1,0,0,1,3.5,48817,43524,1.000007356619665,0.999992643380335
high,710000170899,710000170967,68,710000170967,710000171009,710000171011,1,1,1,1,710000170903,710000170907,710000170909,710000170901,710000170903,710000170905,0,0,0,0,0,0,3.5,48817,43524,1.000007356619665,0.999992643380335
high,710000171028,710000171071,43,710000171071,710000171077,710000171117,1,1,1,1,710000171029,710000171033,710000171039,710000171029,710000171031,710000171033,0,0,0,0,0,0,3.5,48817,43524,1.000007356619665,0.999992643380335
high,710000171106,710000171117,11,710000171117,710000171123,710000171143,1,1,1,1,710000171107,710000171113,710000171117,710000171107,710000171109,710000171111,0,0,1,0,0,0,3.5,48817,43524,1.000007356619665,0.999992643380335
high,710000171503,710000171519,16,710000171519,710000171579,710000171591,1,1,1,1,710000171509,710000171513,710000171519,710000171505,710000171507,710000171509,0,0,1,0,0,0,3.5,48817,43524,1.000007356619665,0.999992643380335
high,710000171590,710000171591,1,710000171591,710000171593,710000171597,1,1,1,1,710000171591,710000171593,710000171597,710000171591,710000171593,710000171595,1,1,1,1,1,1,3.5,48817,43524,1.000007356619665,0.999992643380335
high,710000171596,710000171597,1,710000171597,710000171603,710000171681,1,1,1,1,710000171597,710000171599,710000171603,710000171597,710000171599,710000171601,1,1,1,1,1,1,3.5,48817,43524,1.000007356619665,0.999992643380335
high,710000171721,710000171723,2,710000171723,710000171737,710000171759,1,1,1,1,710000171723,710000171731,710000171737,710000171723,710000171725,710000171727,1,1,1,1,1,1,3.5,48817,43524,1.000007356619665,0.999992643380335
high,710000172023,710000172029,6,710000172029,710000172053,710000172097,1,1,1,1,710000172029,710000172041,710000172043,710000172025,710000172027,710000172029,1,1,1,0,0,1,3.5,48817,43524,1.000007356619665,0.999992643380335
high,710000172159,710000172181,22,710000172181,710000172229,710000172239,1,1,1,1,710000172163,710000172173,710000172179,710000172161,710000172163,710000172165,0,0,0,0,0,0,3.5,48817,43524,1.000007356619665,0.999992643380335
high,710000172714,710000172737,23,710000172737,710000172769,710000172821,1,1,1,1,710000172719,710000172727,710000172737,710000172715,710000172717,710000172719,0,0,1,0,0,0,3.5,48817,43524,1.000007356619665,0.999992643380335
high,710000173175,710000173189,14,710000173189,710000173243,710000173247,1,1,1,1,710000173177,710000173187,710000173189,710000173177,710000173179,710000173181,0,0,1,0,0,0,3.5,48817,43524,1.000007356619665,0.999992643380335
high,710000173269,710000173297,28,710000173297,710000173303,710000173327,1,1,1,1,710000173271,710000173277,710000173279,710000173271,710000173273,710000173275,0,0,0,0,0,0,3.5,48817,43524,1.000007356619665,0.999992643380335
high,710000173275,710000173297,22,710000173297,710000173303,710000173327,1,1,1,1,710000173277,710000173279,710000173283,710000173277,710000173279,710000173281,0,0,0,0,0,0,3.5,48817,43524,1.000007356619665,0.999992643380335
high,710000173891,710000173943,52,710000173943,710000173969,710000173999,1,1,1,1,710000173901,710000173903,710000173907,710000173893,710000173895,710000173897,0,0,0,0,0,0,3.5,48817,43524,1.000007356619665,0.999992643380335
high,710000174573,710000174603,30,710000174603,710000174629,710000174641,1,1,1,1,710000174581,710000174591,710000174593,710000174575,710000174577,710000174579,0,0,0,0,0,0,3.5,48817,43524,1.000007356619665,0.999992643380335
high,710000174941,710000174953,12,710000174951,710000174953,710000174963,2,0,1,1,710000174951,710000174953,710000174957,710000174943,710000174945,710000174947,0,1,1,0,0,0,3.5,48817,43524,1.000007356619665,0.999992643380335
high,710000175135,710000175223,88,710000175223,710000175233,710000175253,1,1,1,1,710000175139,710000175151,710000175161,710000175137,710000175139,710000175141,0,0,0,0,0,0,3.5,48817,43524,1.000007356619665,0.999992643380335
high,710000175534,710000175541,7,710000175541,710000175551,710000175557,1,1,1,1,710000175539,710000175541,710000175551,710000175535,710000175537,710000175539,0,1,1,0,0,0,3.5,48817,43524,1.000007356619665,0.999992643380335
high,710000176766,710000176829,63,710000176829,710000176867,710000176931,1,1,1,1,710000176771,710000176789,710000176799,710000176767,710000176769,710000176771,0,0,0,0,0,0,3.5,48817,43524,1.000007356619665,0.999992643380335
high,710000176961,710000176979,18,710000176979,710000177053,710000177063,1,1,1,1,710000176969,710000176979,710000176987,710000176963,710000176965,710000176967,0,1,1,0,0,0,3.5,48817,43524,1.000007356619665,0.999992643380335
high,710000176975,710000176979,4,710000176979,710000177053,710000177063,1,1,1,1,710000176979,710000176987,710000176993,710000176977,710000176979,710000176981,1,1,1,0,1,1,3.5,48817,43524,1.000007356619665,0.999992643380335
high,710000177773,710000177807,34,710000177807,710000177813,710000177839,1,1,1,1,710000177791,710000177801,710000177807,710000177775,710000177777,710000177779,0,0,1,0,0,0,3.5,48817,43524,1.000007356619665,0.999992643380335
high,710000177808,710000177813,5,710000177813,710000177839,710000177851,1,1,1,1,710000177813,710000177819,710000177833,710000177809,710000177811,710000177813,1,1,1,0,0,1,3.5,48817,43524,1.000007356619665,0.999992643380335
high,710000178092,710000178119,27,710000178119,710000178131,710000178157,1,1,1,1,710000178101,710000178109,710000178119,710000178093,710000178095,710000178097,0,0,1,0,0,0,3.5,48817,43524,1.000007356619665,0.999992643380335
high,710000178280,710000178311,31,710000178311,710000178323,710000178383,1,1,1,1,710000178281,710000178289,710000178299,710000178281,710000178283,710000178285,0,0,0,0,0,0,3.5,48817,43524,1.000007356619665,0.999992643380335
high,710000178431,710000178527,96,710000178527,710000178553,710000178557,1,1,1,1,710000178439,710000178449,710000178451,710000178433,710000178435,710000178437,0,0,0,0,0,0,3.5,48817,43524,1.000007356619665,0.999992643380335
high,710000178617,710000178677,60,710000178677,710000178691,710000178733,1,1,1,1,710000178619,710000178623,710000178631,710000178619,710000178621,710000178623,0,0,0,0,0,0,3.5,48817,43524,1.000007356619665,0.999992643380335
high,710000178723,710000178733,10,710000178733,710000178751,710000178791,1,1,1,1,710000178731,710000178733,710000178737,710000178725,710000178727,710000178729,0,1,1,0,0,0,3.5,48817,43524,1.000007356619665,0.999992643380335
high,710000178816,710000178863,47,710000178863,710000178871,710000178889,1,1,1,1,710000178821,710000178827,710000178829,710000178817,710000178819,710000178821,0,0,0,0,0,0,3.5,48817,43524,1.000007356619665,0.999992643380335
high,710000178854,710000178863,9,710000178863,710000178871,710000178889,1,1,1,1,710000178857,710000178859,710000178863,710000178855,710000178857,710000178859,0,0,1,0,0,0,3.5,48817,43524,1.000007356619665,0.999992643380335
high,710000178986,710000179003,17,710000179003,710000179033,710000179051,1,1,1,1,710000178989,710000178991,710000179001,710000178987,710000178989,710000178991,0,0,0,0,0,0,3.5,48817,43524,1.000007356619665,0.999992643380335
high,710000179183,710000179199,16,710000179199,710000179211,710000179219,1,1,1,1,710000179193,710000179199,710000179201,710000179185,710000179187,710000179189,0,1,1,0,0,0,3.5,48817,43524,1.000007356619665,0.999992643380335
high,710000179239,710000179297,58,710000179297,710000179309,710000179439,1,1,1,1,710000179241,710000179243,710000179247,710000179241,710000179243,710000179245,0,0,0,0,0,0,3.5,48817,43524,1.000007356619665,0.999992643380335
high,710000179247,710000179297,50,710000179297,710000179309,710000179439,1,1,1,1,710000179249,710000179261,710000179267,710000179249,710000179251,710000179253,0,0,0,0,0,0,3.5,48817,43524,1.000007356619665,0.999992643380335
high,710000179390,710000179439,49,710000179439,710000179487,710000179501,1,1,1,1,710000179393,710000179397,710000179409,710000179391,710000179393,710000179395,0,0,0,0,0,0,3.5,48817,43524,1.000007356619665,0.999992643380335
high,710000179445,710000179487,42,710000179487,710000179501,710000179513,1,1,1,1,710000179451,710000179453,710000179457,710000179447,710000179449,710000179451,0,0,0,0,0,0,3.5,48817,43524,1.000007356619665,0.999992643380335
high,710000179591,710000179597,6,710000179597,710000179639,710000179663,1,1,1,1,710000179597,710000179601,710000179607,710000179593,710000179595,710000179597,1,1,1,0,0,1,3.5,48817,43524,1.000007356619665,0.999992643380335
high,710000180198,710000180213,15,710000180213,710000180261,710000180303,1,1,1,1,710000180207,710000180209,710000180213,710000180199,710000180201,710000180203,0,0,1,0,0,0,3.5,48817,43524,1.000007356619665,0.999992643380335
high,710000180240,710000180261,21,710000180261,710000180303,710000180387,1,1,1,1,710000180243,710000180249,710000180251,710000180241,710000180243,710000180245,0,0,0,0,0,0,3.5,48817,43524,1.000007356619665,0.999992643380335
high,710000180339,710000180387,48,710000180387,710000180419,710000180423,1,1,1,1,710000180341,710000180353,710000180359,710000180341,710000180343,710000180345,0,0,0,0,0,0,3.5,48817,43524,1.000007356619665,0.999992643380335
high,710000180942,710000180951,9,710000180951,710000180999,710000181013,1,1,1,1,710000180947,710000180951,710000180957,710000180943,710000180945,710000180947,0,1,1,0,0,0,3.5,48817,43524,1.000007356619665,0.999992643380335
high,710000181007,710000181013,6,710000181013,710000181053,710000181097,1,1,1,1,710000181013,710000181017,710000181019,710000181009,710000181011,710000181013,1,1,1,0,0,1,3.5,48817,43524,1.000007356619665,0.999992643380335
high,710000181092,710000181097,5,710000181097,710000181113,710000181127,1,1,1,1,710000181097,710000181101,710000181103,710000181093,710000181095,710000181097,1,1,1,0,0,1,3.5,48817,43524,1.000007356619665,0.999992643380335
high,710000181369,710000181377,8,710000181377,710000181379,710000181383,1,1,1,1,710000181377,710000181379,710000181383,710000181371,710000181373,710000181375,1,1,1,0,0,0,3.5,48817,43524,1.000007356619665,0.999992643380335
high,710000181863,710000181893,30,710000181893,710000181899,710000181907,1,1,1,1,710000181871,710000181881,710000181883,710000181865,710000181867,710000181869,0,0,0,0,0,0,3.5,48817,43524,1.000007356619665,0.999992643380335
high,710000181959,710000181983,24,710000181983,710000181991,710000182007,1,1,1,1,710000181971,710000181973,710000181977,710000181961,710000181963,710000181965,0,0,0,0,0,0,3.5,48817,43524,1.000007356619665,0.999992643380335
high,710000181980,710000181983,3,710000181983,710000181991,710000182007,1,1,1,1,710000181983,710000181991,710000181997,710000181981,710000181983,710000181985,1,1,1,0,1,1,3.5,48817,43524,1.000007356619665,0.999992643380335
high,710000182231,710000182237,6,710000182237,710000182249,710000182261,1,1,1,1,710000182237,710000182247,710000182249,710000182233,710000182235,710000182237,1,1,1,0,0,1,3.5,48817,43524,1.000007356619665,0.999992643380335
high,710000182767,710000182807,40,710000182807,710000182813,710000182849,1,1,1,1,710000182769,710000182777,710000182781,710000182769,710000182771,710000182773,0,0,0,0,0,0,3.5,48817,43524,1.000007356619665,0.999992643380335
high,710000182878,710000182889,11,710000182889,710000182943,710000182987,1,1,1,1,710000182889,710000182891,710000182907,710000182879,710000182881,710000182883,1,1,1,0,0,0,3.5,48817,43524,1.000007356619665,0.999992643380335
high,710000183171,710000183213,42,710000183213,710000183257,710000183279,1,1,1,1,710000183177,710000183183,710000183197,710000183173,710000183175,710000183177,0,0,0,0,0,0,3.5,48817,43524,1.000007356619665,0.999992643380335
high,710000183558,710000183569,11,710000183569,710000183639,710000183707,1,1,1,1,710000183561,710000183567,710000183569,710000183559,710000183561,710000183563,0,0,1,0,0,0,3.5,48817,43524,1.000007356619665,0.999992643380335
high,710000184266,710000184301,35,710000184301,710000184317,710000184353,1,1,1,1,710000184277,710000184281,710000184287,710000184267,710000184269,710000184271,0,0,0,0,0,0,3.5,48817,43524,1.000007356619665,0.999992643380335
high,710000184623,710000184637,14,710000184637,710000184667,710000184713,1,1,1,1,710000184629,710000184637,710000184643,710000184625,710000184627,710000184629,0,1,1,0,0,0,3.5,48817,43524,1.000007356619665,0.999992643380335
high,710000185185,710000185189,4,710000185189,710000185199,710000185231,1,1,1,1,710000185189,710000185199,710000185201,710000185187,710000185189,710000185191,1,1,1,0,1,1,3.5,48817,43524,1.000007356619665,0.999992643380335
high,710000185701,710000185729,28,710000185729,710000185747,710000185781,1,1,1,1,710000185703,710000185709,710000185711,710000185703,710000185705,710000185707,0,0,0,0,0,0,3.5,48817,43524,1.000007356619665,0.999992643380335
high,710000186005,710000186083,78,710000186083,710000186117,710000186167,1,1,1,1,710000186009,710000186011,710000186023,710000186007,710000186009,710000186011,0,0,0,0,0,0,3.5,48817,43524,1.000007356619665,0.999992643380335
high,710000186074,710000186083,9,710000186083,710000186117,710000186167,1,1,1,1,710000186081,710000186083,710000186087,710000186075,710000186077,710000186079,0,1,1,0,0,0,3.5,48817,43524,1.000007356619665,0.999992643380335
high,710000186325,710000186347,22,710000186347,710000186353,710000186393,1,1,1,1,710000186327,710000186333,710000186339,710000186327,710000186329,710000186331,0,0,0,0,0,0,3.5,48817,43524,1.000007356619665,0.999992643380335
high,710000187294,710000187311,17,710000187311,710000187331,710000187367,1,1,1,1,710000187301,710000187307,710000187311,710000187295,710000187297,710000187299,0,0,1,0,0,0,3.5,48817,43524,1.000007356619665,0.999992643380335
high,710000187350,710000187367,17,710000187367,710000187371,710000187397,1,1,1,1,710000187353,710000187359,710000187361,710000187351,710000187353,710000187355,0,0,0,0,0,0,3.5,48817,43524,1.000007356619665,0.999992643380335
high,710000187798,710000187817,19,710000187817,710000187823,710000187847,1,1,1,1,710000187811,710000187817,710000187821,710000187799,710000187801,710000187803,0,1,1,0,0,0,3.5,48817,43524,1.000007356619665,0.999992643380335
high,710000188564,710000188571,7,710000188571,710000188627,710000188631,1,1,1,1,710000188571,710000188577,710000188589,710000188565,710000188567,710000188569,1,1,1,0,0,0,3.5,48817,43524,1.000007356619665,0.999992643380335
high,710000188700,710000188721,21,710000188721,710000188747,710000188757,1,1,1,1,710000188717,710000188721,710000188727,710000188701,710000188703,710000188705,0,1,1,0,0,0,3.5,48817,43524,1.000007356619665,0.999992643380335
high,710000189143,710000189167,24,710000189167,710000189191,710000189207,1,1,1,1,710000189149,710000189159,710000189161,710000189145,710000189147,710000189149,0,0,0,0,0,0,3.5,48817,43524,1.000007356619665,0.999992643380335
high,710000190730,710000190761,31,710000190761,710000190793,710000190841,1,1,1,1,710000190733,710000190737,710000190743,710000190731,710000190733,710000190735,0,0,0,0,0,0,3.5,48817,43524,1.000007356619665,0.999992643380335
high,710000190948,710000190953,5,710000190953,710000190971,710000191001,1,1,1,1,710000190953,710000190959,710000190961,710000190949,710000190951,710000190953,1,1,1,0,0,1,3.5,48817,43524,1.000007356619665,0.999992643380335
high,710000190978,710000191001,23,710000191001,710000191013,710000191079,1,1,1,1,710000190979,710000190997,710000191001,710000190979,710000190981,710000190983,0,0,1,0,0,0,3.5,48817,43524,1.000007356619665,0.999992643380335
high,710000191014,710000191079,65,710000191079,710000191099,710000191123,1,1,1,1,710000191027,710000191031,710000191037,710000191015,710000191017,710000191019,0,0,0,0,0,0,3.5,48817,43524,1.000007356619665,0.999992643380335
high,710000191389,710000191403,14,710000191403,710000191427,710000191429,1,1,1,1,710000191391,710000191393,710000191399,710000191391,710000191393,710000191395,0,0,0,0,0,0,3.5,48817,43524,1.000007356619665,0.999992643380335
high,710000191516,710000191531,15,710000191531,710000191541,710000191577,1,1,1,1,710000191517,710000191519,710000191529,710000191517,710000191519,710000191521,0,0,0,0,0,0,3.5,48817,43524,1.000007356619665,0.999992643380335
high,710000191657,710000191697,40,710000191697,710000191843,710000191889,1,1,1,1,710000191661,710000191687,710000191697,710000191659,710000191661,710000191663,0,0,1,0,0,0,3.5,48817,43524,1.000007356619665,0.999992643380335
high,710000191864,710000191889,25,710000191889,710000191909,710000191919,1,1,1,1,710000191867,710000191871,710000191877,710000191865,710000191867,710000191869,0,0,0,0,0,0,3.5,48817,43524,1.000007356619665,0.999992643380335
high,710000192166,710000192201,35,710000192201,710000192203,710000192227,1,1,1,1,710000192171,710000192177,710000192183,710000192167,710000192169,710000192171,0,0,0,0,0,0,3.5,48817,43524,1.000007356619665,0.999992643380335
high,710000192334,710000192347,13,710000192347,710000192371,710000192389,1,1,1,1,710000192339,710000192347,710000192351,710000192335,710000192337,710000192339,0,1,1,0,0,0,3.5,48817,43524,1.000007356619665,0.999992643380335
high,710000192416,710000192449,33,710000192449,710000192459,710000192471,1,1,1,1,710000192423,710000192431,710000192437,710000192417,710000192419,710000192421,0,0,0,0,0,0,3.5,48817,43524,1.000007356619665,0.999992643380335
high,710000192840,710000192903,63,710000192903,710000192963,710000192969,1,1,1,1,710000192843,710000192849,710000192851,710000192841,710000192843,710000192845,0,0,0,0,0,0,3.5,48817,43524,1.000007356619665,0.999992643380335
high,710000192944,710000192963,19,710000192963,710000192969,710000192987,1,1,1,1,710000192947,710000192953,710000192959,710000192945,710000192947,710000192949,0,0,0,0,0,0,3.5,48817,43524,1.000007356619665,0.999992643380335
high,710000193019,710000193041,22,710000193041,710000193073,710000193103,1,1,1,1,710000193031,710000193037,710000193041,710000193021,710000193023,710000193025,0,0,1,0,0,0,3.5,48817,43524,1.000007356619665,0.999992643380335
high,710000193234,710000193257,23,710000193257,710000193347,710000193359,1,1,1,1,710000193239,710000193241,710000193247,710000193235,710000193237,710000193239,0,0,0,0,0,0,3.5,48817,43524,1.000007356619665,0.999992643380335
high,710000193438,710000193451,13,710000193451,710000193473,710000193491,1,1,1,1,710000193443,710000193449,710000193451,710000193439,710000193441,710000193443,0,0,1,0,0,0,3.5,48817,43524,1.000007356619665,0.999992643380335
high,710000193618,710000193629,11,710000193629,710000193659,710000193737,1,1,1,1,710000193619,710000193629,710000193631,710000193619,710000193621,710000193623,0,1,1,0,0,0,3.5,48817,43524,1.000007356619665,0.999992643380335
high,710000193681,710000193737,56,710000193737,710000193803,710000193817,1,1,1,1,710000193689,710000193691,710000193701,710000193683,710000193685,710000193687,0,0,0,0,0,0,3.5,48817,43524,1.000007356619665,0.999992643380335
high,710000194001,710000194003,2,710000194003,710000194027,710000194061,1,1,1,1,710000194003,710000194009,710000194021,710000194003,710000194005,710000194007,1,1,1,1,1,1,3.5,48817,43524,1.000007356619665,0.999992643380335
high,710000194271,710000194273,2,710000194273,710000194279,710000194289,1,1,1,1,710000194273,710000194279,710000194283,710000194273,710000194275,710000194277,1,1,1,1,1,1,3.5,48817,43524,1.000007356619665,0.999992643380335
high,710000194332,710000194333,1,710000194333,710000194403,710000194411,1,1,1,1,710000194333,710000194349,710000194357,710000194333,710000194335,710000194337,1,1,1,1,1,1,3.5,48817,43524,1.000007356619665,0.999992643380335
high,710000194438,710000194439,1,710000194439,710000194471,710000194481,1,1,1,1,710000194439,710000194441,710000194447,710000194439,710000194441,710000194443,1,1,1,1,1,1,3.5,48817,43524,1.000007356619665,0.999992643380335
high,710000194447,710000194471,24,710000194471,710000194481,710000194517,1,1,1,1,710000194451,710000194459,710000194469,710000194449,710000194451,710000194453,0,0,0,0,0,0,3.5,48817,43524,1.000007356619665,0.999992643380335
high,710000194698,710000194699,1,710000194699,710000194703,710000194711,1,1,1,1,710000194699,710000194703,710000194711,710000194699,710000194701,710000194703,1,1,1,1,1,1,3.5,48817,43524,1.000007356619665,0.999992643380335
high,710000194826,710000194853,27,710000194853,710000194861,710000194903,1,1,1,1,710000194829,710000194837,710000194843,710000194827,710000194829,710000194831,0,0,0,0,0,0,3.5,48817,43524,1.000007356619665,0.999992643380335
high,710000195000,710000195017,17,710000195017,710000195029,710000195033,1,1,1,1,710000195011,710000195017,710000195027,710000195001,710000195003,710000195005,0,1,1,0,0,0,3.5,48817,43524,1.000007356619665,0.999992643380335
high,710000195112,710000195119,7,710000195119,710000195129,710000195153,1,1,1,1,710000195117,710000195119,710000195129,710000195113,710000195115,710000195117,0,1,1,0,0,0,3.5,48817,43524,1.000007356619665,0.999992643380335
high,710000195294,710000195339,45,710000195339,710000195357,710000195389,1,1,1,1,710000195297,710000195299,710000195309,710000195295,710000195297,710000195299,0,0,0,0,0,0,3.5,48817,43524,1.000007356619665,0.999992643380335
high,710000195428,710000195497,69,710000195497,710000195519,710000195549,1,1,1,1,710000195431,710000195447,710000195449,710000195429,710000195431,710000195433,0,0,0,0,0,0,3.5,48817,43524,1.000007356619665,0.999992643380335
high,710000195545,710000195549,4,710000195549,710000195573,710000195603,1,1,1,1,710000195549,710000195551,710000195557,710000195547,710000195549,710000195551,1,1,1,0,1,1,3.5,48817,43524,1.000007356619665,0.999992643380335
high,710000195705,710000195713,8,710000195713,710000195717,710000195741,1,1,1,1,710000195711,710000195713,710000195717,710000195707,710000195709,710000195711,0,1,1,0,0,0,3.5,48817,43524,1.000007356619665,0.999992643380335
high,710000195826,710000195831,5,710000195831,710000195833,710000195867,1,1,1,1,710000195831,710000195833,710000195837,710000195827,710000195829,710000195831,1,1,1,0,0,1,3.5,48817,43524,1.000007356619665,0.999992643380335
high,710000196131,710000196137,6,710000196137,710000196161,710000196193,1,1,1,1,710000196133,710000196137,710000196149,710000196133,710000196135,710000196137,0,1,1,0,0,1,3.5,48817,43524,1.000007356619665,0.999992643380335
high,710000196193,710000196203,10,710000196203,710000196233,710000196251,1,1,1,1,710000196197,710000196203,710000196209,710000196195,710000196197,710000196199,0,1,1,0,0,0,3.5,48817,43524,1.000007356619665,0.999992643380335
high,710000196211,710000196233,22,710000196233,710000196251,710000196289,1,1,1,1,710000196221,710000196229,710000196233,710000196213,710000196215,710000196217,0,0,1,0,0,0,3.5,48817,43524,1.000007356619665,0.999992643380335
high,710000196547,710000196551,4,710000196551,710000196559,710000196569,1,1,1,1,710000196551,710000196553,710000196557,710000196549,710000196551,710000196553,1,1,1,0,1,1,3.5,48817,43524,1.000007356619665,0.999992643380335
high,710000196745,710000196761,16,710000196761,710000196797,710000196823,1,1,1,1,710000196749,710000196751,710000196757,710000196747,710000196749,710000196751,0,0,0,0,0,0,3.5,48817,43524,1.000007356619665,0.999992643380335
high,710000196947,710000196949,2,710000196949,710000196979,710000197001,1,1,1,1,710000196949,710000196953,710000196959,710000196949,710000196951,710000196953,1,1,1,1,1,1,3.5,48817,43524,1.000007356619665,0.999992643380335
high,710000197126,710000197157,31,710000197141,710000197157,710000197171,2,0,1,1,710000197129,710000197133,710000197139,710000197127,710000197129,710000197131,0,0,0,0,0,0,3.5,48817,43524,1.000007356619665,0.999992643380335
high,710000197361,710000197391,30,710000197391,710000197393,710000197399,1,1,1,1,710000197363,710000197367,710000197369,710000197363,710000197365,710000197367,0,0,0,0,0,0,3.5,48817,43524,1.000007356619665,0.999992643380335
high,710000197557,710000197603,46,710000197603,710000197633,710000197637,1,1,1,1,710000197559,710000197567,710000197573,710000197559,710000197561,710000197563,0,0,0,0,0,0,3.5,48817,43524,1.000007356619665,0.999992643380335
high,710000197603,710000197633,30,710000197633,710000197637,710000197661,1,1,1,1,710000197609,710000197631,710000197633,710000197605,710000197607,710000197609,0,0,1,0,0,0,3.5,48817,43524,1.000007356619665,0.999992643380335
high,710000197883,710000197901,18,710000197901,710000197903,710000197913,1,1,1,1,710000197889,710000197897,710000197901,710000197885,710000197887,710000197889,0,0,1,0,0,0,3.5,48817,43524,1.000007356619665,0.999992643380335
high,710000197909,710000197913,4,710000197913,710000197937,710000197961,1,1,1,1,710000197913,710000197919,710000197927,710000197911,710000197913,710000197915,1,1,1,0,1,1,3.5,48817,43524,1.000007356619665,0.999992643380335
high,710000197981,710000197997,16,710000197997,710000198029,710000198057,1,1,1,1,710000197997,710000197999,710000198003,710000197983,710000197985,710000197987,1,1,1,0,0,0,3.5,48817,43524,1.000007356619665,0.999992643380335
high,710000198274,710000198339,65,710000198339,710000198359,710000198363,1,1,1,1,710000198279,710000198287,710000198293,710000198275,710000198277,710000198279,0,0,0,0,0,0,3.5,48817,43524,1.000007356619665,0.999992643380335
high,710000198689,710000198693,4,710000198693,710000198701,710000198723,1,1,1,1,710000198693,710000198701,710000198723,710000198691,710000198693,710000198695,1,1,1,0,1,1,3.5,48817,43524,1.000007356619665,0.999992643380335
high,710000198945,710000198969,24,710000198969,710000199001,710000199019,1,1,1,1,710000198951,710000198953,710000198959,710000198947,710000198949,710000198951,0,0,0,0,0,0,3.5,48817,43524,1.000007356619665,0.999992643380335
high,710000199150,710000199157,7,710000199157,710000199187,710000199193,1,1,1,1,710000199151,710000199157,710000199163,710000199151,710000199153,710000199155,0,1,1,0,0,0,3.5,48817,43524,1.000007356619665,0.999992643380335
high,710000199296,710000199323,27,710000199299,710000199323,710000199329,2,0,1,1,710000199299,710000199301,710000199313,710000199297,710000199299,710000199301,0,0,0,0,0,0,3.5,48817,43524,1.000007356619665,0.999992643380335
high,710000199333,710000199361,28,710000199361,710000199379,710000199427,1,1,1,1,710000199341,710000199343,710000199347,710000199335,710000199337,710000199339,0,0,0,0,0,0,3.5,48817,43524,1.000007356619665,0.999992643380335
high,710000199709,710000199737,28,710000199737,710000199739,710000199751,1,1,1,1,710000199719,710000199721,710000199731,710000199711,710000199713,710000199715,0,0,0,0,0,0,3.5,48817,43524,1.000007356619665,0.999992643380335
high,710000200437,710000200453,16,710000200453,710000200471,710000200499,1,1,1,1,710000200439,710000200447,710000200451,710000200439,710000200441,710000200443,0,0,0,0,0,0,3.5,48817,43524,1.000007356619665,0.999992643380335
high,710000200475,710000200499,24,710000200499,710000200531,710000200537,1,1,1,1,710000200477,710000200487,710000200489,710000200477,710000200479,710000200481,0,0,0,0,0,0,3.5,48817,43524,1.000007356619665,0.999992643380335
high,710000200478,710000200499,21,710000200499,710000200531,710000200537,1,1,1,1,710000200487,710000200489,710000200493,710000200479,710000200481,710000200483,0,0,0,0,0,0,3.5,48817,43524,1.000007356619665,0.999992643380335
high,710000200524,710000200537,13,710000200531,710000200537,710000200541,2,0,1,1,710000200529,710000200531,710000200537,710000200525,710000200527,710000200529,0,0,1,0,0,0,3.5,48817,43524,1.000007356619665,0.999992643380335
high,710000201328,710000201371,43,710000201371,710000201387,710000201401,1,1,1,1,710000201329,710000201341,710000201347,710000201329,710000201331,710000201333,0,0,0,0,0,0,3.5,48817,43524,1.000007356619665,0.999992643380335
high,710000201377,710000201387,10,710000201387,710000201401,710000201423,1,1,1,1,710000201381,710000201387,710000201389,710000201379,710000201381,710000201383,0,1,1,0,0,0,3.5,48817,43524,1.000007356619665,0.999992643380335
high,710000201829,710000201837,8,710000201837,710000201857,710000201879,1,1,1,1,710000201831,710000201837,710000201843,710000201831,710000201833,710000201835,0,1,1,0,0,0,3.5,48817,43524,1.000007356619665,0.999992643380335
high,710000201969,710000202083,114,710000202083,710000202089,710000202127,1,1,1,1,710000201983,710000201987,710000201993,710000201971,710000201973,710000201975,0,0,0,0,0,0,3.5,48817,43524,1.000007356619665,0.999992643380335
high,710000202056,710000202083,27,710000202083,710000202089,710000202127,1,1,1,1,710000202059,710000202061,710000202071,710000202057,710000202059,710000202061,0,0,0,0,0,0,3.5,48817,43524,1.000007356619665,0.999992643380335
high,710000202126,710000202127,1,710000202127,710000202173,710000202193,1,1,1,1,710000202127,710000202133,710000202137,710000202127,710000202129,710000202131,1,1,1,1,1,1,3.5,48817,43524,1.000007356619665,0.999992643380335
high,710000203581,710000203607,26,710000203607,710000203609,710000203631,1,1,1,1,710000203597,710000203607,710000203609,710000203583,710000203585,710000203587,0,1,1,0,0,0,3.5,48817,43524,1.000007356619665,0.999992643380335
high,710000204051,710000204063,12,710000204063,710000204083,710000204201,1,1,1,1,710000204057,710000204059,710000204063,710000204053,710000204055,710000204057,0,0,1,0,0,0,3.5,48817,43524,1.000007356619665,0.999992643380335
high,710000204464,710000204467,3,710000204467,710000204479,710000204483,1,1,1,1,710000204467,710000204471,710000204477,710000204465,710000204467,710000204469,1,1,1,0,1,1,3.5,48817,43524,1.000007356619665,0.999992643380335
high,710000204948,710000204957,9,710000204957,710000204987,710000205007,1,1,1,1,710000204951,710000204957,710000204959,710000204949,710000204951,710000204953,0,1,1,0,0,0,3.5,48817,43524,1.000007356619665,0.999992643380335
high,710000205104,710000205139,35,710000205139,710000205143,710000205163,1,1,1,1,710000205107,710000205113,710000205119,710000205105,710000205107,710000205109,0,0,0,0,0,0,3.5,48817,43524,1.000007356619665,0.999992643380335
high,710000205134,710000205139,5,710000205139,710000205143,710000205163,1,1,1,1,710000205137,710000205139,710000205143,710000205135,710000205137,710000205139,0,1,1,0,0,1,3.5,48817,43524,1.000007356619665,0.999992643380335
high,710000205358,710000205377,19,710000205377,710000205389,710000205391,1,1,1,1,710000205361,710000205367,710000205373,710000205359,710000205361,710000205363,0,0,0,0,0,0,3.5,48817,43524,1.000007356619665,0.999992643380335
high,710000206128,710000206147,19,710000206147,710000206169,710000206183,1,1,1,1,710000206129,710000206133,710000206147,710000206129,710000206131,710000206133,0,0,1,0,0,0,3.5,48817,43524,1.000007356619665,0.999992643380335
high,710000206226,710000206283,57,710000206283,710000206339,710000206369,1,1,1,1,710000206229,710000206231,710000206241,710000206227,710000206229,710000206231,0,0,0,0,0,0,3.5,48817,43524,1.000007356619665,0.999992643380335
high,710000206462,710000206471,9,710000206471,710000206501,710000206519,1,1,1,1,710000206463,710000206469,710000206471,710000206463,710000206465,710000206467,0,0,1,0,0,0,3.5,48817,43524,1.000007356619665,0.999992643380335
high,710000206760,710000206781,21,710000206781,710000206793,710000206847,1,1,1,1,710000206763,710000206771,710000206777,710000206761,710000206763,710000206765,0,0,0,0,0,0,3.5,48817,43524,1.000007356619665,0.999992643380335
high,710000206910,710000206913,3,710000206913,710000206921,710000206931,1,1,1,1,710000206913,710000206919,710000206921,710000206911,710000206913,710000206915,1,1,1,0,1,1,3.5,48817,43524,1.000007356619665,0.999992643380335
high,710000207440,710000207467,27,710000207467,710000207473,710000207491,1,1,1,1,710000207443,710000207447,710000207453,710000207441,710000207443,710000207445,0,0,0,0,0,0,3.5,48817,43524,1.000007356619665,0.999992643380335
high,710000207457,710000207467,10,710000207467,710000207473,710000207491,1,1,1,1,710000207459,710000207461,710000207467,710000207459,710000207461,710000207463,0,0,1,0,0,0,3.5,48817,43524,1.000007356619665,0.999992643380335
high,710000207581,710000207599,18,710000207599,710000207621,710000207633,1,1,1,1,710000207593,710000207597,710000207599,710000207583,710000207585,710000207587,0,0,1,0,0,0,3.5,48817,43524,1.000007356619665,0.999992643380335
high,710000207854,710000207869,15,710000207869,710000207879,710000207909,1,1,1,1,710000207857,710000207863,710000207869,710000207855,710000207857,710000207859,0,0,1,0,0,0,3.5,48817,43524,1.000007356619665,0.999992643380335
high,710000208129,710000208149,20,710000208149,710000208161,710000208199,1,1,1,1,710000208131,710000208139,710000208143,710000208131,710000208133,710000208135,0,0,0,0,0,0,3.5,48817,43524,1.000007356619665,0.999992643380335
high,710000208137,710000208149,12,710000208149,710000208161,710000208199,1,1,1,1,710000208139,710000208143,710000208149,710000208139,710000208141,710000208143,0,0,1,0,0,0,3.5,48817,43524,1.000007356619665,0.999992643380335
high,710000208218,710000208221,3,710000208221,710000208257,710000208283,1,1,1,1,710000208221,710000208223,710000208241,710000208219,710000208221,710000208223,1,1,1,0,1,1,3.5,48817,43524,1.000007356619665,0.999992643380335
high,710000209394,710000209397,3,710000209397,710000209403,710000209409,1,1,1,1,710000209397,710000209403,710000209409,710000209395,710000209397,710000209399,1,1,1,0,1,1,3.5,48817,43524,1.000007356619665,0.999992643380335
high,710000209735,710000209739,4,710000209739,710000209781,710000209817,1,1,1,1,710000209739,710000209741,710000209747,710000209737,710000209739,710000209741,1,1,1,0,1,1,3.5,48817,43524,1.000007356619665,0.999992643380335
high,710000209859,710000209901,42,710000209901,710000209909,710000209913,1,1,1,1,710000209861,710000209871,710000209873,710000209861,710000209863,710000209865,0,0,0,0,0,0,3.5,48817,43524,1.000007356619665,0.999992643380335
high,710000209926,710000209973,47,710000209973,710000209991,710000209999,1,1,1,1,710000209931,710000209937,710000209939,710000209927,710000209929,710000209931,0,0,0,0,0,0,3.5,48817,43524,1.000007356619665,0.999992643380335
high,710000210106,710000210123,17,710000210123,710000210137,710000210167,1,1,1,1,710000210107,710000210111,710000210113,710000210107,710000210109,710000210111,0,0,0,0,0,0,3.5,48817,43524,1.000007356619665,0.999992643380335
high,710000210108,710000210123,15,710000210123,710000210137,710000210167,1,1,1,1,710000210111,710000210113,710000210123,710000210109,710000210111,710000210113,0,0,1,0,0,0,3.5,48817,43524,1.000007356619665,0.999992643380335
high,710000210113,710000210123,10,710000210123,710000210137,710000210167,1,1,1,1,710000210123,710000210137,710000210141,710000210115,710000210117,710000210119,1,1,1,0,0,0,3.5,48817,43524,1.000007356619665,0.999992643380335
high,710000210355,710000210363,8,710000210363,710000210417,710000210459,1,1,1,1,710000210357,710000210363,710000210371,710000210357,710000210359,710000210361,0,1,1,0,0,0,3.5,48817,43524,1.000007356619665,0.999992643380335
high,710000210482,710000210483,1,710000210483,710000210497,710000210501,1,1,1,1,710000210483,710000210497,710000210501,710000210483,710000210485,710000210487,1,1,1,1,1,1,3.5,48817,43524,1.000007356619665,0.999992643380335
high,710000210885,710000210903,18,710000210903,710000210987,710000210999,1,1,1,1,710000210891,710000210893,710000210903,710000210887,710000210889,710000210891,0,0,1,0,0,0,3.5,48817,43524,1.000007356619665,0.999992643380335
high,710000210961,710000210987,26,710000210987,710000210999,710000211001,1,1,1,1,710000210963,710000210971,710000210977,710000210963,710000210965,710000210967,0,0,0,0,0,0,3.5,48817,43524,1.000007356619665,0.999992643380335
high,710000211155,710000211157,2,710000211157,710000211181,710000211199,1,1,1,1,710000211157,710000211161,710000211163,710000211157,710000211159,710000211161,1,1,1,1,1,1,3.5,48817,43524,1.000007356619665,0.999992643380335
high,710000211292,710000211311,19,710000211311,710000211329,710000211341,1,1,1,1,710000211293,710000211299,710000211301,710000211293,710000211295,710000211297,0,0,0,0,0,0,3.5,48817,43524,1.000007356619665,0.999992643380335
high,710000211828,710000211917,89,710000211881,710000211917,710000211989,2,0,1,1,710000211829,710000211839,710000211841,710000211829,710000211831,710000211833,0,0,0,0,0,0,3.5,48817,43524,1.000007356619665,0.999992643380335
high,710000212156,710000212157,1,710000212157,710000212217,710000212267,1,1,1,1,710000212157,710000212169,710000212177,710000212157,710000212159,710000212161,1,1,1,1,1,1,3.5,48817,43524,1.000007356619665,0.999992643380335
high,710000212317,710000212333,16,710000212333,710000212343,710000212379,1,1,1,1,710000212319,710000212321,710000212331,710000212319,710000212321,710000212323,0,0,0,0,0,0,3.5,48817,43524,1.000007356619665,0.999992643380335
high,710000212442,710000212451,9,710000212451,710000212457,710000212501,1,1,1,1,710000212447,710000212451,710000212457,710000212443,710000212445,710000212447,0,1,1,0,0,0,3.5,48817,43524,1.000007356619665,0.999992643380335
high,710000212623,710000212639,16,710000212639,710000212657,710000212667,1,1,1,1,710000212627,710000212631,710000212633,710000212625,710000212627,710000212629,0,0,0,0,0,0,3.5,48817,43524,1.000007356619665,0.999992643380335
high,710000213008,710000213029,21,710000213029,710000213033,710000213053,1,1,1,1,710000213009,710000213011,710000213023,710000213009,710000213011,710000213013,0,0,0,0,0,0,3.5,48817,43524,1.000007356619665,0.999992643380335
high,710000213308,710000213309,1,710000213309,710000213371,710000213387,1,1,1,1,710000213309,710000213311,710000213317,710000213309,710000213311,710000213313,1,1,1,1,1,1,3.5,48817,43524,1.000007356619665,0.999992643380335
high,710000213523,710000213563,40,710000213563,710000213597,710000213627,1,1,1,1,710000213537,710000213539,710000213543,710000213525,710000213527,710000213529,0,0,0,0,0,0,3.5,48817,43524,1.000007356619665,0.999992643380335
high,710000214080,710000214173,93,710000214173,710000214199,710000214229,1,1,1,1,710000214083,710000214089,710000214097,710000214081,710000214083,710000214085,0,0,0,0,0,0,3.5,48817,43524,1.000007356619665,0.999992643380335
high,710000214726,710000214779,53,710000214779,710000214787,710000214793,1,1,1,1,710000214727,710000214731,710000214733,710000214727,710000214729,710000214731,0,0,0,0,0,0,3.5,48817,43524,1.000007356619665,0.999992643380335
high,710000214865,710000214887,22,710000214887,710000214919,710000214923,1,1,1,1,710000214871,710000214877,710000214881,710000214867,710000214869,710000214871,0,0,0,0,0,0,3.5,48817,43524,1.000007356619665,0.999992643380335
high,710000215013,710000215031,18,710000215031,710000215051,710000215081,1,1,1,1,710000215019,710000215021,710000215031,710000215015,710000215017,710000215019,0,0,1,0,0,0,3.5,48817,43524,1.000007356619665,0.999992643380335
high,710000215311,710000215349,38,710000215349,710000215399,710000215427,1,1,1,1,710000215313,710000215319,710000215321,710000215313,710000215315,710000215317,0,0,0,0,0,0,3.5,48817,43524,1.000007356619665,0.999992643380335
high,710000215367,710000215399,32,710000215399,710000215427,710000215451,1,1,1,1,710000215369,710000215373,710000215381,710000215369,710000215371,710000215373,0,0,0,0,0,0,3.5,48817,43524,1.000007356619665,0.999992643380335
high,710000215528,710000215559,31,710000215559,710000215601,710000215607,1,1,1,1,710000215531,710000215541,710000215549,710000215529,710000215531,710000215533,0,0,0,0,0,0,3.5,48817,43524,1.000007356619665,0.999992643380335
high,710000215671,710000215681,10,710000215681,710000215721,710000215763,1,1,1,1,710000215679,710000215681,710000215693,710000215673,710000215675,710000215677,0,1,1,0,0,0,3.5,48817,43524,1.000007356619665,0.999992643380335
high,710000215679,710000215681,2,710000215681,710000215721,710000215763,1,1,1,1,710000215681,710000215693,710000215697,710000215681,710000215683,710000215685,1,1,1,1,1,1,3.5,48817,43524,1.000007356619665,0.999992643380335
high,710000216146,710000216257,111,710000216257,710000216279,710000216333,1,1,1,1,710000216147,710000216153,710000216161,710000216147,710000216149,710000216151,0,0,0,0,0,0,3.5,48817,43524,1.000007356619665,0.999992643380335
high,710000216288,710000216333,45,710000216333,710000216351,710000216363,1,1,1,1,710000216293,710000216297,710000216309,710000216289,710000216291,710000216293,0,0,0,0,0,0,3.5,48817,43524,1.000007356619665,0.999992643380335
high,710000216433,710000216461,28,710000216461,710000216477,710000216503,1,1,1,1,710000216437,710000216441,710000216447,710000216435,710000216437,710000216439,0,0,0,0,0,0,3.5,48817,43524,1.000007356619665,0.999992643380335
high,710000216494,710000216503,9,710000216503,710000216509,710000216533,1,1,1,1,710000216501,710000216503,710000216507,710000216495,710000216497,710000216499,0,1,1,0,0,0,3.5,48817,43524,1.000007356619665,0.999992643380335
high,710000216701,710000216749,48,710000216749,710000216851,710000216857,1,1,1,1,710000216707,710000216711,710000216713,710000216703,710000216705,710000216707,0,0,0,0,0,0,3.5,48817,43524,1.000007356619665,0.999992643380335
high,710000216922,710000216951,29,710000216951,710000216953,710000216963,1,1,1,1,710000216923,710000216941,710000216951,710000216923,710000216925,710000216927,0,0,1,0,0,0,3.5,48817,43524,1.000007356619665,0.999992643380335
high,710000217087,710000217097,10,710000217097,710000217167,710000217181,1,1,1,1,710000217089,710000217097,710000217107,710000217089,710000217091,710000217093,0,1,1,0,0,0,3.5,48817,43524,1.000007356619665,0.999992643380335
high,710000217156,710000217167,11,710000217167,710000217181,710000217187,1,1,1,1,710000217163,710000217167,710000217181,710000217157,710000217159,710000217161,0,1,1,0,0,0,3.5,48817,43524,1.000007356619665,0.999992643380335
high,710000217300,710000217301,1,710000217301,710000217307,710000217359,1,1,1,1,710000217301,710000217307,710000217313,710000217301,710000217303,710000217305,1,1,1,1,1,1,3.5,48817,43524,1.000007356619665,0.999992643380335
high,710000217629,710000217643,14,710000217643,710000217697,710000217727,1,1,1,1,710000217631,710000217637,710000217643,710000217631,710000217633,710000217635,0,0,1,0,0,0,3.5,48817,43524,1.000007356619665,0.999992643380335
high,710000217700,710000217727,27,710000217727,710000217733,710000217763,1,1,1,1,710000217701,710000217721,710000217727,710000217701,710000217703,710000217705,0,0,1,0,0,0,3.5,48817,43524,1.000007356619665,0.999992643380335
high,710000217910,710000217961,51,710000217961,710000217989,710000218033,1,1,1,1,710000217911,710000217919,710000217923,710000217911,710000217913,710000217915,0,0,0,0,0,0,3.5,48817,43524,1.000007356619665,0.999992643380335
high,710000218365,710000218387,22,710000218387,710000218409,710000218439,1,1,1,1,710000218373,710000218381,710000218387,710000218367,710000218369,710000218371,0,0,1,0,0,0,3.5,48817,43524,1.000007356619665,0.999992643380335
high,710000218544,710000218559,15,710000218559,710000218561,710000218601,1,1,1,1,710000218547,710000218549,710000218559,710000218545,710000218547,710000218549,0,0,1,0,0,0,3.5,48817,43524,1.000007356619665,0.999992643380335
high,710000218749,710000218783,34,710000218783,710000218793,710000218799,1,1,1,1,710000218751,710000218757,710000218769,710000218751,710000218753,710000218755,0,0,0,0,0,0,3.5,48817,43524,1.000007356619665,0.999992643380335
high,710000219067,710000219101,34,710000219101,710000219143,710000219171,1,1,1,1,710000219069,710000219081,710000219083,710000219069,710000219071,710000219073,0,0,0,0,0,0,3.5,48817,43524,1.000007356619665,0.999992643380335
high,710000219159,710000219171,12,710000219171,710000219237,710000219263,1,1,1,1,710000219161,710000219167,710000219171,710000219161,710000219163,710000219165,0,0,1,0,0,0,3.5,48817,43524,1.000007356619665,0.999992643380335
high,710000219787,710000219809,22,710000219809,710000219827,710000219833,1,1,1,1,710000219791,710000219801,710000219807,710000219789,710000219791,710000219793,0,0,0,0,0,0,3.5,48817,43524,1.000007356619665,0.999992643380335
high,710000219831,710000219833,2,710000219833,710000219843,710000219849,1,1,1,1,710000219833,710000219839,710000219843,710000219833,710000219835,710000219837,1,1,1,1,1,1,3.5,48817,43524,1.000007356619665,0.999992643380335
high,710000219838,710000219843,5,710000219843,710000219849,710000219867,1,1,1,1,710000219839,710000219843,710000219849,710000219839,710000219841,710000219843,0,1,1,0,0,1,3.5,48817,43524,1.000007356619665,0.999992643380335
high,710000219892,710000219897,5,710000219897,710000219927,710000219939,1,1,1,1,710000219893,710000219897,710000219899,710000219893,710000219895,710000219897,0,1,1,0,0,1,3.5,48817,43524,1.000007356619665,0.999992643380335
high,710000219925,710000219927,2,710000219927,710000219939,710000219953,1,1,1,1,710000219927,710000219933,710000219939,710000219927,710000219929,710000219931,1,1,1,1,1,1,3.5,48817,43524,1.000007356619665,0.999992643380335
high,710000219949,710000219953,4,710000219953,710000219959,710000219977,1,1,1,1,710000219953,710000219959,710000219969,710000219951,710000219953,710000219955,1,1,1,0,1,1,3.5,48817,43524,1.000007356619665,0.999992643380335
high,710000220144,710000220151,7,710000220151,710000220191,710000220211,1,1,1,1,710000220151,710000220157,710000220169,710000220145,710000220147,710000220149,1,1,1,0,0,0,3.5,48817,43524,1.000007356619665,0.999992643380335
high,710000220316,710000220337,21,710000220337,710000220359,710000220361,1,1,1,1,710000220317,710000220323,710000220329,710000220317,710000220319,710000220321,0,0,0,0,0,0,3.5,48817,43524,1.000007356619665,0.999992643380335
high,710000220395,710000220421,26,710000220421,710000220437,710000220473,1,1,1,1,710000220401,710000220403,710000220421,710000220397,710000220399,710000220401,0,0,1,0,0,0,3.5,48817,43524,1.000007356619665,0.999992643380335
high,710000221015,710000221027,12,710000221027,710000221033,710000221039,1,1,1,1,710000221019,710000221027,710000221031,710000221017,710000221019,710000221021,0,1,1,0,0,0,3.5,48817,43524,1.000007356619665,0.999992643380335
high,710000221149,710000221199,50,710000221199,710000221201,710000221213,1,1,1,1,710000221153,710000221157,710000221169,710000221151,710000221153,710000221155,0,0,0,0,0,0,3.5,48817,43524,1.000007356619665,0.999992643380335
high,710000221319,710000221331,12,710000221331,710000221339,710000221373,1,1,1,1,710000221321,710000221327,710000221331,710000221321,710000221323,710000221325,0,0,1,0,0,0,3.5,48817,43524,1.000007356619665,0.999992643380335
high,710000221443,710000221459,16,710000221459,710000221499,710000221507,1,1,1,1,710000221451,710000221457,710000221459,710000221445,710000221447,710000221449,0,0,1,0,0,0,3.5,48817,43524,1.000007356619665,0.999992643380335
high,710000222024,710000222093,69,710000222027,710000222093,710000222137,2,0,1,1,710000222027,710000222039,710000222047,710000222025,710000222027,710000222029,0,0,0,0,0,0,3.5,48817,43524,1.000007356619665,0.999992643380335
high,710000222069,710000222093,24,710000222093,710000222137,710000222161,1,1,1,1,710000222077,710000222081,710000222083,710000222071,710000222073,710000222075,0,0,0,0,0,0,3.5,48817,43524,1.000007356619665,0.999992643380335
high,710000222409,710000222413,4,710000222413,710000222461,710000222467,1,1,1,1,710000222411,710000222413,710000222417,710000222411,710000222413,710000222415,0,1,1,0,1,1,3.5,48817,43524,1.000007356619665,0.999992643380335
high,710000222480,710000222501,21,710000222501,710000222509,710000222557,1,1,1,1,710000222483,710000222489,710000222501,710000222481,710000222483,710000222485,0,0,1,0,0,0,3.5,48817,43524,1.000007356619665,0.999992643380335
high,710000222623,710000222629,6,710000222629,710000222651,710000222653,1,1,1,1,710000222627,710000222629,710000222639,710000222625,710000222627,710000222629,0,1,1,0,0,1,3.5,48817,43524,1.000007356619665,0.999992643380335
high,710000222780,710000222791,11,710000222791,710000222821,710000222831,1,1,1,1,710000222783,710000222791,710000222797,710000222781,710000222783,710000222785,0,1,1,0,0,0,3.5,48817,43524,1.000007356619665,0.999992643380335
high,710000222788,710000222791,3,710000222791,710000222821,710000222831,1,1,1,1,710000222791,710000222797,710000222803,710000222789,710000222791,710000222793,1,1,1,0,1,1,3.5,48817,43524,1.000007356619665,0.999992643380335
high,710000222914,710000222927,13,710000222927,710000222929,710000222933,1,1,1,1,710000222917,710000222923,710000222927,710000222915,710000222917,710000222919,0,0,1,0,0,0,3.5,48817,43524,1.000007356619665,0.999992643380335
high,710000222996,710000223013,17,710000223013,710000223041,710000223071,1,1,1,1,710000223001,710000223007,710000223011,710000222997,710000222999,710000223001,0,0,0,0,0,0,3.5,48817,43524,1.000007356619665,0.999992643380335
high,710000223394,710000223407,13,710000223407,710000223421,710000223467,1,1,1,1,710000223397,710000223403,710000223407,710000223395,710000223397,710000223399,0,0,1,0,0,0,3.5,48817,43524,1.000007356619665,0.999992643380335
high,710000223453,710000223467,14,710000223467,710000223509,710000223521,1,1,1,1,710000223461,710000223463,710000223467,710000223455,710000223457,710000223459,0,0,1,0,0,0,3.5,48817,43524,1.000007356619665,0.999992643380335
high,710000223866,710000223923,57,710000223923,710000223929,710000224009,1,1,1,1,710000223869,710000223871,710000223883,710000223867,710000223869,710000223871,0,0,0,0,0,0,3.5,48817,43524,1.000007356619665,0.999992643380335
high,710000223911,710000223923,12,710000223923,710000223929,710000224009,1,1,1,1,710000223913,710000223917,710000223923,710000223913,710000223915,710000223917,0,0,1,0,0,0,3.5,48817,43524,1.000007356619665,0.999992643380335
high,710000223918,710000223923,5,710000223923,710000223929,710000224009,1,1,1,1,710000223923,710000223929,710000223931,710000223919,710000223921,710000223923,1,1,1,0,0,1,3.5,48817,43524,1.000007356619665,0.999992643380335
high,710000224690,710000224697,7,710000224697,710000224699,710000224709,1,1,1,1,710000224691,710000224693,710000224697,710000224691,710000224693,710000224695,0,0,1,0,0,0,3.5,48817,43524,1.000007356619665,0.999992643380335
high,710000224973,710000224981,8,710000224981,710000225003,710000225041,1,1,1,1,710000224979,710000224981,710000224987,710000224975,710000224977,710000224979,0,1,1,0,0,0,3.5,48817,43524,1.000007356619665,0.999992643380335
high,710000225238,710000225251,13,710000225251,710000225371,710000225381,1,1,1,1,710000225239,710000225243,710000225251,710000225239,710000225241,710000225243,0,0,1,0,0,0,3.5,48817,43524,1.000007356619665,0.999992643380335
high,710000226276,710000226347,71,710000226347,710000226389,710000226401,1,1,1,1,710000226277,710000226283,710000226289,710000226277,710000226279,710000226281,0,0,0,0,0,0,3.5,48817,43524,1.000007356619665,0.999992643380335
high,710000226804,710000226853,49,710000226853,710000226889,710000226907,1,1,1,1,710000226809,710000226811,710000226821,710000226805,710000226807,710000226809,0,0,0,0,0,0,3.5,48817,43524,1.000007356619665,0.999992643380335
high,710000227007,710000227031,24,710000227031,710000227037,710000227043,1,1,1,1,710000227009,710000227031,710000227033,710000227009,710000227011,710000227013,0,1,1,0,0,0,3.5,48817,43524,1.000007356619665,0.999992643380335
high,710000227190,710000227219,29,710000227219,710000227241,710000227243,1,1,1,1,710000227193,710000227201,710000227207,710000227191,710000227193,710000227195,0,0,0,0,0,0,3.5,48817,43524,1.000007356619665,0.999992643380335
high,710000227416,710000227421,5,710000227421,710000227439,710000227459,1,1,1,1,710000227421,710000227423,710000227429,710000227417,710000227419,710000227421,1,1,1,0,0,1,3.5,48817,43524,1.000007356619665,0.999992643380335
high,710000227436,710000227439,3,710000227439,710000227459,710000227487,1,1,1,1,710000227439,710000227441,710000227451,710000227437,710000227439,710000227441,1,1,1,0,1,1,3.5,48817,43524,1.000007356619665,0.999992643380335
high,710000227475,710000227487,12,710000227487,710000227501,710000227529,1,1,1,1,710000227477,710000227481,710000227483,710000227477,710000227479,710000227481,0,0,0,0,0,0,3.5,48817,43524,1.000007356619665,0.999992643380335
high,710000228396,710000228401,5,710000228401,710000228449,710000228459,1,1,1,1,710000228401,710000228407,710000228411,710000228397,710000228399,710000228401,1,1,1,0,0,1,3.5,48817,43524,1.000007356619665,0.999992643380335
high,710000228667,710000228687,20,710000228687,710000228699,710000228701,1,1,1,1,710000228669,710000228671,710000228677,710000228669,710000228671,710000228673,0,0,0,0,0,0,3.5,48817,43524,1.000007356619665,0.999992643380335
high,710000229011,710000229017,6,710000229017,710000229049,710000229077,1,1,1,1,710000229013,710000229017,710000229019,710000229013,710000229015,710000229017,0,1,1,0,0,1,3.5,48817,43524,1.000007356619665,0.999992643380335
high,710000229274,710000229331,57,710000229331,710000229343,710000229353,1,1,1,1,710000229277,710000229287,710000229293,710000229275,710000229277,710000229279,0,0,0,0,0,0,3.5,48817,43524,1.000007356619665,0.999992643380335
high,710000229527,710000229551,24,710000229551,710000229581,710000229583,1,1,1,1,710000229529,710000229539,710000229541,710000229529,710000229531,710000229533,0,0,0,0,0,0,3.5,48817,43524,1.000007356619665,0.999992643380335
high,710000229880,710000229889,9,710000229889,710000229943,710000229973,1,1,1,1,710000229881,710000229889,710000229893,710000229881,710000229883,710000229885,0,1,1,0,0,0,3.5,48817,43524,1.000007356619665,0.999992643380335
high,710000230086,710000230087,1,710000230087,710000230139,710000230141,1,1,1,1,710000230087,710000230091,710000230099,710000230087,710000230089,710000230091,1,1,1,1,1,1,3.5,48817,43524,1.000007356619665,0.999992643380335
high,710000230288,710000230307,19,710000230307,710000230393,710000230399,1,1,1,1,710000230297,710000230301,710000230307,710000230289,710000230291,710000230293,0,0,1,0,0,0,3.5,48817,43524,1.000007356619665,0.999992643380335
high,710000230665,710000230699,34,710000230699,710000230703,710000230711,1,1,1,1,710000230669,710000230673,710000230679,710000230667,710000230669,710000230671,0,0,0,0,0,0,3.5,48817,43524,1.000007356619665,0.999992643380335
high,710000230846,710000230903,57,710000230903,710000230909,710000230913,1,1,1,1,710000230847,710000230853,710000230859,710000230847,710000230849,710000230851,0,0,0,0,0,0,3.5,48817,43524,1.000007356619665,0.999992643380335
high,710000231037,710000231053,16,710000231051,710000231053,710000231069,2,0,1,1,710000231051,710000231053,710000231063,710000231039,710000231041,710000231043,0,1,1,0,0,0,3.5,48817,43524,1.000007356619665,0.999992643380335
high,710000231156,710000231179,23,710000231179,710000231249,710000231263,1,1,1,1,710000231159,710000231167,710000231173,710000231157,710000231159,710000231161,0,0,0,0,0,0,3.5,48817,43524,1.000007356619665,0.999992643380335
high,710000231445,710000231489,44,710000231489,710000231519,710000231557,1,1,1,1,710000231453,710000231459,710000231461,710000231447,710000231449,710000231451,0,0,0,0,0,0,3.5,48817,43524,1.000007356619665,0.999992643380335
high,710000232558,710000232593,35,710000232593,710000232653,710000232661,1,1,1,1,710000232559,710000232563,710000232569,710000232559,710000232561,710000232563,0,0,0,0,0,0,3.5,48817,43524,1.000007356619665,0.999992643380335
high,710000232581,710000232593,12,710000232593,710000232653,710000232661,1,1,1,1,710000232583,710000232587,710000232593,710000232583,710000232585,710000232587,0,0,1,0,0,0,3.5,48817,43524,1.000007356619665,0.999992643380335
high,710000232706,710000232749,43,710000232749,710000232793,710000232839,1,1,1,1,710000232709,710000232713,710000232727,710000232707,710000232709,710000232711,0,0,0,0,0,0,3.5,48817,43524,1.000007356619665,0.999992643380335
high,710000232711,710000232749,38,710000232749,710000232793,710000232839,1,1,1,1,710000232713,710000232727,710000232731,710000232713,710000232715,710000232717,0,0,0,0,0,0,3.5,48817,43524,1.000007356619665,0.999992643380335
high,710000232920,710000233031,111,710000233031,710000233043,710000233051,1,1,1,1,710000232923,710000232941,710000232943,710000232921,710000232923,710000232925,0,0,0,0,0,0,3.5,48817,43524,1.000007356619665,0.999992643380335
high,710000233373,710000233379,6,710000233379,710000233483,710000233493,1,1,1,1,710000233379,710000233381,710000233391,710000233375,710000233377,710000233379,1,1,1,0,0,1,3.5,48817,43524,1.000007356619665,0.999992643380335
high,710000234150,710000234159,9,710000234159,710000234173,710000234219,1,1,1,1,710000234159,710000234161,710000234171,710000234151,710000234153,710000234155,1,1,1,0,0,0,3.5,48817,43524,1.000007356619665,0.999992643380335
high,710000234932,710000234963,31,710000234963,710000235001,710000235031,1,1,1,1,710000234939,710000234941,710000234947,710000234933,710000234935,710000234937,0,0,0,0,0,0,3.5,48817,43524,1.000007356619665,0.999992643380335
high,710000235016,710000235031,15,710000235031,710000235047,710000235089,1,1,1,1,710000235017,710000235023,710000235029,710000235017,710000235019,710000235021,0,0,0,0,0,0,3.5,48817,43524,1.000007356619665,0.999992643380335
high,710000235064,710000235089,25,710000235089,710000235127,710000235181,1,1,1,1,710000235067,710000235071,710000235073,710000235065,710000235067,710000235069,0,0,0,0,0,0,3.5,48817,43524,1.000007356619665,0.999992643380335
high,710000235087,710000235089,2,710000235089,710000235127,710000235181,1,1,1,1,710000235089,710000235101,710000235103,710000235089,710000235091,710000235093,1,1,1,1,1,1,3.5,48817,43524,1.000007356619665,0.999992643380335
high,710000235273,710000235277,4,710000235277,710000235293,710000235311,1,1,1,1,710000235277,710000235283,710000235289,710000235275,710000235277,710000235279,1,1,1,0,1,1,3.5,48817,43524,1.000007356619665,0.999992643380335
high,710000235719,710000235773,54,710000235773,710000235781,710000235817,1,1,1,1,710000235727,710000235731,710000235739,710000235721,710000235723,710000235725,0,0,0,0,0,0,3.5,48817,43524,1.000007356619665,0.999992643380335
high,710000235875,710000235941,66,710000235941,710000235943,710000236009,1,1,1,1,710000235877,710000235881,710000235883,710000235877,710000235879,710000235881,0,0,0,0,0,0,3.5,48817,43524,1.000007356619665,0.999992643380335
high,710000235951,710000236009,58,710000236009,710000236021,710000236031,1,1,1,1,710000235961,710000235977,710000235979,710000235953,710000235955,710000235957,0,0,0,0,0,0,3.5,48817,43524,1.000007356619665,0.999992643380335
high,710000235967,710000236009,42,710000236009,710000236021,710000236031,1,1,1,1,710000235977,710000235979,710000235983,710000235969,710000235971,710000235973,0,0,0,0,0,0,3.5,48817,43524,1.000007356619665,0.999992643380335
high,710000236378,710000236381,3,710000236381,710000236409,710000236441,1,1,1,1,710000236381,710000236391,710000236397,710000236379,710000236381,710000236383,1,1,1,0,1,1,3.5,48817,43524,1.000007356619665,0.999992643380335
high,710000236444,710000236453,9,710000236453,710000236459,710000236469,1,1,1,1,710000236453,710000236457,710000236459,710000236445,710000236447,710000236449,1,1,1,0,0,0,3.5,48817,43524,1.000007356619665,0.999992643380335
high,710000236603,710000236637,34,710000236637,710000236669,710000236697,1,1,1,1,710000236607,710000236609,710000236613,710000236605,710000236607,710000236609,0,0,0,0,0,0,3.5,48817,43524,1.000007356619665,0.999992643380335
high,710000237531,710000237537,6,710000237537,710000237561,710000237563,1,1,1,1,710000237533,710000237537,710000237539,710000237533,710000237535,710000237537,0,1,1,0,0,1,3.5,48817,43524,1.000007356619665,0.999992643380335
high,710000237746,710000237747,1,710000237747,710000237789,710000237801,1,1,1,1,710000237747,710000237753,710000237759,710000237747,710000237749,710000237751,1,1,1,1,1,1,3.5,48817,43524,1.000007356619665,0.999992643380335
high,710000238221,710000238247,26,710000238247,710000238251,710000238281,1,1,1,1,710000238223,710000238239,710000238247,710000238223,710000238225,710000238227,0,0,1,0,0,0,3.5,48817,43524,1.000007356619665,0.999992643380335
high,710000238797,710000238811,14,710000238803,710000238811,710000238821,2,0,1,1,710000238803,710000238809,710000238811,710000238799,710000238801,710000238803,0,0,1,0,0,0,3.5,48817,43524,1.000007356619665,0.999992643380335
high,710000238885,710000238889,4,710000238889,710000238907,710000238917,1,1,1,1,710000238887,710000238889,710000238901,710000238887,710000238889,710000238891,0,1,1,0,1,1,3.5,48817,43524,1.000007356619665,0.999992643380335
high,710000239108,710000239147,39,710000239147,710000239171,710000239183,1,1,1,1,710000239111,710000239121,710000239127,710000239109,710000239111,710000239113,0,0,0,0,0,0,3.5,48817,43524,1.000007356619665,0.999992643380335
high,710000239539,710000239573,34,710000239573,710000239589,710000239591,1,1,1,1,710000239547,710000239561,710000239567,710000239541,710000239543,710000239545,0,0,0,0,0,0,3.5,48817,43524,1.000007356619665,0.999992643380335
high,710000240322,710000240347,25,710000240347,710000240359,710000240377,1,1,1,1,710000240329,710000240333,710000240347,710000240323,710000240325,710000240327,0,0,1,0,0,0,3.5,48817,43524,1.000007356619665,0.999992643380335
high,710000240850,710000240879,29,710000240879,710000240891,710000240897,1,1,1,1,710000240857,710000240861,710000240863,710000240851,710000240853,710000240855,0,0,0,0,0,0,3.5,48817,43524,1.000007356619665,0.999992643380335
high,710000240955,710000240977,22,710000240959,710000240977,710000240981,2,0,1,1,710000240959,710000240977,710000240981,710000240957,710000240959,710000240961,0,1,1,0,0,0,3.5,48817,43524,1.000007356619665,0.999992643380335
high,710000240972,710000240977,5,710000240977,710000240981,710000241023,1,1,1,1,710000240977,710000240981,710000240987,710000240973,710000240975,710000240977,1,1,1,0,0,1,3.5,48817,43524,1.000007356619665,0.999992643380335
high,710000241083,710000241089,6,710000241089,710000241101,710000241107,1,1,1,1,710000241089,710000241091,710000241101,710000241085,710000241087,710000241089,1,1,1,0,0,1,3.5,48817,43524,1.000007356619665,0.999992643380335
high,710000241147,710000241161,14,710000241161,710000241199,710000241253,1,1,1,1,710000241149,710000241151,710000241157,710000241149,710000241151,710000241153,0,0,0,0,0,0,3.5,48817,43524,1.000007356619665,0.999992643380335
high,710000241233,710000241253,20,710000241253,710000241299,710000241323,1,1,1,1,710000241239,710000241253,710000241257,710000241235,710000241237,710000241239,0,1,1,0,0,0,3.5,48817,43524,1.000007356619665,0.999992643380335
high,710000241429,710000241437,8,710000241437,710000241473,710000241493,1,1,1,1,710000241437,710000241439,710000241443,710000241431,710000241433,710000241435,1,1,1,0,0,0,3.5,48817,43524,1.000007356619665,0.999992643380335
high,710000241443,710000241473,30,710000241473,710000241493,710000241523,1,1,1,1,710000241449,710000241451,710000241469,710000241445,710000241447,710000241449,0,0,0,0,0,0,3.5,48817,43524,1.000007356619665,0.999992643380335
high,710000241571,710000241617,46,710000241617,710000241623,710000241641,1,1,1,1,710000241589,710000241593,710000241607,710000241573,710000241575,710000241577,0,0,0,0,0,0,3.5,48817,43524,1.000007356619665,0.999992643380335
high,710000241649,710000241653,4,710000241653,710000241703,710000241739,1,1,1,1,710000241653,710000241659,710000241661,710000241651,710000241653,710000241655,1,1,1,0,1,1,3.5,48817,43524,1.000007356619665,0.999992643380335
high,710000241793,710000241799,6,710000241799,710000241889,710000241917,1,1,1,1,710000241799,710000241803,710000241809,710000241795,710000241797,710000241799,1,1,1,0,0,1,3.5,48817,43524,1.000007356619665,0.999992643380335
high,710000241856,710000241889,33,710000241889,710000241917,710000242031,1,1,1,1,710000241857,710000241871,710000241883,710000241857,710000241859,710000241861,0,0,0,0,0,0,3.5,48817,43524,1.000007356619665,0.999992643380335
high,710000241869,710000241889,20,710000241889,710000241917,710000242031,1,1,1,1,710000241871,710000241883,710000241889,710000241871,710000241873,710000241875,0,0,1,0,0,0,3.5,48817,43524,1.000007356619665,0.999992643380335
high,710000242026,710000242031,5,710000242031,710000242033,710000242037,1,1,1,1,710000242027,710000242031,710000242033,710000242027,710000242029,710000242031,0,1,1,0,0,1,3.5,48817,43524,1.000007356619665,0.999992643380335
high,710000242406,710000242421,15,710000242421,710000242423,710000242433,1,1,1,1,710000242417,710000242421,710000242423,710000242407,710000242409,710000242411,0,1,1,0,0,0,3.5,48817,43524,1.000007356619665,0.999992643380335
high,710000242737,710000242753,16,710000242753,710000242769,710000242781,1,1,1,1,710000242741,710000242747,710000242753,710000242739,710000242741,710000242743,0,0,1,0,0,0,3.5,48817,43524,1.000007356619665,0.999992643380335
high,710000242906,710000242927,21,710000242927,710000242943,710000242967,1,1,1,1,710000242909,710000242921,710000242927,710000242907,710000242909,710000242911,0,0,1,0,0,0,3.5,48817,43524,1.000007356619665,0.999992643380335
high,710000243006,710000243027,21,710000243027,710000243081,710000243107,1,1,1,1,710000243011,710000243021,710000243023,710000243007,710000243009,710000243011,0,0,0,0,0,0,3.5,48817,43524,1.000007356619665,0.999992643380335
high,710000243470,710000243471,1,710000243471,710000243501,710000243539,1,1,1,1,710000243471,710000243479,710000243483,710000243471,710000243473,710000243475,1,1,1,1,1,1,3.5,48817,43524,1.000007356619665,0.999992643380335
high,710000244177,710000244179,2,710000244179,710000244181,710000244203,1,1,1,1,710000244179,710000244181,710000244193,710000244179,710000244181,710000244183,1,1,1,1,1,1,3.5,48817,43524,1.000007356619665,0.999992643380335
high,710000244189,710000244211,22,710000244203,710000244211,710000244227,2,0,1,1,710000244193,710000244197,710000244203,710000244191,710000244193,710000244195,0,0,0,0,0,0,3.5,48817,43524,1.000007356619665,0.999992643380335
high,710000244451,710000244511,60,710000244467,710000244511,710000244517,2,0,1,1,710000244463,710000244467,710000244469,710000244453,710000244455,710000244457,0,0,0,0,0,0,3.5,48817,43524,1.000007356619665,0.999992643380335
high,710000245038,710000245039,1,710000245039,710000245093,710000245121,1,1,1,1,710000245039,710000245043,710000245051,710000245039,710000245041,710000245043,1,1,1,1,1,1,3.5,48817,43524,1.000007356619665,0.999992643380335
high,710000245396,710000245417,21,710000245417,710000245421,710000245429,1,1,1,1,710000245397,710000245399,710000245403,710000245397,710000245399,710000245401,0,0,0,0,0,0,3.5,48817,43524,1.000007356619665,0.999992643380335
high,710000245425,710000245429,4,710000245429,710000245439,710000245459,1,1,1,1,710000245429,710000245433,710000245439,710000245427,710000245429,710000245431,1,1,1,0,1,1,3.5,48817,43524,1.000007356619665,0.999992643380335
high,710000245596,710000245607,11,710000245607,710000245609,710000245621,1,1,1,1,710000245597,710000245607,710000245609,710000245597,710000245599,710000245601,0,1,1,0,0,0,3.5,48817,43524,1.000007356619665,0.999992643380335
high,710000246119,710000246129,10,710000246129,710000246149,710000246159,1,1,1,1,710000246129,710000246141,710000246143,710000246121,710000246123,710000246125,1,1,1,0,0,0,3.5,48817,43524,1.000007356619665,0.999992643380335
high,710000246151,710000246159,8,710000246159,710000246173,710000246279,1,1,1,1,710000246159,710000246167,710000246173,710000246153,710000246155,710000246157,1,1,1,0,0,0,3.5,48817,43524,1.000007356619665,0.999992643380335
high,710000246167,710000246173,6,710000246173,710000246279,710000246359,1,1,1,1,710000246173,710000246177,710000246191,710000246169,710000246171,710000246173,1,1,1,0,0,1,3.5,48817,43524,1.000007356619665,0.999992643380335
high,710000246183,710000246279,96,710000246279,710000246359,710000246363,1,1,1,1,710000246191,710000246201,710000246203,710000246185,710000246187,710000246189,0,0,0,0,0,0,3.5,48817,43524,1.000007356619665,0.999992643380335
high,710000246821,710000246833,12,710000246833,710000246887,710000246909,1,1,1,1,710000246831,710000246833,710000246843,710000246823,710000246825,710000246827,0,1,1,0,0,0,3.5,48817,43524,1.000007356619665,0.999992643380335
high,710000246991,710000247017,26,710000247017,710000247023,710000247043,1,1,1,1,710000246993,710000246999,710000247001,710000246993,710000246995,710000246997,0,0,0,0,0,0,3.5,48817,43524,1.000007356619665,0.999992643380335
high,710000247629,710000247661,32,710000247661,710000247709,710000247829,1,1,1,1,710000247631,710000247637,710000247641,710000247631,710000247633,710000247635,0,0,0,0,0,0,3.5,48817,43524,1.000007356619665,0.999992643380335
high,710000248426,710000248439,13,710000248439,710000248469,710000248501,1,1,1,1,710000248427,710000248429,710000248439,710000248427,710000248429,710000248431,0,0,1,0,0,0,3.5,48817,43524,1.000007356619665,0.999992643380335
high,710000248538,710000248547,9,710000248547,710000248561,710000248577,1,1,1,1,710000248541,710000248543,710000248547,710000248539,710000248541,710000248543,0,0,1,0,0,0,3.5,48817,43524,1.000007356619665,0.999992643380335
high,710000248597,710000248613,16,710000248613,710000248673,710000248681,1,1,1,1,710000248609,710000248613,710000248627,710000248599,710000248601,710000248603,0,1,1,0,0,0,3.5,48817,43524,1.000007356619665,0.999992643380335
high,710000248776,710000248819,43,710000248819,710000248843,710000248847,1,1,1,1,710000248777,710000248781,710000248787,710000248777,710000248779,710000248781,0,0,0,0,0,0,3.5,48817,43524,1.000007356619665,0.999992643380335
high,710000249143,710000249149,6,710000249149,710000249171,710000249191,1,1,1,1,710000249149,710000249159,710000249171,710000249145,710000249147,710000249149,1,1,1,0,0,1,3.5,48817,43524,1.000007356619665,0.999992643380335
high,710000249274,710000249297,23,710000249297,710000249323,710000249347,1,1,1,1,710000249279,710000249281,710000249291,710000249275,710000249277,710000249279,0,0,0,0,0,0,3.5,48817,43524,1.000007356619665,0.999992643380335
high,710000250896,710000250941,45,710000250941,710000250977,710000250983,1,1,1,1,710000250899,710000250901,710000250907,710000250897,710000250899,710000250901,0,0,0,0,0,0,3.5,48817,43524,1.000007356619665,0.999992643380335
high,710000250988,710000251019,31,710000251019,710000251021,710000251031,1,1,1,1,710000250989,710000250991,710000251001,710000250989,710000250991,710000250993,0,0,0,0,0,0,3.5,48817,43524,1.000007356619665,0.999992643380335
high,710000251255,710000251273,18,710000251273,710000251309,710000251319,1,1,1,1,710000251267,710000251273,710000251277,710000251257,710000251259,710000251261,0,1,1,0,0,0,3.5,48817,43524,1.000007356619665,0.999992643380335
high,710000251297,710000251309,12,710000251309,710000251319,710000251333,1,1,1,1,710000251307,710000251309,710000251313,710000251299,710000251301,710000251303,0,1,1,0,0,0,3.5,48817,43524,1.000007356619665,0.999992643380335
high,710000252014,710000252051,37,710000252041,710000252051,710000252057,2,0,1,1,710000252021,710000252029,710000252033,710000252015,710000252017,710000252019,0,0,0,0,0,0,3.5,48817,43524,1.000007356619665,0.999992643380335
high,710000252417,710000252443,26,710000252443,710000252459,710000252471,1,1,1,1,710000252419,710000252431,710000252443,710000252419,710000252421,710000252423,0,0,1,0,0,0,3.5,48817,43524,1.000007356619665,0.999992643380335
high,710000252701,710000252719,18,710000252719,710000252723,710000252743,1,1,1,1,710000252711,710000252713,710000252719,710000252703,710000252705,710000252707,0,0,1,0,0,0,3.5,48817,43524,1.000007356619665,0.999992643380335
high,710000252864,710000252909,45,710000252909,710000252953,710000252957,1,1,1,1,710000252867,710000252873,710000252879,710000252865,710000252867,710000252869,0,0,0,0,0,0,3.5,48817,43524,1.000007356619665,0.999992643380335
high,710000252929,710000252953,24,710000252953,710000252957,710000252963,1,1,1,1,710000252933,710000252939,710000252953,710000252931,710000252933,710000252935,0,0,1,0,0,0,3.5,48817,43524,1.000007356619665,0.999992643380335
high,710000252950,710000252953,3,710000252953,710000252957,710000252963,1,1,1,1,710000252953,710000252957,710000252959,710000252951,710000252953,710000252955,1,1,1,0,1,1,3.5,48817,43524,1.000007356619665,0.999992643380335
high,710000253021,710000253047,26,710000253031,710000253047,710000253059,2,0,1,1,710000253023,710000253029,710000253031,710000253023,710000253025,710000253027,0,0,0,0,0,0,3.5,48817,43524,1.000007356619665,0.999992643380335
high,710000253082,710000253091,9,710000253091,710000253103,710000253139,1,1,1,1,710000253089,710000253091,710000253097,710000253083,710000253085,710000253087,0,1,1,0,0,0,3.5,48817,43524,1.000007356619665,0.999992643380335
high,710000253293,710000253317,24,710000253317,710000253367,710000253401,1,1,1,1,710000253299,710000253301,710000253307,710000253295,710000253297,710000253299,0,0,0,0,0,0,3.5,48817,43524,1.000007356619665,0.999992643380335
high,710000253530,710000253551,21,710000253551,710000253593,710000253631,1,1,1,1,710000253533,710000253539,710000253541,710000253531,710000253533,710000253535,0,0,0,0,0,0,3.5,48817,43524,1.000007356619665,0.999992643380335
high,710000253556,710000253593,37,710000253593,710000253631,710000253667,1,1,1,1,710000253559,710000253563,710000253569,710000253557,710000253559,710000253561,0,0,0,0,0,0,3.5,48817,43524,1.000007356619665,0.999992643380335
high,710000253831,710000253841,10,710000253841,710000253871,710000253881,1,1,1,1,710000253839,710000253841,710000253857,710000253833,710000253835,710000253837,0,1,1,0,0,0,3.5,48817,43524,1.000007356619665,0.999992643380335
high,710000253850,710000253871,21,710000253871,710000253881,710000253929,1,1,1,1,710000253857,710000253863,710000253869,710000253851,710000253853,710000253855,0,0,0,0,0,0,3.5,48817,43524,1.000007356619665,0.999992643380335
high,710000254094,710000254123,29,710000254123,710000254133,710000254219,1,1,1,1,710000254097,710000254099,710000254109,710000254095,710000254097,710000254099,0,0,0,0,0,0,3.5,48817,43524,1.000007356619665,0.999992643380335
high,710000254111,710000254123,12,710000254123,710000254133,710000254219,1,1,1,1,710000254121,710000254123,710000254129,710000254113,710000254115,710000254117,0,1,1,0,0,0,3.5,48817,43524,1.000007356619665,0.999992643380335
high,710000254338,710000254363,25,710000254363,710000254373,710000254391,1,1,1,1,710000254343,710000254349,710000254351,710000254339,710000254341,710000254343,0,0,0,0,0,0,3.5,48817,43524,1.000007356619665,0.999992643380335
high,710000254357,710000254363,6,710000254363,710000254373,710000254391,1,1,1,1,710000254361,710000254363,710000254367,710000254359,710000254361,710000254363,0,1,1,0,0,1,3.5,48817,43524,1.000007356619665,0.999992643380335
high,710000254657,710000254673,16,710000254673,710000254679,710000254681,1,1,1,1,710000254661,710000254669,710000254673,710000254659,710000254661,710000254663,0,0,1,0,0,0,3.5,48817,43524,1.000007356619665,0.999992643380335
high,710000254826,710000254891,65,710000254891,710000254903,710000254973,1,1,1,1,710000254829,710000254837,710000254849,710000254827,710000254829,710000254831,0,0,0,0,0,0,3.5,48817,43524,1.000007356619665,0.999992643380335
high,710000255134,710000255143,9,710000255141,710000255143,710000255191,2,0,1,1,710000255137,710000255141,710000255143,710000255135,710000255137,710000255139,0,0,1,0,0,0,3.5,48817,43524,1.000007356619665,0.999992643380335
high,710000255181,710000255191,10,710000255191,710000255201,710000255221,1,1,1,1,710000255183,710000255189,710000255191,710000255183,710000255185,710000255187,0,0,1,0,0,0,3.5,48817,43524,1.000007356619665,0.999992643380335
high,710000255247,710000255323,76,710000255311,710000255323,710000255339,2,0,1,1,710000255257,710000255269,710000255273,710000255249,710000255251,710000255253,0,0,0,0,0,0,3.5,48817,43524,1.000007356619665,0.999992643380335
high,710000255653,710000255669,16,710000255669,710000255681,710000255689,1,1,1,1,710000255663,710000255669,710000255677,710000255655,710000255657,710000255659,0,1,1,0,0,0,3.5,48817,43524,1.000007356619665,0.999992643380335
high,710000256098,710000256103,5,710000256103,710000256157,710000256209,1,1,1,1,710000256101,710000256103,710000256107,710000256099,710000256101,710000256103,0,1,1,0,0,1,3.5,48817,43524,1.000007356619665,0.999992643380335
high,710000256159,710000256209,50,710000256209,710000256293,710000256299,1,1,1,1,710000256169,710000256179,710000256181,710000256161,710000256163,710000256165,0,0,0,0,0,0,3.5,48817,43524,1.000007356619665,0.999992643380335
high,710000256613,710000256617,4,710000256617,710000256673,710000256683,1,1,1,1,710000256617,710000256619,710000256629,710000256615,710000256617,710000256619,1,1,1,0,1,1,3.5,48817,43524,1.000007356619665,0.999992643380335
high,710000256948,710000256991,43,710000256991,710000257003,710000257013,1,1,1,1,710000256961,710000256967,710000256971,710000256949,710000256951,710000256953,0,0,0,0,0,0,3.5,48817,43524,1.000007356619665,0.999992643380335
high,710000257334,710000257367,33,710000257367,710000257433,710000257501,1,1,1,1,710000257339,710000257349,710000257363,710000257335,710000257337,710000257339,0,0,0,0,0,0,3.5,48817,43524,1.000007356619665,0.999992643380335
high,710000257413,710000257433,20,710000257433,710000257501,710000257541,1,1,1,1,710000257423,710000257427,710000257429,710000257415,710000257417,710000257419,0,0,0,0,0,0,3.5,48817,43524,1.000007356619665,0.999992643380335
high,710000257689,710000257693,4,710000257693,710000257711,710000257727,1,1,1,1,710000257691,710000257693,710000257699,710000257691,710000257693,710000257695,0,1,1,0,1,1,3.5,48817,43524,1.000007356619665,0.999992643380335
high,710000257875,710000257919,44,710000257919,710000257997,710000258029,1,1,1,1,710000257891,710000257903,710000257907,710000257877,710000257879,710000257881,0,0,0,0,0,0,3.5,48817,43524,1.000007356619665,0.999992643380335
high,710000257904,710000257919,15,710000257919,710000257997,710000258029,1,1,1,1,710000257907,710000257909,710000257919,710000257905,710000257907,710000257909,0,0,1,0,0,0,3.5,48817,43524,1.000007356619665,0.999992643380335
high,710000258374,710000258413,39,710000258413,710000258447,710000258453,1,1,1,1,710000258381,710000258389,710000258393,710000258375,710000258377,710000258379,0,0,0,0,0,0,3.5,48817,43524,1.000007356619665,0.999992643380335
high,710000258658,710000258659,1,710000258659,710000258677,710000258687,1,1,1,1,710000258659,710000258663,710000258677,710000258659,710000258661,710000258663,1,1,1,1,1,1,3.5,48817,43524,1.000007356619665,0.999992643380335
high,710000258721,710000258837,116,710000258837,710000258843,710000258873,1,1,1,1,710000258729,710000258731,710000258743,710000258723,710000258725,710000258727,0,0,0,0,0,0,3.5,48817,43524,1.000007356619665,0.999992643380335
high,710000258819,710000258837,18,710000258837,710000258843,710000258873,1,1,1,1,710000258827,710000258831,710000258837,710000258821,710000258823,710000258825,0,0,1,0,0,0,3.5,48817,43524,1.000007356619665,0.999992643380335
high,710000259329,710000259337,8,710000259337,710000259343,710000259361,1,1,1,1,710000259337,710000259341,710000259343,710000259331,710000259333,710000259335,1,1,1,0,0,0,3.5,48817,43524,1.000007356619665,0.999992643380335
high,710000259460,710000259467,7,710000259467,710000259473,710000259491,1,1,1,1,710000259461,710000259467,710000259469,710000259461,710000259463,710000259465,0,1,1,0,0,0,3.5,48817,43524,1.000007356619665,0.999992643380335
high,710000259481,710000259491,10,710000259491,710000259517,710000259571,1,1,1,1,710000259487,710000259491,710000259497,710000259483,710000259485,710000259487,0,1,1,0,0,0,3.5,48817,43524,1.000007356619665,0.999992643380335
high,710000259769,710000259821,52,710000259809,710000259821,710000259823,2,0,1,1,710000259779,710000259781,710000259797,710000259771,710000259773,710000259775,0,0,0,0,0,0,3.5,48817,43524,1.000007356619665,0.999992643380335
high,710000260101,710000260129,28,710000260129,710000260163,710000260183,1,1,1,1,710000260103,710000260127,710000260129,710000260103,710000260105,710000260107,0,0,1,0,0,0,3.5,48817,43524,1.000007356619665,0.999992643380335
high,710000260194,710000260201,7,710000260201,710000260223,710000260241,1,1,1,1,710000260199,710000260201,710000260217,710000260195,710000260197,710000260199,0,1,1,0,0,0,3.5,48817,43524,1.000007356619665,0.999992643380335
high,710000260365,710000260373,8,710000260373,710000260381,710000260433,1,1,1,1,710000260367,710000260369,710000260373,710000260367,710000260369,710000260371,0,0,1,0,0,0,3.5,48817,43524,1.000007356619665,0.999992643380335
high,710000260704,710000260759,55,710000260759,710000260787,710000260793,1,1,1,1,710000260709,710000260721,710000260727,710000260705,710000260707,710000260709,0,0,0,0,0,0,3.5,48817,43524,1.000007356619665,0.999992643380335
high,710000260750,710000260759,9,710000260759,710000260787,710000260793,1,1,1,1,710000260751,710000260759,710000260769,710000260751,710000260753,710000260755,0,1,1,0,0,0,3.5,48817,43524,1.000007356619665,0.999992643380335
high,710000260936,710000260939,3,710000260939,710000260969,710000260979,1,1,1,1,710000260939,710000260943,710000260967,710000260937,710000260939,710000260941,1,1,1,0,1,1,3.5,48817,43524,1.000007356619665,0.999992643380335
high,710000261369,710000261401,32,710000261401,710000261413,710000261429,1,1,1,1,710000261381,710000261387,710000261389,710000261371,710000261373,710000261375,0,0,0,0,0,0,3.5,48817,43524,1.000007356619665,0.999992643380335
high,710000261905,710000261917,12,710000261917,710000261959,710000261963,1,1,1,1,710000261909,710000261911,710000261917,710000261907,710000261909,710000261911,0,0,1,0,0,0,3.5,48817,43524,1.000007356619665,0.999992643380335
high,710000262149,710000262211,62,710000262211,710000262263,710000262269,1,1,1,1,710000262157,710000262161,710000262163,710000262151,710000262153,710000262155,0,0,0,0,0,0,3.5,48817,43524,1.000007356619665,0.999992643380335
high,710000262378,710000262431,53,710000262431,710000262437,710000262479,1,1,1,1,710000262379,710000262383,710000262403,710000262379,710000262381,710000262383,0,0,0,0,0,0,3.5,48817,43524,1.000007356619665,0.999992643380335
high,710000262454,710000262479,25,710000262479,710000262539,710000262563,1,1,1,1,710000262463,710000262469,710000262479,710000262455,710000262457,710000262459,0,0,1,0,0,0,3.5,48817,43524,1.000007356619665,0.999992643380335
high,710000262476,710000262479,3,710000262479,710000262539,710000262563,1,1,1,1,710000262479,710000262481,710000262487,710000262477,710000262479,710000262481,1,1,1,0,1,1,3.5,48817,43524,1.000007356619665,0.999992643380335
high,710000263077,710000263099,22,710000263099,710000263121,710000263129,1,1,1,1,710000263079,710000263087,710000263099,710000263079,710000263081,710000263083,0,0,1,0,0,0,3.5,48817,43524,1.000007356619665,0.999992643380335
high,710000263230,710000263267,37,710000263267,710000263283,710000263321,1,1,1,1,710000263237,710000263241,710000263243,710000263231,710000263233,710000263235,0,0,0,0,0,0,3.5,48817,43524,1.000007356619665,0.999992643380335
high,710000263263,710000263267,4,710000263267,710000263283,710000263321,1,1,1,1,710000263267,710000263277,710000263279,710000263265,710000263267,710000263269,1,1,1,0,1,1,3.5,48817,43524,1.000007356619665,0.999992643380335
high,710000263300,710000263321,21,710000263321,710000263337,710000263363,1,1,1,1,710000263303,710000263319,710000263321,710000263301,710000263303,710000263305,0,0,1,0,0,0,3.5,48817,43524,1.000007356619665,0.999992643380335
high,710000263338,710000263363,25,710000263363,710000263367,710000263373,1,1,1,1,710000263339,710000263351,710000263361,710000263339,710000263341,710000263343,0,0,0,0,0,0,3.5,48817,43524,1.000007356619665,0.999992643380335
high,710000263569,710000263631,62,710000263631,710000263649,710000263673,1,1,1,1,710000263573,710000263589,710000263591,710000263571,710000263573,710000263575,0,0,0,0,0,0,3.5,48817,43524,1.000007356619665,0.999992643380335
high,710000263573,710000263631,58,710000263631,710000263649,710000263673,1,1,1,1,710000263589,710000263591,710000263597,710000263575,710000263577,710000263579,0,0,0,0,0,0,3.5,48817,43524,1.000007356619665,0.999992643380335
high,710000265205,710000265223,18,710000265223,710000265239,710000265241,1,1,1,1,710000265217,710000265223,710000265229,710000265207,710000265209,710000265211,0,1,1,0,0,0,3.5,48817,43524,1.000007356619665,0.999992643380335
high,710000265839,710000265851,12,710000265851,710000265977,710000265983,1,1,1,1,710000265841,710000265847,710000265851,710000265841,710000265843,710000265845,0,0,1,0,0,0,3.5,48817,43524,1.000007356619665,0.999992643380335
high,710000265963,710000265977,14,710000265977,710000265983,710000265991,1,1,1,1,710000265967,710000265971,710000265973,710000265965,710000265967,710000265969,0,0,0,0,0,0,3.5,48817,43524,1.000007356619665,0.999992643380335
high,710000266141,710000266169,28,710000266169,710000266177,710000266207,1,1,1,1,710000266153,710000266169,710000266177,710000266143,710000266145,710000266147,0,1,1,0,0,0,3.5,48817,43524,1.000007356619665,0.999992643380335
high,710000266208,710000266211,3,710000266211,710000266243,710000266253,1,1,1,1,710000266211,710000266219,710000266223,710000266209,710000266211,710000266213,1,1,1,0,1,1,3.5,48817,43524,1.000007356619665,0.999992643380335
high,710000266298,710000266301,3,710000266301,710000266309,710000266337,1,1,1,1,710000266301,710000266303,710000266307,710000266299,710000266301,710000266303,1,1,1,0,1,1,3.5,48817,43524,1.000007356619665,0.999992643380335
high,710000266319,710000266337,18,710000266337,710000266361,710000266363,1,1,1,1,710000266321,710000266337,710000266343,710000266321,710000266323,710000266325,0,1,1,0,0,0,3.5,48817,43524,1.000007356619665,0.999992643380335
high,710000266756,710000266799,43,710000266799,710000266831,710000266841,1,1,1,1,710000266757,710000266763,710000266769,710000266757,710000266759,710000266761,0,0,0,0,0,0,3.5,48817,43524,1.000007356619665,0.999992643380335
high,710000266860,710000266861,1,710000266861,710000266897,710000266901,1,1,1,1,710000266861,710000266873,710000266879,710000266861,710000266863,710000266865,1,1,1,1,1,1,3.5,48817,43524,1.000007356619665,0.999992643380335
high,710000267201,710000267213,12,710000267213,710000267227,710000267243,1,1,1,1,710000267203,710000267209,710000267213,710000267203,710000267205,710000267207,0,0,1,0,0,0,3.5,48817,43524,1.000007356619665,0.999992643380335
high,710000267265,710000267267,2,710000267267,710000267269,710000267279,1,1,1,1,710000267267,710000267269,710000267279,710000267267,710000267269,710000267271,1,1,1,1,1,1,3.5,48817,43524,1.000007356619665,0.999992643380335
high,710000267370,710000267371,1,710000267371,710000267377,710000267399,1,1,1,1,710000267371,710000267377,710000267381,710000267371,710000267373,710000267375,1,1,1,1,1,1,3.5,48817,43524,1.000007356619665,0.999992643380335
high,710000267477,710000267491,14,710000267491,710000267513,710000267549,1,1,1,1,710000267479,710000267491,710000267497,710000267479,710000267481,710000267483,0,1,1,0,0,0,3.5,48817,43524,1.000007356619665,0.999992643380335
high,710000267635,710000267759,124,710000267759,710000267773,710000267807,1,1,1,1,710000267651,710000267653,710000267657,710000267637,710000267639,710000267641,0,0,0,0,0,0,3.5,48817,43524,1.000007356619665,0.999992643380335
high,710000267870,710000267939,69,710000267939,710000267953,710000267959,1,1,1,1,710000267881,710000267887,710000267891,710000267871,710000267873,710000267875,0,0,0,0,0,0,3.5,48817,43524,1.000007356619665,0.999992643380335
high,710000268600,710000268617,17,710000268617,710000268623,710000268671,1,1,1,1,710000268613,710000268617,710000268619,710000268601,710000268603,710000268605,0,1,1,0,0,0,3.5,48817,43524,1.000007356619665,0.999992643380335
high,710000269027,710000269079,52,710000269079,710000269117,710000269127,1,1,1,1,710000269031,710000269037,710000269039,710000269029,710000269031,710000269033,0,0,0,0,0,0,3.5,48817,43524,1.000007356619665,0.999992643380335
high,710000269087,710000269117,30,710000269117,710000269127,710000269151,1,1,1,1,710000269093,710000269103,710000269109,710000269089,710000269091,710000269093,0,0,0,0,0,0,3.5,48817,43524,1.000007356619665,0.999992643380335
high,710000269932,710000269949,17,710000269949,710000269969,710000269973,1,1,1,1,710000269933,710000269939,710000269943,710000269933,710000269935,710000269937,0,0,0,0,0,0,3.5,48817,43524,1.000007356619665,0.999992643380335
high,710000270141,710000270153,12,710000270153,710000270159,710000270179,1,1,1,1,710000270143,710000270153,710000270159,710000270143,710000270145,710000270147,0,1,1,0,0,0,3.5,48817,43524,1.000007356619665,0.999992643380335
high,710000270814,710000270831,17,710000270831,710000270849,710000270951,1,1,1,1,710000270827,710000270831,710000270843,710000270815,710000270817,710000270819,0,1,1,0,0,0,3.5,48817,43524,1.000007356619665,0.999992643380335
high,710000272202,710000272231,29,710000272231,710000272273,710000272279,1,1,1,1,710000272207,710000272211,710000272213,710000272203,710000272205,710000272207,0,0,0,0,0,0,3.5,48817,43524,1.000007356619665,0.999992643380335
high,710000272233,710000272273,40,710000272273,710000272279,710000272291,1,1,1,1,710000272237,710000272243,710000272253,710000272235,710000272237,710000272239,0,0,0,0,0,0,3.5,48817,43524,1.000007356619665,0.999992643380335
high,710000272393,710000272447,54,710000272447,710000272463,710000272489,1,1,1,1,710000272409,710000272411,710000272417,710000272395,710000272397,710000272399,0,0,0,0,0,0,3.5,48817,43524,1.000007356619665,0.999992643380335
high,710000272579,710000272603,24,710000272603,710000272651,710000272673,1,1,1,1,710000272591,710000272601,710000272603,710000272581,710000272583,710000272585,0,0,1,0,0,0,3.5,48817,43524,1.000007356619665,0.999992643380335
high,710000272807,710000272859,52,710000272859,710000272897,710000272901,1,1,1,1,710000272811,710000272819,710000272823,710000272809,710000272811,710000272813,0,0,0,0,0,0,3.5,48817,43524,1.000007356619665,0.999992643380335
high,710000272825,710000272859,34,710000272859,710000272897,710000272901,1,1,1,1,710000272829,710000272831,710000272837,710000272827,710000272829,710000272831,0,0,0,0,0,0,3.5,48817,43524,1.000007356619665,0.999992643380335
high,710000273329,710000273347,18,710000273347,710000273351,710000273383,1,1,1,1,710000273347,710000273351,710000273357,710000273331,710000273333,710000273335,1,1,1,0,0,0,3.5,48817,43524,1.000007356619665,0.999992643380335
high,710000273593,710000273621,28,710000273621,710000273641,710000273659,1,1,1,1,710000273597,710000273603,710000273611,710000273595,710000273597,710000273599,0,0,0,0,0,0,3.5,48817,43524,1.000007356619665,0.999992643380335
high,710000273620,710000273621,1,710000273621,710000273641,710000273659,1,1,1,1,710000273621,710000273623,710000273627,710000273621,710000273623,710000273625,1,1,1,1,1,1,3.5,48817,43524,1.000007356619665,0.999992643380335
high,710000273759,710000273771,12,710000273771,710000273789,710000273791,1,1,1,1,710000273761,710000273767,710000273771,710000273761,710000273763,710000273765,0,0,1,0,0,0,3.5,48817,43524,1.000007356619665,0.999992643380335
high,710000274097,710000274133,36,710000274133,710000274149,710000274157,1,1,1,1,710000274103,710000274107,710000274121,710000274099,710000274101,710000274103,0,0,0,0,0,0,3.5,48817,43524,1.000007356619665,0.999992643380335
high,710000274678,710000274701,23,710000274701,710000274707,710000274727,1,1,1,1,710000274679,710000274689,710000274691,710000274679,710000274681,710000274683,0,0,0,0,0,0,3.5,48817,43524,1.000007356619665,0.999992643380335
high,710000274773,710000274827,54,710000274827,710000274859,710000274883,1,1,1,1,710000274779,710000274787,710000274791,710000274775,710000274777,710000274779,0,0,0,0,0,0,3.5,48817,43524,1.000007356619665,0.999992643380335
high,710000274774,710000274827,53,710000274827,710000274859,710000274883,1,1,1,1,710000274779,710000274787,710000274791,710000274775,710000274777,710000274779,0,0,0,0,0,0,3.5,48817,43524,1.000007356619665,0.999992643380335
high,710000275190,710000275291,101,710000275223,710000275291,710000275321,2,0,1,1,710000275199,710000275211,710000275213,710000275191,710000275193,710000275195,0,0,0,0,0,0,3.5,48817,43524,1.000007356619665,0.999992643380335
high,710000275729,710000275823,94,710000275823,710000275837,710000275847,1,1,1,1,710000275739,710000275753,710000275757,710000275731,710000275733,710000275735,0,0,0,0,0,0,3.5,48817,43524,1.000007356619665,0.999992643380335
high,710000276206,710000276207,1,710000276207,710000276239,710000276287,1,1,1,1,710000276207,710000276213,710000276231,710000276207,710000276209,710000276211,1,1,1,1,1,1,3.5,48817,43524,1.000007356619665,0.999992643380335
high,710000276211,710000276239,28,710000276239,710000276287,710000276303,1,1,1,1,710000276213,710000276231,710000276233,710000276213,710000276215,710000276217,0,0,0,0,0,0,3.5,48817,43524,1.000007356619665,0.999992643380335
high,710000276396,710000276477,81,710000276477,710000276483,710000276501,1,1,1,1,710000276399,710000276407,710000276411,710000276397,710000276399,710000276401,0,0,0,0,0,0,3.5,48817,43524,1.000007356619665,0.999992643380335
high,710000276686,710000276693,7,710000276693,710000276701,710000276707,1,1,1,1,710000276693,710000276701,710000276707,710000276687,710000276689,710000276691,1,1,1,0,0,0,3.5,48817,43524,1.000007356619665,0.999992643380335
high,710000276999,710000277001,2,710000277001,710000277011,710000277037,1,1,1,1,710000277001,710000277011,710000277013,710000277001,710000277003,710000277005,1,1,1,1,1,1,3.5,48817,43524,1.000007356619665,0.999992643380335
high,710000277052,710000277071,19,710000277071,710000277073,710000277131,1,1,1,1,710000277053,710000277059,710000277061,710000277053,710000277055,710000277057,0,0,0,0,0,0,3.5,48817,43524,1.000007356619665,0.999992643380335
high,710000277096,710000277131,35,710000277131,710000277139,710000277167,1,1,1,1,710000277097,710000277101,710000277109,710000277097,710000277099,710000277101,0,0,0,0,0,0,3.5,48817,43524,1.000007356619665,0.999992643380335
high,710000277438,710000277443,5,710000277443,710000277457,710000277473,1,1,1,1,710000277439,710000277443,710000277449,710000277439,710000277441,710000277443,0,1,1,0,0,1,3.5,48817,43524,1.000007356619665,0.999992643380335
high,710000278392,710000278399,7,710000278399,710000278411,710000278423,1,1,1,1,710000278397,710000278399,710000278411,710000278393,710000278395,710000278397,0,1,1,0,0,0,3.5,48817,43524,1.000007356619665,0.999992643380335
high,710000278500,710000278523,23,710000278523,710000278543,710000278571,1,1,1,1,710000278501,710000278511,710000278513,710000278501,710000278503,710000278505,0,0,0,0,0,0,3.5,48817,43524,1.000007356619665,0.999992643380335
high,710000278727,710000278739,12,710000278739,710000278747,710000278759,1,1,1,1,710000278733,710000278739,710000278747,710000278729,710000278731,710000278733,0,1,1,0,0,0,3.5,48817,43524,1.000007356619665,0.999992643380335
high,710000278922,710000278951,29,710000278951,710000278957,710000278969,1,1,1,1,710000278937,710000278943,710000278951,710000278923,710000278925,710000278927,0,0,1,0,0,0,3.5,48817,43524,1.000007356619665,0.999992643380335
high,710000279161,710000279213,52,710000279213,710000279273,710000279281,1,1,1,1,710000279167,710000279171,710000279173,710000279163,710000279165,710000279167,0,0,0,0,0,0,3.5,48817,43524,1.000007356619665,0.999992643380335
high,710000279201,710000279213,12,710000279213,710000279273,710000279281,1,1,1,1,710000279203,710000279207,710000279213,710000279203,710000279205,710000279207,0,0,1,0,0,0,3.5,48817,43524,1.000007356619665,0.999992643380335
high,710000279238,710000279273,35,710000279273,710000279281,710000279293,1,1,1,1,710000279239,710000279243,710000279249,710000279239,710000279241,710000279243,0,0,0,0,0,0,3.5,48817,43524,1.000007356619665,0.999992643380335
high,710000280181,710000280211,30,710000280211,710000280217,710000280229,1,1,1,1,710000280191,710000280193,710000280203,710000280183,710000280185,710000280187,0,0,0,0,0,0,3.5,48817,43524,1.000007356619665,0.999992643380335
high,710000280323,710000280337,14,710000280337,710000280349,710000280391,1,1,1,1,710000280329,710000280331,710000280337,710000280325,710000280327,710000280329,0,0,1,0,0,0,3.5,48817,43524,1.000007356619665,0.999992643380335
high,710000280433,710000280461,28,710000280461,710000280547,710000280553,1,1,1,1,710000280449,710000280461,710000280463,710000280435,710000280437,710000280439,0,1,1,0,0,0,3.5,48817,43524,1.000007356619665,0.999992643380335
high,710000280510,710000280547,37,710000280547,710000280553,710000280623,1,1,1,1,710000280527,710000280529,710000280533,710000280511,710000280513,710000280515,0,0,0,0,0,0,3.5,48817,43524,1.000007356619665,0.999992643380335
high,710000281528,710000281567,39,710000281567,710000281577,710000281579,1,1,1,1,710000281537,710000281547,710000281553,710000281529,710000281531,710000281533,0,0,0,0,0,0,3.5,48817,43524,1.000007356619665,0.999992643380335
high,710000281563,710000281567,4,710000281567,710000281577,710000281579,1,1,1,1,710000281567,710000281577,710000281579,710000281565,710000281567,710000281569,1,1,1,0,1,1,3.5,48817,43524,1.000007356619665,0.999992643380335
high,710000281905,710000281943,38,710000281943,710000281951,710000281957,1,1,1,1,710000281909,710000281919,710000281927,710000281907,710000281909,710000281911,0,0,0,0,0,0,3.5,48817,43524,1.000007356619665,0.999992643380335
high,710000282584,710000282609,25,710000282609,710000282611,710000282627,1,1,1,1,710000282587,710000282591,710000282597,710000282585,710000282587,710000282589,0,0,0,0,0,0,3.5,48817,43524,1.000007356619665,0.999992643380335
high,710000282629,710000282647,18,710000282647,710000282681,710000282711,1,1,1,1,710000282633,710000282639,710000282647,710000282631,710000282633,710000282635,0,0,1,0,0,0,3.5,48817,43524,1.000007356619665,0.999992643380335
high,710000282633,710000282647,14,710000282647,710000282681,710000282711,1,1,1,1,710000282639,710000282647,710000282657,710000282635,710000282637,710000282639,0,1,1,0,0,0,3.5,48817,43524,1.000007356619665,0.999992643380335
high,710000282937,710000282939,2,710000282939,710000282963,710000282977,1,1,1,1,710000282939,710000282941,710000282947,710000282939,710000282941,710000282943,1,1,1,1,1,1,3.5,48817,43524,1.000007356619665,0.999992643380335
high,710000283247,710000283257,10,710000283257,710000283269,710000283271,1,1,1,1,710000283253,710000283257,710000283263,710000283249,710000283251,710000283253,0,1,1,0,0,0,3.5,48817,43524,1.000007356619665,0.999992643380335
high,710000283696,710000283721,25,710000283721,710000283737,710000283743,1,1,1,1,710000283697,710000283701,710000283703,710000283697,710000283699,710000283701,0,0,0,0,0,0,3.5,48817,43524,1.000007356619665,0.999992643380335
high,710000283864,710000283869,5,710000283869,710000283899,710000283901,1,1,1,1,710000283869,710000283871,710000283887,710000283865,710000283867,710000283869,1,1,1,0,0,1,3.5,48817,43524,1.000007356619665,0.999992643380335
high,710000284012,710000284099,87,710000284099,710000284111,710000284121,1,1,1,1,710000284027,710000284031,710000284033,710000284013,710000284015,710000284017,0,0,0,0,0,0,3.5,48817,43524,1.000007356619665,0.999992643380335
high,710000284231,710000284289,58,710000284289,710000284297,710000284391,1,1,1,1,710000284237,710000284241,710000284243,710000284233,710000284235,710000284237,0,0,0,0,0,0,3.5,48817,43524,1.000007356619665,0.999992643380335
high,710000284296,710000284297,1,710000284297,710000284391,710000284423,1,1,1,1,710000284297,710000284303,710000284307,710000284297,710000284299,710000284301,1,1,1,1,1,1,3.5,48817,43524,1.000007356619665,0.999992643380335
high,710000284323,710000284391,68,710000284391,710000284423,710000284447,1,1,1,1,710000284327,710000284333,710000284337,710000284325,710000284327,710000284329,0,0,0,0,0,0,3.5,48817,43524,1.000007356619665,0.999992643380335
high,710000284329,710000284391,62,710000284391,710000284423,710000284447,1,1,1,1,710000284333,710000284337,710000284339,710000284331,710000284333,710000284335,0,0,0,0,0,0,3.5,48817,43524,1.000007356619665,0.999992643380335
high,710000284379,710000284391,12,710000284391,710000284423,710000284447,1,1,1,1,710000284381,710000284391,710000284393,710000284381,710000284383,710000284385,0,1,1,0,0,0,3.5,48817,43524,1.000007356619665,0.999992643380335
high,710000284428,710000284447,19,710000284447,710000284453,710000284463,1,1,1,1,710000284429,710000284439,710000284447,710000284429,710000284431,710000284433,0,0,1,0,0,0,3.5,48817,43524,1.000007356619665,0.999992643380335
high,710000284642,710000284667,25,710000284667,710000284691,710000284751,1,1,1,1,710000284649,710000284657,710000284661,710000284643,710000284645,710000284647,0,0,0,0,0,0,3.5,48817,43524,1.000007356619665,0.999992643380335
high,710000284687,710000284691,4,710000284691,710000284751,710000284757,1,1,1,1,710000284691,710000284699,710000284709,710000284689,710000284691,710000284693,1,1,1,0,1,1,3.5,48817,43524,1.000007356619665,0.999992643380335
high,710000284694,710000284751,57,710000284751,710000284757,710000284841,1,1,1,1,710000284699,710000284709,710000284711,710000284695,710000284697,710000284699,0,0,0,0,0,0,3.5,48817,43524,1.000007356619665,0.999992643380335
high,710000284704,710000284751,47,710000284751,710000284757,710000284841,1,1,1,1,710000284709,710000284711,710000284717,710000284705,710000284707,710000284709,0,0,0,0,0,0,3.5,48817,43524,1.000007356619665,0.999992643380335
high,710000284739,710000284751,12,710000284751,710000284757,710000284841,1,1,1,1,710000284751,710000284753,710000284757,710000284741,710000284743,710000284745,1,1,1,0,0,0,3.5,48817,43524,1.000007356619665,0.999992643380335
high,710000285403,710000285419,16,710000285419,710000285429,710000285461,1,1,1,1,710000285411,710000285413,710000285417,710000285405,710000285407,710000285409,0,0,0,0,0,0,3.5,48817,43524,1.000007356619665,0.999992643380335
high,710000285451,710000285461,10,710000285461,710000285531,710000285549,1,1,1,1,710000285453,710000285459,710000285461,710000285453,710000285455,710000285457,0,0,1,0,0,0,3.5,48817,43524,1.000007356619665,0.999992643380335
high,710000285991,710000285993,2,710000285993,710000286029,710000286043,1,1,1,1,710000285993,710000285999,710000286001,710000285993,710000285995,710000285997,1,1,1,1,1,1,3.5,48817,43524,1.000007356619665,0.999992643380335
high,710000286428,710000286439,11,710000286439,710000286449,710000286469,1,1,1,1,710000286431,710000286439,710000286449,710000286429,710000286431,710000286433,0,1,1,0,0,0,3.5,48817,43524,1.000007356619665,0.999992643380335
high,710000286556,710000286557,1,710000286557,710000286637,710000286659,1,1,1,1,710000286557,710000286559,710000286577,710000286557,710000286559,710000286561,1,1,1,1,1,1,3.5,48817,43524,1.000007356619665,0.999992643380335
high,710000286749,710000286797,48,710000286797,710000286823,710000286839,1,1,1,1,710000286757,710000286763,710000286769,710000286751,710000286753,710000286755,0,0,0,0,0,0,3.5,48817,43524,1.000007356619665,0.999992643380335
high,710000286814,710000286823,9,710000286823,710000286839,710000286841,1,1,1,1,710000286817,710000286823,710000286829,710000286815,710000286817,710000286819,0,1,1,0,0,0,3.5,48817,43524,1.000007356619665,0.999992643380335
high,710000287015,710000287033,18,710000287033,710000287037,710000287049,1,1,1,1,710000287019,710000287027,710000287033,710000287017,710000287019,710000287021,0,0,1,0,0,0,3.5,48817,43524,1.000007356619665,0.999992643380335
high,710000287140,710000287147,7,710000287147,710000287159,710000287193,1,1,1,1,710000287147,710000287151,710000287153,710000287141,710000287143,710000287145,1,1,1,0,0,0,3.5,48817,43524,1.000007356619665,0.999992643380335
high,710000287472,710000287489,17,710000287489,710000287519,710000287531,1,1,1,1,710000287483,710000287487,710000287489,710000287473,710000287475,710000287477,0,0,1,0,0,0,3.5,48817,43524,1.000007356619665,0.999992643380335
high,710000287592,710000287669,77,710000287669,710000287681,710000287691,1,1,1,1,710000287597,710000287603,710000287609,710000287593,710000287595,710000287597,0,0,0,0,0,0,3.5,48817,43524,1.000007356619665,0.999992643380335
high,710000288076,710000288083,7,710000288083,710000288087,710000288111,1,1,1,1,710000288077,710000288083,710000288087,710000288077,710000288079,710000288081,0,1,1,0,0,0,3.5,48817,43524,1.000007356619665,0.999992643380335
high,710000288392,710000288401,9,710000288401,710000288507,710000288537,1,1,1,1,710000288401,710000288407,710000288419,710000288393,710000288395,710000288397,1,1,1,0,0,0,3.5,48817,43524,1.000007356619665,0.999992643380335
high,710000289301,710000289311,10,710000289311,710000289329,710000289367,1,1,1,1,710000289307,710000289311,710000289319,710000289303,710000289305,710000289307,0,1,1,0,0,0,3.5,48817,43524,1.000007356619665,0.999992643380335
high,710000289386,710000289421,35,710000289421,710000289437,710000289497,1,1,1,1,710000289389,710000289391,710000289403,710000289387,710000289389,710000289391,0,0,0,0,0,0,3.5,48817,43524,1.000007356619665,0.999992643380335
high,710000289424,710000289437,13,710000289437,710000289497,710000289569,1,1,1,1,710000289431,710000289433,710000289437,710000289425,710000289427,710000289429,0,0,1,0,0,0,3.5,48817,43524,1.000007356619665,0.999992643380335
high,710000289429,710000289437,8,710000289437,710000289497,710000289569,1,1,1,1,710000289431,710000289433,710000289437,710000289431,710000289433,710000289435,0,0,1,0,0,0,3.5,48817,43524,1.000007356619665,0.999992643380335
high,710000289572,710000289701,129,710000289701,710000289707,710000289731,1,1,1,1,710000289577,710000289587,710000289599,710000289573,710000289575,710000289577,0,0,0,0,0,0,3.5,48817,43524,1.000007356619665,0.999992643380335
high,710000289910,710000289913,3,710000289913,710000289919,710000289949,1,1,1,1,710000289913,710000289917,710000289919,710000289911,710000289913,710000289915,1,1,1,0,1,1,3.5,48817,43524,1.000007356619665,0.999992643380335
high,710000290012,710000290049,37,710000290049,710000290091,710000290093,1,1,1,1,710000290019,710000290033,710000290037,710000290013,710000290015,710000290017,0,0,0,0,0,0,3.5,48817,43524,1.000007356619665,0.999992643380335
high,710000290146,710000290171,25,710000290171,710000290187,710000290271,1,1,1,1,710000290147,710000290151,710000290157,710000290147,710000290149,710000290151,0,0,0,0,0,0,3.5,48817,43524,1.000007356619665,0.999992643380335
high,710000290260,710000290271,11,710000290271,710000290277,710000290283,1,1,1,1,710000290261,710000290267,710000290271,710000290261,710000290263,710000290265,0,0,1,0,0,0,3.5,48817,43524,1.000007356619665,0.999992643380335
high,710000290276,710000290277,1,710000290277,710000290283,710000290331,1,1,1,1,710000290277,710000290283,710000290291,710000290277,710000290279,710000290281,1,1,1,1,1,1,3.5,48817,43524,1.000007356619665,0.999992643380335
high,710000290566,710000290579,13,710000290579,710000290639,710000290687,1,1,1,1,710000290567,710000290577,710000290579,710000290567,710000290569,710000290571,0,0,1,0,0,0,3.5,48817,43524,1.000007356619665,0.999992643380335
high,710000290781,710000290801,20,710000290801,710000290807,710000290837,1,1,1,1,710000290787,710000290789,710000290793,710000290783,710000290785,710000290787,0,0,0,0,0,0,3.5,48817,43524,1.000007356619665,0.999992643380335
high,710000291025,710000291093,68,710000291093,710000291113,710000291137,1,1,1,1,710000291027,710000291029,710000291041,710000291027,710000291029,710000291031,0,0,0,0,0,0,3.5,48817,43524,1.000007356619665,0.999992643380335
high,710000291129,710000291137,8,710000291137,710000291159,710000291179,1,1,1,1,710000291131,710000291137,710000291141,710000291131,710000291133,710000291135,0,1,1,0,0,0,3.5,48817,43524,1.000007356619665,0.999992643380335
high,710000291465,710000291471,6,710000291471,710000291477,710000291519,1,1,1,1,710000291471,710000291477,710000291479,710000291467,710000291469,710000291471,1,1,1,0,0,1,3.5,48817,43524,1.000007356619665,0.999992643380335
high,710000291936,710000291947,11,710000291947,710000291963,710000291993,1,1,1,1,710000291939,710000291941,710000291947,710000291937,710000291939,710000291941,0,0,1,0,0,0,3.5,48817,43524,1.000007356619665,0.999992643380335
high,710000292343,710000292361,18,710000292361,710000292389,710000292403,1,1,1,1,710000292347,710000292349,710000292359,710000292345,710000292347,710000292349,0,0,0,0,0,0,3.5,48817,43524,1.000007356619665,0.999992643380335
high,710000292579,710000292637,58,710000292637,710000292641,710000292647,1,1,1,1,710000292583,710000292587,710000292593,710000292581,710000292583,710000292585,0,0,0,0,0,0,3.5,48817,43524,1.000007356619665,0.999992643380335
high,710000292679,710000292697,18,710000292697,710000292707,710000292713,1,1,1,1,710000292691,710000292697,710000292707,710000292681,710000292683,710000292685,0,1,1,0,0,0,3.5,48817,43524,1.000007356619665,0.999992643380335
high,710000292738,710000292761,23,710000292761,710000292773,710000292779,1,1,1,1,710000292739,710000292761,710000292763,710000292739,710000292741,710000292743,0,1,1,0,0,0,3.5,48817,43524,1.000007356619665,0.999992643380335
high,710000292744,710000292761,17,710000292761,710000292773,710000292779,1,1,1,1,710000292761,710000292763,710000292767,710000292745,710000292747,710000292749,1,1,1,0,0,0,3.5,48817,43524,1.000007356619665,0.999992643380335
high,710000293798,710000293811,13,710000293811,710000293831,710000293841,1,1,1,1,710000293799,710000293801,710000293811,710000293799,710000293801,710000293803,0,0,1,0,0,0,3.5,48817,43524,1.000007356619665,0.999992643380335
high,710000294698,710000294743,45,710000294743,710000294753,710000294761,1,1,1,1,710000294699,710000294701,710000294711,710000294699,710000294701,710000294703,0,0,0,0,0,0,3.5,48817,43524,1.000007356619665,0.999992643380335
high,710000295142,710000295157,15,710000295157,710000295167,710000295187,1,1,1,1,710000295143,710000295149,710000295157,710000295143,710000295145,710000295147,0,0,1,0,0,0,3.5,48817,43524,1.000007356619665,0.999992643380335
high,710000295180,710000295187,7,710000295187,710000295241,710000295271,1,1,1,1,710000295181,710000295187,710000295197,710000295181,710000295183,710000295185,0,1,1,0,0,0,3.5,48817,43524,1.000007356619665,0.999992643380335
high,710000295468,710000295469,1,710000295469,710000295517,710000295547,1,1,1,1,710000295469,710000295479,710000295481,710000295469,710000295471,710000295473,1,1,1,1,1,1,3.5,48817,43524,1.000007356619665,0.999992643380335
high,710000295479,710000295517,38,710000295517,710000295547,710000295551,1,1,1,1,710000295481,710000295491,710000295493,710000295481,710000295483,710000295485,0,0,0,0,0,0,3.5,48817,43524,1.000007356619665,0.999992643380335
high,710000295759,710000295839,80,710000295839,710000295859,710000295887,1,1,1,1,710000295769,710000295773,710000295779,710000295761,710000295763,710000295765,0,0,0,0,0,0,3.5,48817,43524,1.000007356619665,0.999992643380335
high,710000295801,710000295839,38,710000295839,710000295859,710000295887,1,1,1,1,710000295803,710000295821,710000295827,710000295803,710000295805,710000295807,0,0,0,0,0,0,3.5,48817,43524,1.000007356619665,0.999992643380335
high,710000296087,710000296127,40,710000296121,710000296127,710000296147,2,0,1,1,710000296091,710000296097,710000296111,710000296089,710000296091,710000296093,0,0,0,0,0,0,3.5,48817,43524,1.000007356619665,0.999992643380335
high,710000296396,710000296399,3,710000296399,710000296409,710000296433,1,1,1,1,710000296399,710000296403,710000296409,710000296397,710000296399,710000296401,1,1,1,0,1,1,3.5,48817,43524,1.000007356619665,0.999992643380335
high,710000296548,710000296549,1,710000296549,710000296571,710000296573,1,1,1,1,710000296549,710000296561,710000296567,710000296549,710000296551,710000296553,1,1,1,1,1,1,3.5,48817,43524,1.000007356619665,0.999992643380335
high,710000296869,710000296897,28,710000296897,710000297021,710000297033,1,1,1,1,710000296871,710000296877,710000296879,710000296871,710000296873,710000296875,0,0,0,0,0,0,3.5,48817,43524,1.000007356619665,0.999992643380335
high,710000297172,710000297287,115,710000297287,710000297327,710000297329,1,1,1,1,710000297173,710000297177,710000297179,710000297173,710000297175,710000297177,0,0,0,0,0,0,3.5,48817,43524,1.000007356619665,0.999992643380335
high,710000297631,710000297639,8,710000297639,710000297687,710000297717,1,1,1,1,710000297639,710000297641,710000297651,710000297633,710000297635,710000297637,1,1,1,0,0,0,3.5,48817,43524,1.000007356619665,0.999992643380335
high,710000297675,710000297687,12,710000297687,710000297717,710000297759,1,1,1,1,710000297683,710000297687,710000297689,710000297677,710000297679,710000297681,0,1,1,0,0,0,3.5,48817,43524,1.000007356619665,0.999992643380335
high,710000297802,710000297849,47,710000297849,710000297861,710000297863,1,1,1,1,710000297803,710000297807,710000297819,710000297803,710000297805,710000297807,0,0,0,0,0,0,3.5,48817,43524,1.000007356619665,0.999992643380335
high,710000298266,710000298281,15,710000298281,710000298283,710000298377,1,1,1,1,710000298277,710000298281,710000298283,710000298267,710000298269,710000298271,0,1,1,0,0,0,3.5,48817,43524,1.000007356619665,0.999992643380335
high,710000298718,710000298743,25,710000298743,710000298757,710000298793,1,1,1,1,710000298719,710000298727,710000298731,710000298719,710000298721,710000298723,0,0,0,0,0,0,3.5,48817,43524,1.000007356619665,0.999992643380335
high,710000298748,710000298757,9,710000298757,710000298793,710000298827,1,1,1,1,710000298751,710000298757,710000298773,710000298749,710000298751,710000298753,0,1,1,0,0,0,3.5,48817,43524,1.000007356619665,0.999992643380335
high,710000298869,710000298913,44,710000298913,710000298949,710000299049,1,1,1,1,710000298881,710000298893,710000298901,710000298871,710000298873,710000298875,0,0,0,0,0,0,3.5,48817,43524,1.000007356619665,0.999992643380335
high,710000299089,710000299091,2,710000299091,710000299103,710000299111,1,1,1,1,710000299091,710000299093,710000299097,710000299091,710000299093,710000299095,1,1,1,1,1,1,3.5,48817,43524,1.000007356619665,0.999992643380335
high,710000299239,710000299241,2,710000299241,710000299321,710000299343,1,1,1,1,710000299241,710000299243,710000299247,710000299241,710000299243,710000299245,1,1,1,1,1,1,3.5,48817,43524,1.000007356619665,0.999992643380335
high,710000299380,710000299399,19,710000299399,710000299441,710000299511,1,1,1,1,710000299387,710000299391,710000299397,710000299381,710000299383,710000299385,0,0,0,0,0,0,3.5,48817,43524,1.000007356619665,0.999992643380335
high,710000299511,710000299559,48,710000299559,710000299571,710000299577,1,1,1,1,710000299513,710000299529,710000299531,710000299513,710000299515,710000299517,0,0,0,0,0,0,3.5,48817,43524,1.000007356619665,0.999992643380335
high,710000299740,710000299741,1,710000299741,710000299777,710000299781,1,1,1,1,710000299741,710000299747,710000299759,710000299741,710000299743,710000299745,1,1,1,1,1,1,3.5,48817,43524,1.000007356619665,0.999992643380335
high,710000299993,710000299997,4,710000299997,710000300033,710000300039,1,1,1,1,710000299997,710000299999,710000300011,710000299995,710000299997,710000299999,1,1,1,0,1,1,3.5,48817,43524,1.000007356619665,0.999992643380335
high,710000300001,710000300033,32,710000300033,710000300039,710000300047,1,1,1,1,710000300011,710000300021,710000300029,710000300003,710000300005,710000300007,0,0,0,0,0,0,3.5,48817,43524,1.000007356619665,0.999992643380335
high,710000300271,710000300287,16,710000300287,710000300309,710000300311,1,1,1,1,710000300281,710000300287,710000300291,710000300273,710000300275,710000300277,0,1,1,0,0,0,3.5,48817,43524,1.000007356619665,0.999992643380335
high,710000300291,710000300309,18,710000300309,710000300311,710000300357,1,1,1,1,710000300293,710000300297,710000300309,710000300293,710000300295,710000300297,0,0,1,0,0,0,3.5,48817,43524,1.000007356619665,0.999992643380335
high,710000300776,710000300833,57,710000300833,710000300837,710000300851,1,1,1,1,710000300783,710000300791,710000300803,710000300777,710000300779,710000300781,0,0,0,0,0,0,3.5,48817,43524,1.000007356619665,0.999992643380335
high,710000301087,710000301161,74,710000301161,710000301163,710000301211,1,1,1,1,710000301089,710000301091,710000301097,710000301089,710000301091,710000301093,0,0,0,0,0,0,3.5,48817,43524,1.000007356619665,0.999992643380335
high,710000301222,710000301223,1,710000301223,710000301277,710000301293,1,1,1,1,710000301223,710000301229,710000301239,710000301223,710000301225,710000301227,1,1,1,1,1,1,3.5,48817,43524,1.000007356619665,0.999992643380335
high,710000301614,710000301629,15,710000301629,710000301643,710000301649,1,1,1,1,710000301617,710000301623,710000301629,710000301615,710000301617,710000301619,0,0,1,0,0,0,3.5,48817,43524,1.000007356619665,0.999992643380335
high,710000301695,710000301701,6,710000301701,710000301719,710000301733,1,1,1,1,710000301697,710000301701,710000301707,710000301697,710000301699,710000301701,0,1,1,0,0,1,3.5,48817,43524,1.000007356619665,0.999992643380335
high,710000301745,710000301793,48,710000301793,710000301799,710000301811,1,1,1,1,710000301749,710000301757,710000301763,710000301747,710000301749,710000301751,0,0,0,0,0,0,3.5,48817,43524,1.000007356619665,0.999992643380335
high,710000301878,710000301893,15,710000301893,710000301911,710000301977,1,1,1,1,710000301883,710000301887,710000301893,710000301879,710000301881,710000301883,0,0,1,0,0,0,3.5,48817,43524,1.000007356619665,0.999992643380335
high,710000301882,710000301893,11,710000301893,710000301911,710000301977,1,1,1,1,710000301883,710000301887,710000301893,710000301883,710000301885,710000301887,0,0,1,0,0,0,3.5,48817,43524,1.000007356619665,0.999992643380335
high,710000302582,710000302607,25,710000302607,710000302621,710000302651,1,1,1,1,710000302589,710000302591,710000302597,710000302583,710000302585,710000302587,0,0,0,0,0,0,3.5,48817,43524,1.000007356619665,0.999992643380335
high,710000302706,710000302729,23,710000302729,710000302757,710000302777,1,1,1,1,710000302709,710000302721,710000302723,710000302707,710000302709,710000302711,0,0,0,0,0,0,3.5,48817,43524,1.000007356619665,0.999992643380335
high,710000303748,710000303773,25,710000303773,710000303849,710000303861,1,1,1,1,710000303759,710000303773,710000303777,710000303749,710000303751,710000303753,0,1,1,0,0,0,3.5,48817,43524,1.000007356619665,0.999992643380335
high,710000303810,710000303849,39,710000303849,710000303861,710000303863,1,1,1,1,710000303819,710000303827,710000303833,710000303811,710000303813,710000303815,0,0,0,0,0,0,3.5,48817,43524,1.000007356619665,0.999992643380335
high,710000303910,710000303917,7,710000303917,710000303921,710000303923,1,1,1,1,710000303911,710000303917,710000303921,710000303911,710000303913,710000303915,0,1,1,0,0,0,3.5,48817,43524,1.000007356619665,0.999992643380335
high,710000304113,710000304131,18,710000304131,710000304137,710000304157,1,1,1,1,710000304119,710000304127,710000304131,710000304115,710000304117,710000304119,0,0,1,0,0,0,3.5,48817,43524,1.000007356619665,0.999992643380335
high,710000304212,710000304241,29,710000304241,710000304271,710000304287,1,1,1,1,710000304217,710000304227,710000304229,710000304213,710000304215,710000304217,0,0,0,0,0,0,3.5,48817,43524,1.000007356619665,0.999992643380335
high,710000304360,710000304361,1,710000304361,710000304367,710000304397,1,1,1,1,710000304361,710000304367,710000304371,710000304361,710000304363,710000304365,1,1,1,1,1,1,3.5,48817,43524,1.000007356619665,0.999992643380335
high,710000304515,710000304599,84,710000304523,710000304599,710000304619,2,0,1,1,710000304521,710000304523,710000304527,710000304517,710000304519,710000304521,0,0,0,0,0,0,3.5,48817,43524,1.000007356619665,0.999992643380335
high,710000304601,710000304619,18,710000304619,710000304631,710000304697,1,1,1,1,710000304613,710000304619,710000304623,710000304603,710000304605,710000304607,0,1,1,0,0,0,3.5,48817,43524,1.000007356619665,0.999992643380335
high,710000304681,710000304697,16,710000304697,710000304721,710000304733,1,1,1,1,710000304697,710000304701,710000304703,710000304683,710000304685,710000304687,1,1,1,0,0,0,3.5,48817,43524,1.000007356619665,0.999992643380335
high,710000304808,710000304823,15,710000304823,710000304847,710000304913,1,1,1,1,710000304809,710000304817,710000304823,710000304809,710000304811,710000304813,0,0,1,0,0,0,3.5,48817,43524,1.000007356619665,0.999992643380335
high,710000304827,710000304847,20,710000304847,710000304913,710000304967,1,1,1,1,710000304829,710000304841,710000304847,710000304829,710000304831,710000304833,0,0,1,0,0,0,3.5,48817,43524,1.000007356619665,0.999992643380335
high,710000304836,710000304847,11,710000304847,710000304913,710000304967,1,1,1,1,710000304841,710000304847,710000304851,710000304837,710000304839,710000304841,0,1,1,0,0,0,3.5,48817,43524,1.000007356619665,0.999992643380335
high,710000305331,710000305493,162,710000305493,710000305499,710000305507,1,1,1,1,710000305349,710000305351,710000305361,710000305333,710000305335,710000305337,0,0,0,0,0,0,3.5,48817,43524,1.000007356619665,0.999992643380335
high,710000305335,710000305493,158,710000305493,710000305499,710000305507,1,1,1,1,710000305349,710000305351,710000305361,710000305337,710000305339,710000305341,0,0,0,0,0,0,3.5,48817,43524,1.000007356619665,0.999992643380335
high,710000306012,710000306039,27,710000306039,710000306107,710000306153,1,1,1,1,710000306023,710000306027,710000306033,710000306013,710000306015,710000306017,0,0,0,0,0,0,3.5,48817,43524,1.000007356619665,0.999992643380335
high,710000306515,710000306557,42,710000306557,710000306569,710000306573,1,1,1,1,710000306527,710000306531,710000306537,710000306517,710000306519,710000306521,0,0,0,0,0,0,3.5,48817,43524,1.000007356619665,0.999992643380335
high,710000306743,710000306747,4,710000306747,710000306777,710000306803,1,1,1,1,710000306747,710000306749,710000306753,710000306745,710000306747,710000306749,1,1,1,0,1,1,3.5,48817,43524,1.000007356619665,0.999992643380335
high,710000306750,710000306777,27,710000306777,710000306803,710000306839,1,1,1,1,710000306753,710000306761,710000306767,710000306751,710000306753,710000306755,0,0,0,0,0,0,3.5,48817,43524,1.000007356619665,0.999992643380335
high,710000307063,710000307067,4,710000307067,710000307089,710000307091,1,1,1,1,710000307067,710000307073,710000307077,710000307065,710000307067,710000307069,1,1,1,0,1,1,3.5,48817,43524,1.000007356619665,0.999992643380335
high,710000307067,710000307089,22,710000307089,710000307091,710000307097,1,1,1,1,710000307073,710000307077,710000307083,710000307069,710000307071,710000307073,0,0,0,0,0,0,3.5,48817,43524,1.000007356619665,0.999992643380335
high,710000307211,710000307221,10,710000307221,710000307223,710000307251,1,1,1,1,710000307217,710000307221,710000307223,710000307213,710000307215,710000307217,0,1,1,0,0,0,3.5,48817,43524,1.000007356619665,0.999992643380335
high,710000307431,710000307433,2,710000307433,710000307461,710000307469,1,1,1,1,710000307433,710000307437,710000307449,710000307433,710000307435,710000307437,1,1,1,1,1,1,3.5,48817,43524,1.000007356619665,0.999992643380335
high,710000307481,710000307521,40,710000307493,710000307521,710000307529,2,0,1,1,710000307487,710000307491,710000307493,710000307483,710000307485,710000307487,0,0,0,0,0,0,3.5,48817,43524,1.000007356619665,0.999992643380335
high,710000307888,710000307899,11,710000307899,710000307923,710000307943,1,1,1,1,710000307889,710000307893,710000307899,710000307889,710000307891,710000307893,0,0,1,0,0,0,3.5,48817,43524,1.000007356619665,0.999992643380335
high,710000308126,710000308141,15,710000308141,710000308151,710000308229,1,1,1,1,710000308133,710000308139,710000308141,710000308127,710000308129,710000308131,0,0,1,0,0,0,3.5,48817,43524,1.000007356619665,0.999992643380335
high,710000308275,710000308313,38,710000308313,710000308379,710000308429,1,1,1,1,710000308291,710000308307,710000308309,710000308277,710000308279,710000308281,0,0,0,0,0,0,3.5,48817,43524,1.000007356619665,0.999992643380335
high,710000308376,710000308379,3,710000308379,710000308429,710000308439,1,1,1,1,710000308379,710000308387,710000308393,710000308377,710000308379,710000308381,1,1,1,0,1,1,3.5,48817,43524,1.000007356619665,0.999992643380335
high,710000308514,710000308517,3,710000308517,710000308541,710000308547,1,1,1,1,710000308517,710000308519,710000308531,710000308515,710000308517,710000308519,1,1,1,0,1,1,3.5,48817,43524,1.000007356619665,0.999992643380335
high,710000308541,710000308547,6,710000308547,710000308553,710000308579,1,1,1,1,710000308543,710000308547,710000308553,710000308543,710000308545,710000308547,0,1,1,0,0,1,3.5,48817,43524,1.000007356619665,0.999992643380335
high,710000308658,710000308669,11,710000308669,710000308687,710000308691,1,1,1,1,710000308669,710000308673,710000308679,710000308659,710000308661,710000308663,1,1,1,0,0,0,3.5,48817,43524,1.000007356619665,0.999992643380335
high,710000308995,710000309059,64,710000309059,710000309077,710000309089,1,1,1,1,710000308999,710000309009,710000309017,710000308997,710000308999,710000309001,0,0,0,0,0,0,3.5,48817,43524,1.000007356619665,0.999992643380335
high,710000309010,710000309059,49,710000309059,710000309077,710000309089,1,1,1,1,710000309017,710000309021,710000309027,710000309011,710000309013,710000309015,0,0,0,0,0,0,3.5,48817,43524,1.000007356619665,0.999992643380335
high,710000309083,710000309089,6,710000309089,710000309093,710000309101,1,1,1,1,710000309087,710000309089,710000309093,710000309085,710000309087,710000309089,0,1,1,0,0,1,3.5,48817,43524,1.000007356619665,0.999992643380335
high,710000309177,710000309231,54,710000309231,710000309237,710000309267,1,1,1,1,710000309189,710000309191,710000309197,710000309179,710000309181,710000309183,0,0,0,0,0,0,3.5,48817,43524,1.000007356619665,0.999992643380335
high,710000309262,710000309267,5,710000309267,710000309299,710000309311,1,1,1,1,710000309267,710000309269,710000309273,710000309263,710000309265,710000309267,1,1,1,0,0,1,3.5,48817,43524,1.000007356619665,0.999992643380335
high,710000309264,710000309267,3,710000309267,710000309299,710000309311,1,1,1,1,710000309267,710000309269,710000309273,710000309265,710000309267,710000309269,1,1,1,0,1,1,3.5,48817,43524,1.000007356619665,0.999992643380335
high,710000310015,710000310029,14,710000310029,710000310037,710000310059,1,1,1,1,710000310017,710000310029,710000310037,710000310017,710000310019,710000310021,0,1,1,0,0,0,3.5,48817,43524,1.000007356619665,0.999992643380335
high,710000310019,710000310029,10,710000310029,710000310037,710000310059,1,1,1,1,710000310029,710000310037,710000310043,710000310021,710000310023,710000310025,1,1,1,0,0,0,3.5,48817,43524,1.000007356619665,0.999992643380335
high,710000310066,710000310073,7,710000310073,710000310157,710000310161,1,1,1,1,710000310067,710000310073,710000310079,710000310067,710000310069,710000310071,0,1,1,0,0,0,3.5,48817,43524,1.000007356619665,0.999992643380335
high,710000310412,710000310419,7,710000310419,710000310433,710000310443,1,1,1,1,710000310413,710000310419,710000310421,710000310413,710000310415,710000310417,0,1,1,0,0,0,3.5,48817,43524,1.000007356619665,0.999992643380335
high,710000311664,710000311789,125,710000311673,710000311789,710000311799,2,0,1,1,710000311667,710000311673,710000311679,710000311665,710000311667,710000311669,0,0,0,0,0,0,3.5,48817,43524,1.000007356619665,0.999992643380335
high,710000311918,710000311919,1,710000311919,710000311921,710000311957,1,1,1,1,710000311919,710000311921,710000311931,710000311919,710000311921,710000311923,1,1,1,1,1,1,3.5,48817,43524,1.000007356619665,0.999992643380335
high,710000312380,710000312381,1,710000312381,710000312383,710000312393,1,1,1,1,710000312381,710000312383,710000312387,710000312381,710000312383,710000312385,1,1,1,1,1,1,3.5,48817,43524,1.000007356619665,0.999992643380335
high,710000312475,710000312491,16,710000312491,710000312551,710000312603,1,1,1,1,710000312477,710000312479,710000312491,710000312477,710000312479,710000312481,0,0,1,0,0,0,3.5,48817,43524,1.000007356619665,0.999992643380335
high,710000312647,710000312669,22,710000312669,710000312711,710000312737,1,1,1,1,710000312657,710000312663,710000312669,710000312649,710000312651,710000312653,0,0,1,0,0,0,3.5,48817,43524,1.000007356619665,0.999992643380335
high,710000312674,710000312711,37,710000312711,710000312737,710000312761,1,1,1,1,710000312677,710000312683,710000312689,710000312675,710000312677,710000312679,0,0,0,0,0,0,3.5,48817,43524,1.000007356619665,0.999992643380335
high,710000312685,710000312711,26,710000312711,710000312737,710000312761,1,1,1,1,710000312689,710000312701,710000312711,710000312687,710000312689,710000312691,0,0,1,0,0,0,3.5,48817,43524,1.000007356619665,0.999992643380335
high,710000312841,710000312893,52,710000312893,710000312909,710000312911,1,1,1,1,710000312843,710000312849,710000312851,710000312843,710000312845,710000312847,0,0,0,0,0,0,3.5,48817,43524,1.000007356619665,0.999992643380335
high,710000313013,710000313047,34,710000313047,710000313079,710000313097,1,1,1,1,710000313017,710000313019,710000313023,710000313015,710000313017,710000313019,0,0,0,0,0,0,3.5,48817,43524,1.000007356619665,0.999992643380335
high,710000313059,710000313079,20,710000313079,710000313097,710000313137,1,1,1,1,710000313073,710000313079,710000313091,710000313061,710000313063,710000313065,0,1,1,0,0,0,3.5,48817,43524,1.000007356619665,0.999992643380335
high,710000313424,710000313433,9,710000313433,710000313487,710000313509,1,1,1,1,710000313427,710000313433,710000313437,710000313425,710000313427,710000313429,0,1,1,0,0,0,3.5,48817,43524,1.000007356619665,0.999992643380335
high,710000313661,710000313667,6,710000313667,710000313683,710000313689,1,1,1,1,710000313667,710000313677,710000313679,710000313663,710000313665,710000313667,1,1,1,0,0,1,3.5,48817,43524,1.000007356619665,0.999992643380335
high,710000313706,710000313709,3,710000313709,710000313719,710000313733,1,1,1,1,710000313707,710000313709,710000313713,710000313707,710000313709,710000313711,0,1,1,0,1,1,3.5,48817,43524,1.000007356619665,0.999992643380335
high,710000313991,710000314057,66,710000314057,710000314061,710000314063,1,1,1,1,710000314003,710000314007,710000314013,710000313993,710000313995,710000313997,0,0,0,0,0,0,3.5,48817,43524,1.000007356619665,0.999992643380335
high,710000314129,710000314141,12,710000314141,710000314147,710000314151,1,1,1,1,710000314139,710000314141,710000314147,710000314131,710000314133,710000314135,0,1,1,0,0,0,3.5,48817,43524,1.000007356619665,0.999992643380335
high,710000314163,710000314187,24,710000314187,710000314213,710000314223,1,1,1,1,710000314169,710000314181,710000314183,710000314165,710000314167,710000314169,0,0,0,0,0,0,3.5,48817,43524,1.000007356619665,0.999992643380335
high,710000314487,710000314489,2,710000314489,710000314501,710000314549,1,1,1,1,710000314489,710000314501,710000314519,710000314489,710000314491,710000314493,1,1,1,1,1,1,3.5,48817,43524,1.000007356619665,0.999992643380335
high,710000314650,710000314663,13,710000314663,710000314691,710000314721,1,1,1,1,710000314651,710000314657,710000314663,710000314651,710000314653,710000314655,0,0,1,0,0,0,3.5,48817,43524,1.000007356619665,0.999992643380335
high,710000314828,710000314871,43,710000314871,710000314873,710000314889,1,1,1,1,710000314831,710000314841,710000314843,710000314829,710000314831,710000314833,0,0,0,0,0,0,3.5,48817,43524,1.000007356619665,0.999992643380335
high,710000315181,710000315209,28,710000315209,710000315251,710000315257,1,1,1,1,710000315197,710000315201,710000315203,710000315183,710000315185,710000315187,0,0,0,0,0,0,3.5,48817,43524,1.000007356619665,0.999992643380335
high,710000315320,710000315329,9,710000315329,710000315357,710000315359,1,1,1,1,710000315329,710000315333,710000315341,710000315321,710000315323,710000315325,1,1,1,0,0,0,3.5,48817,43524,1.000007356619665,0.999992643380335
high,710000315484,710000315503,19,710000315503,710000315509,710000315533,1,1,1,1,710000315489,710000315491,710000315501,710000315485,710000315487,710000315489,0,0,0,0,0,0,3.5,48817,43524,1.000007356619665,0.999992643380335
high,710000315519,710000315533,14,710000315533,710000315569,710000315611,1,1,1,1,710000315527,710000315533,710000315537,710000315521,710000315523,710000315525,0,1,1,0,0,0,3.5,48817,43524,1.000007356619665,0.999992643380335
high,710000315687,710000315743,56,710000315743,710000315753,710000315777,1,1,1,1,710000315693,710000315699,710000315707,710000315689,710000315691,710000315693,0,0,0,0,0,0,3.5,48817,43524,1.000007356619665,0.999992643380335
high,710000316142,710000316161,19,710000316161,710000316197,710000316209,1,1,1,1,710000316161,710000316163,710000316169,710000316143,710000316145,710000316147,1,1,1,0,0,0,3.5,48817,43524,1.000007356619665,0.999992643380335
high,710000316276,710000316301,25,710000316301,710000316331,710000316397,1,1,1,1,710000316293,710000316299,710000316301,710000316277,710000316279,710000316281,0,0,1,0,0,0,3.5,48817,43524,1.000007356619665,0.999992643380335
high,710000316363,710000316397,34,710000316397,710000316497,710000316521,1,1,1,1,710000316367,710000316371,710000316373,710000316365,710000316367,710000316369,0,0,0,0,0,0,3.5,48817,43524,1.000007356619665,0.999992643380335
high,710000317042,710000317073,31,710000317073,710000317123,710000317139,1,1,1,1,710000317043,710000317049,710000317051,710000317043,710000317045,710000317047,0,0,0,0,0,0,3.5,48817,43524,1.000007356619665,0.999992643380335
high,710000317469,710000317471,2,710000317471,710000317567,710000317577,1,1,1,1,710000317471,710000317487,710000317489,710000317471,710000317473,710000317475,1,1,1,1,1,1,3.5,48817,43524,1.000007356619665,0.999992643380335
high,710000317898,710000317933,35,710000317933,710000317937,710000317967,1,1,1,1,710000317903,710000317909,710000317913,710000317899,710000317901,710000317903,0,0,0,0,0,0,3.5,48817,43524,1.000007356619665,0.999992643380335
high,710000317962,710000317967,5,710000317967,710000317981,710000317997,1,1,1,1,710000317963,710000317967,710000317969,710000317963,710000317965,710000317967,0,1,1,0,0,1,3.5,48817,43524,1.000007356619665,0.999992643380335
high,710000318178,710000318191,13,710000318191,710000318227,710000318303,1,1,1,1,710000318179,710000318189,710000318191,710000318179,710000318181,710000318183,0,0,1,0,0,0,3.5,48817,43524,1.000007356619665,0.999992643380335
high,710000318746,710000318749,3,710000318749,710000318773,710000318791,1,1,1,1,710000318747,710000318749,710000318759,710000318747,710000318749,710000318751,0,1,1,0,1,1,3.5,48817,43524,1.000007356619665,0.999992643380335
high,710000318944,710000318959,15,710000318959,710000318969,710000318971,1,1,1,1,710000318947,710000318953,710000318957,710000318945,710000318947,710000318949,0,0,0,0,0,0,3.5,48817,43524,1.000007356619665,0.999992643380335
high,710000318947,710000318959,12,710000318959,710000318969,710000318971,1,1,1,1,710000318953,710000318957,710000318959,710000318949,710000318951,710000318953,0,0,1,0,0,0,3.5,48817,43524,1.000007356619665,0.999992643380335
high,710000320056,710000320079,23,710000320079,710000320109,710000320147,1,1,1,1,710000320061,710000320063,710000320067,710000320057,710000320059,710000320061,0,0,0,0,0,0,3.5,48817,43524,1.000007356619665,0.999992643380335
high,710000320247,710000320273,26,710000320273,710000320277,710000320297,1,1,1,1,710000320259,710000320261,710000320273,710000320249,710000320251,710000320253,0,0,1,0,0,0,3.5,48817,43524,1.000007356619665,0.999992643380335
high,710000320281,710000320297,16,710000320297,710000320319,710000320357,1,1,1,1,710000320283,710000320297,710000320301,710000320283,710000320285,710000320287,0,1,1,0,0,0,3.5,48817,43524,1.000007356619665,0.999992643380335
high,710000320357,710000320399,42,710000320399,710000320457,710000320543,1,1,1,1,710000320361,710000320363,710000320369,710000320359,710000320361,710000320363,0,0,0,0,0,0,3.5,48817,43524,1.000007356619665,0.999992643380335
high,710000320599,710000320697,98,710000320697,710000320739,710000320747,1,1,1,1,710000320607,710000320609,710000320619,710000320601,710000320603,710000320605,0,0,0,0,0,0,3.5,48817,43524,1.000007356619665,0.999992643380335
high,710000321115,710000321119,4,710000321119,710000321161,710000321203,1,1,1,1,710000321119,710000321123,710000321131,710000321117,710000321119,710000321121,1,1,1,0,1,1,3.5,48817,43524,1.000007356619665,0.999992643380335
high,710000322097,710000322113,16,710000322113,710000322179,710000322259,1,1,1,1,710000322103,710000322107,710000322113,710000322099,710000322101,710000322103,0,0,1,0,0,0,3.5,48817,43524,1.000007356619665,0.999992643380335
high,710000322733,710000322767,34,710000322767,710000322791,710000322827,1,1,1,1,710000322737,710000322743,710000322749,710000322735,710000322737,710000322739,0,0,0,0,0,0,3.5,48817,43524,1.000007356619665,0.999992643380335
high,710000322833,710000322859,26,710000322859,710000322881,710000323013,1,1,1,1,710000322839,710000322847,710000322851,710000322835,710000322837,710000322839,0,0,0,0,0,0,3.5,48817,43524,1.000007356619665,0.999992643380335
high,710000323802,710000323807,5,710000323807,710000323849,710000323859,1,1,1,1,710000323807,710000323811,710000323817,710000323803,710000323805,710000323807,1,1,1,0,0,1,3.5,48817,43524,1.000007356619665,0.999992643380335
high,710000324153,710000324177,24,710000324177,710000324183,710000324207,1,1,1,1,710000324161,710000324177,710000324179,710000324155,710000324157,710000324159,0,1,1,0,0,0,3.5,48817,43524,1.000007356619665,0.999992643380335
high,710000324199,710000324207,8,710000324207,710000324273,710000324279,1,1,1,1,710000324203,710000324207,710000324213,710000324201,710000324203,710000324205,0,1,1,0,0,0,3.5,48817,43524,1.000007356619665,0.999992643380335
high,710000324293,710000324311,18,710000324311,710000324333,710000324359,1,1,1,1,710000324309,710000324311,710000324317,710000324295,710000324297,710000324299,0,1,1,0,0,0,3.5,48817,43524,1.000007356619665,0.999992643380335
high,710000324675,710000324729,54,710000324699,710000324729,710000324743,2,0,1,1,710000324681,710000324687,710000324689,710000324677,710000324679,710000324681,0,0,0,0,0,0,3.5,48817,43524,1.000007356619665,0.999992643380335
high,710000324925,710000324947,22,710000324947,710000324987,710000324993,1,1,1,1,710000324927,710000324933,710000324939,710000324927,710000324929,710000324931,0,0,0,0,0,0,3.5,48817,43524,1.000007356619665,0.999992643380335
high,710000324970,710000324987,17,710000324987,710000324993,710000325007,1,1,1,1,710000324977,710000324987,710000324989,710000324971,710000324973,710000324975,0,1,1,0,0,0,3.5,48817,43524,1.000007356619665,0.999992643380335
high,710000325343,710000325403,60,710000325403,710000325413,710000325421,1,1,1,1,710000325347,710000325361,710000325367,710000325345,710000325347,710000325349,0,0,0,0,0,0,3.5,48817,43524,1.000007356619665,0.999992643380335
high,710000325537,710000325569,32,710000325569,710000325577,710000325599,1,1,1,1,710000325539,710000325547,710000325557,710000325539,710000325541,710000325543,0,0,0,0,0,0,3.5,48817,43524,1.000007356619665,0.999992643380335
high,710000325577,710000325599,22,710000325599,710000325607,710000325631,1,1,1,1,710000325581,710000325583,710000325589,710000325579,710000325581,710000325583,0,0,0,0,0,0,3.5,48817,43524,1.000007356619665,0.999992643380335
high,710000325618,710000325647,29,710000325631,710000325647,710000325649,2,0,1,1,710000325623,710000325631,710000325637,710000325619,710000325621,710000325623,0,0,0,0,0,0,3.5,48817,43524,1.000007356619665,0.999992643380335
high,710000325855,710000325877,22,710000325877,710000325883,710000325887,1,1,1,1,710000325863,710000325869,710000325871,710000325857,710000325859,710000325861,0,0,0,0,0,0,3.5,48817,43524,1.000007356619665,0.999992643380335
high,710000326099,710000326109,10,710000326109,710000326129,710000326141,1,1,1,1,710000326103,710000326109,710000326111,710000326101,710000326103,710000326105,0,1,1,0,0,0,3.5,48817,43524,1.000007356619665,0.999992643380335
high,710000326362,710000326391,29,710000326391,710000326417,710000326421,1,1,1,1,710000326363,710000326367,710000326369,710000326363,710000326365,710000326367,0,0,0,0,0,0,3.5,48817,43524,1.000007356619665,0.999992643380335
high,710000326670,710000326681,11,710000326681,710000326691,710000326697,1,1,1,1,710000326681,710000326687,710000326691,710000326671,710000326673,710000326675,1,1,1,0,0,0,3.5,48817,43524,1.000007356619665,0.999992643380335
high,710000326830,710000326837,7,710000326837,710000326843,710000326873,1,1,1,1,710000326831,710000326837,710000326843,710000326831,710000326833,710000326835,0,1,1,0,0,0,3.5,48817,43524,1.000007356619665,0.999992643380335
high,710000327163,710000327173,10,710000327173,710000327213,710000327237,1,1,1,1,710000327167,710000327171,710000327173,710000327165,710000327167,710000327169,0,0,1,0,0,0,3.5,48817,43524,1.000007356619665,0.999992643380335
high,710000327665,710000327671,6,710000327671,710000327677,710000327689,1,1,1,1,710000327671,710000327677,710000327683,710000327667,710000327669,710000327671,1,1,1,0,0,1,3.5,48817,43524,1.000007356619665,0.999992643380335
high,710000327694,710000327711,17,710000327711,710000327723,710000327761,1,1,1,1,710000327711,710000327713,710000327717,710000327695,710000327697,710000327699,1,1,1,0,0,0,3.5,48817,43524,1.000007356619665,0.999992643380335
high,710000327823,710000327863,40,710000327863,710000327867,710000327899,1,1,1,1,710000327831,710000327837,710000327843,710000327825,710000327827,710000327829,0,0,0,0,0,0,3.5,48817,43524,1.000007356619665,0.999992643380335
high,710000328487,710000328497,10,710000328497,710000328511,710000328559,1,1,1,1,710000328491,710000328493,710000328497,710000328489,710000328491,710000328493,0,0,1,0,0,0,3.5,48817,43524,1.000007356619665,0.999992643380335
high,710000328534,710000328559,25,710000328559,710000328563,710000328571,1,1,1,1,710000328539,710000328547,710000328551,710000328535,710000328537,710000328539,0,0,0,0,0,0,3.5,48817,43524,1.000007356619665,0.999992643380335
high,710000328537,710000328559,22,710000328559,710000328563,710000328571,1,1,1,1,710000328539,710000328547,710000328551,710000328539,710000328541,710000328543,0,0,0,0,0,0,3.5,48817,43524,1.000007356619665,0.999992643380335
high,710000329008,710000329067,59,710000329067,710000329091,710000329099,1,1,1,1,710000329009,710000329013,710000329019,710000329009,710000329011,710000329013,0,0,0,0,0,0,3.5,48817,43524,1.000007356619665,0.999992643380335
high,710000329049,710000329067,18,710000329067,710000329091,710000329099,1,1,1,1,710000329057,710000329061,710000329067,710000329051,710000329053,710000329055,0,0,1,0,0,0,3.5,48817,43524,1.000007356619665,0.999992643380335
high,710000329255,710000329303,48,710000329303,710000329309,710000329393,1,1,1,1,710000329261,710000329271,710000329273,710000329257,710000329259,710000329261,0,0,0,0,0,0,3.5,48817,43524,1.000007356619665,0.999992643380335
high,710000329324,710000329393,69,710000329393,710000329411,710000329417,1,1,1,1,710000329327,710000329331,710000329343,710000329325,710000329327,710000329329,0,0,0,0,0,0,3.5,48817,43524,1.000007356619665,0.999992643380335
high,710000329346,710000329393,47,710000329393,710000329411,710000329417,1,1,1,1,710000329349,710000329361,710000329373,710000329347,710000329349,710000329351,0,0,0,0,0,0,3.5,48817,43524,1.000007356619665,0.999992643380335
high,710000329385,710000329393,8,710000329393,710000329411,710000329417,1,1,1,1,710000329387,710000329393,710000329399,710000329387,710000329389,710000329391,0,1,1,0,0,0,3.5,48817,43524,1.000007356619665,0.999992643380335
high,710000329941,710000330003,62,710000330003,710000330009,710000330051,1,1,1,1,710000329943,710000329957,710000329963,710000329943,710000329945,710000329947,0,0,0,0,0,0,3.5,48817,43524,1.000007356619665,0.999992643380335
high,710000330089,710000330153,64,710000330153,710000330213,710000330231,1,1,1,1,710000330093,710000330099,710000330101,710000330091,710000330093,710000330095,0,0,0,0,0,0,3.5,48817,43524,1.000007356619665,0.999992643380335
high,710000330534,710000330537,3,710000330537,710000330563,710000330573,1,1,1,1,710000330537,710000330539,710000330549,710000330535,710000330537,710000330539,1,1,1,0,1,1,3.5,48817,43524,1.000007356619665,0.999992643380335
high,710000330628,710000330681,53,710000330681,710000330719,710000330737,1,1,1,1,710000330629,710000330647,710000330651,710000330629,710000330631,710000330633,0,0,0,0,0,0,3.5,48817,43524,1.000007356619665,0.999992643380335
high,710000330878,710000330887,9,710000330887,710000330917,710000330969,1,1,1,1,710000330881,710000330887,710000330891,710000330879,710000330881,710000330883,0,1,1,0,0,0,3.5,48817,43524,1.000007356619665,0.999992643380335
high,710000331051,710000331067,16,710000331067,710000331167,710000331193,1,1,1,1,710000331059,710000331067,710000331071,710000331053,710000331055,710000331057,0,1,1,0,0,0,3.5,48817,43524,1.000007356619665,0.999992643380335
high,710000331985,710000332009,24,710000332009,710000332039,710000332061,1,1,1,1,710000331991,710000332003,710000332007,710000331987,710000331989,710000331991,0,0,0,0,0,0,3.5,48817,43524,1.000007356619665,0.999992643380335
high,710000332132,710000332163,31,710000332163,710000332169,710000332177,1,1,1,1,710000332133,710000332141,710000332147,710000332133,710000332135,710000332137,0,0,0,0,0,0,3.5,48817,43524,1.000007356619665,0.999992643380335
high,710000332210,710000332211,1,710000332211,710000332229,710000332243,1,1,1,1,710000332211,710000332213,710000332219,710000332211,710000332213,710000332215,1,1,1,1,1,1,3.5,48817,43524,1.000007356619665,0.999992643380335
high,710000332832,710000332843,11,710000332843,710000332879,710000332889,1,1,1,1,710000332841,710000332843,710000332859,710000332833,710000332835,710000332837,0,1,1,0,0,0,3.5,48817,43524,1.000007356619665,0.999992643380335
high,710000333338,710000333387,49,710000333387,710000333389,710000333401,1,1,1,1,710000333351,710000333359,710000333363,710000333339,710000333341,710000333343,0,0,0,0,0,0,3.5,48817,43524,1.000007356619665,0.999992643380335
high,710000333517,710000333527,10,710000333527,710000333531,710000333543,1,1,1,1,710000333519,710000333521,710000333527,710000333519,710000333521,710000333523,0,0,1,0,0,0,3.5,48817,43524,1.000007356619665,0.999992643380335
high,710000333666,710000333689,23,710000333689,710000333717,710000333729,1,1,1,1,710000333671,710000333677,710000333681,710000333667,710000333669,710000333671,0,0,0,0,0,0,3.5,48817,43524,1.000007356619665,0.999992643380335
high,710000333898,710000333927,29,710000333927,710000333941,710000333963,1,1,1,1,710000333899,710000333909,710000333921,710000333899,710000333901,710000333903,0,0,0,0,0,0,3.5,48817,43524,1.000007356619665,0.999992643380335
high,710000333981,710000334019,38,710000334019,710000334041,710000334047,1,1,1,1,710000333983,710000334007,710000334011,710000333983,710000333985,710000333987,0,0,0,0,0,0,3.5,48817,43524,1.000007356619665,0.999992643380335
high,710000333985,710000334019,34,710000334019,710000334041,710000334047,1,1,1,1,710000334007,710000334011,710000334013,710000333987,710000333989,710000333991,0,0,0,0,0,0,3.5,48817,43524,1.000007356619665,0.999992643380335
high,710000334675,710000334691,16,710000334691,710000334731,710000334737,1,1,1,1,710000334677,710000334679,710000334683,710000334677,710000334679,710000334681,0,0,0,0,0,0,3.5,48817,43524,1.000007356619665,0.999992643380335
high,710000335112,710000335117,5,710000335117,710000335199,710000335201,1,1,1,1,710000335117,710000335123,710000335127,710000335113,710000335115,710000335117,1,1,1,0,0,1,3.5,48817,43524,1.000007356619665,0.999992643380335
high,710000335674,710000335753,79,710000335753,710000335757,710000335763,1,1,1,1,710000335679,710000335687,710000335691,710000335675,710000335677,710000335679,0,0,0,0,0,0,3.5,48817,43524,1.000007356619665,0.999992643380335
high,710000335736,710000335753,17,710000335753,710000335757,710000335763,1,1,1,1,710000335739,710000335741,710000335747,710000335737,710000335739,710000335741,0,0,0,0,0,0,3.5,48817,43524,1.000007356619665,0.999992643380335
high,710000335760,710000335763,3,710000335763,710000335777,710000335783,1,1,1,1,710000335763,710000335769,710000335777,710000335761,710000335763,710000335765,1,1,1,0,1,1,3.5,48817,43524,1.000007356619665,0.999992643380335
high,710000335890,710000335939,49,710000335939,710000335951,710000335963,1,1,1,1,710000335901,710000335903,710000335907,710000335891,710000335893,710000335895,0,0,0,0,0,0,3.5,48817,43524,1.000007356619665,0.999992643380335
high,710000336504,710000336567,63,710000336567,710000336569,710000336593,1,1,1,1,710000336519,710000336531,710000336533,710000336505,710000336507,710000336509,0,0,0,0,0,0,3.5,48817,43524,1.000007356619665,0.999992643380335
high,710000336662,710000336681,19,710000336681,710000336723,710000336743,1,1,1,1,710000336663,710000336671,710000336677,710000336663,710000336665,710000336667,0,0,0,0,0,0,3.5,48817,43524,1.000007356619665,0.999992643380335
high,710000336737,710000336789,52,710000336743,710000336789,710000336807,2,0,1,1,710000336741,710000336743,710000336753,710000336739,710000336741,710000336743,0,0,0,0,0,0,3.5,48817,43524,1.000007356619665,0.999992643380335
high,710000337001,710000337187,186,710000337073,710000337187,710000337229,2,0,1,1,710000337017,710000337023,710000337031,710000337003,710000337005,710000337007,0,0,0,0,0,0,3.5,48817,43524,1.000007356619665,0.999992643380335
high,710000337061,710000337187,126,710000337073,710000337187,710000337229,2,0,1,1,710000337071,710000337073,710000337077,710000337063,710000337065,710000337067,0,0,0,0,0,0,3.5,48817,43524,1.000007356619665,0.999992643380335
high,710000337125,710000337187,62,710000337187,710000337229,710000337271,1,1,1,1,710000337127,710000337131,710000337133,710000337127,710000337129,710000337131,0,0,0,0,0,0,3.5,48817,43524,1.000007356619665,0.999992643380335
high,710000337140,710000337187,47,710000337187,710000337229,710000337271,1,1,1,1,710000337149,710000337157,710000337161,710000337141,710000337143,710000337145,0,0,0,0,0,0,3.5,48817,43524,1.000007356619665,0.999992643380335
high,710000337396,710000337413,17,710000337413,710000337457,710000337491,1,1,1,1,710000337407,710000337413,710000337419,710000337397,710000337399,710000337401,0,1,1,0,0,0,3.5,48817,43524,1.000007356619665,0.999992643380335
high,710000337438,710000337457,19,710000337457,710000337491,710000337503,1,1,1,1,710000337439,710000337443,710000337451,710000337439,710000337441,710000337443,0,0,0,0,0,0,3.5,48817,43524,1.000007356619665,0.999992643380335
high,710000337754,710000337779,25,710000337779,710000337797,710000337799,1,1,1,1,710000337757,710000337763,710000337773,710000337755,710000337757,710000337759,0,0,0,0,0,0,3.5,48817,43524,1.000007356619665,0.999992643380335
high,710000337845,710000337847,2,710000337847,710000337863,710000337881,1,1,1,1,710000337847,710000337853,710000337857,710000337847,710000337849,710000337851,1,1,1,1,1,1,3.5,48817,43524,1.000007356619665,0.999992643380335
high,710000338225,710000338249,24,710000338249,710000338253,710000338279,1,1,1,1,710000338231,710000338237,710000338241,710000338227,710000338229,710000338231,0,0,0,0,0,0,3.5,48817,43524,1.000007356619665,0.999992643380335
high,710000338569,710000338571,2,710000338571,710000338573,710000338591,1,1,1,1,710000338571,710000338573,710000338577,710000338571,710000338573,710000338575,1,1,1,1,1,1,3.5,48817,43524,1.000007356619665,0.999992643380335
high,710000338892,710000338897,5,710000338897,710000338921,710000338939,1,1,1,1,710000338897,710000338907,710000338909,710000338893,710000338895,710000338897,1,1,1,0,0,1,3.5,48817,43524,1.000007356619665,0.999992643380335
high,710000338942,710000338951,9,710000338951,710000338981,710000339003,1,1,1,1,710000338951,710000338963,710000338969,710000338943,710000338945,710000338947,1,1,1,0,0,0,3.5,48817,43524,1.000007356619665,0.999992643380335
high,710000339134,710000339137,3,710000339137,710000339143,710000339197,1,1,1,1,710000339137,710000339141,710000339143,710000339135,710000339137,710000339139,1,1,1,0,1,1,3.5,48817,43524,1.000007356619665,0.999992643380335
high,710000339411,710000339417,6,710000339417,710000339441,710000339507,1,1,1,1,710000339413,710000339417,710000339429,710000339413,710000339415,710000339417,0,1,1,0,0,1,3.5,48817,43524,1.000007356619665,0.999992643380335
high,710000339654,710000339677,23,710000339677,710000339693,710000339743,1,1,1,1,710000339663,710000339669,710000339677,710000339655,710000339657,710000339659,0,0,1,0,0,0,3.5,48817,43524,1.000007356619665,0.999992643380335
high,710000339671,710000339677,6,710000339677,710000339693,710000339743,1,1,1,1,710000339677,710000339681,710000339683,710000339673,710000339675,710000339677,1,1,1,0,0,1,3.5,48817,43524,1.000007356619665,0.999992643380335
high,710000340343,710000340383,40,710000340383,710000340407,710000340409,1,1,1,1,710000340347,710000340349,710000340359,710000340345,710000340347,710000340349,0,0,0,0,0,0,3.5,48817,43524,1.000007356619665,0.999992643380335
high,710000340611,710000340617,6,710000340617,710000340619,710000340631,1,1,1,1,710000340613,710000340617,710000340619,710000340613,710000340615,710000340617,0,1,1,0,0,1,3.5,48817,43524,1.000007356619665,0.999992643380335
high,710000341334,710000341381,47,710000341381,710000341433,710000341471,1,1,1,1,710000341343,710000341363,710000341367,710000341335,710000341337,710000341339,0,0,0,0,0,0,3.5,48817,43524,1.000007356619665,0.999992643380335
high,710000341588,710000341639,51,710000341639,710000341649,710000341667,1,1,1,1,710000341591,710000341597,710000341601,710000341589,710000341591,710000341593,0,0,0,0,0,0,3.5,48817,43524,1.000007356619665,0.999992643380335
high,710000341599,710000341639,40,710000341639,710000341649,710000341667,1,1,1,1,710000341601,710000341607,710000341613,710000341601,710000341603,710000341605,0,0,0,0,0,0,3.5,48817,43524,1.000007356619665,0.999992643380335
high,710000342202,710000342237,35,710000342237,710000342297,710000342299,1,1,1,1,710000342203,710000342213,710000342237,710000342203,710000342205,710000342207,0,0,1,0,0,0,3.5,48817,43524,1.000007356619665,0.999992643380335
high,710000342590,710000342603,13,710000342603,710000342609,710000342627,1,1,1,1,710000342591,710000342593,710000342603,710000342591,710000342593,710000342595,0,0,1,0,0,0,3.5,48817,43524,1.000007356619665,0.999992643380335
high,710000342731,710000342803,72,710000342803,710000342813,710000342819,1,1,1,1,710000342741,710000342743,710000342747,710000342733,710000342735,710000342737,0,0,0,0,0,0,3.5,48817,43524,1.000007356619665,0.999992643380335
high,710000342888,710000342893,5,710000342893,710000342897,710000342899,1,1,1,1,710000342893,710000342897,710000342899,710000342889,710000342891,710000342893,1,1,1,0,0,1,3.5,48817,43524,1.000007356619665,0.999992643380335
high,710000342991,710000343061,70,710000343061,710000343089,710000343097,1,1,1,1,710000342993,710000342999,710000343001,710000342993,710000342995,710000342997,0,0,0,0,0,0,3.5,48817,43524,1.000007356619665,0.999992643380335
high,710000343215,710000343259,44,710000343259,710000343323,710000343331,1,1,1,1,710000343229,710000343233,710000343251,710000343217,710000343219,710000343221,0,0,0,0,0,0,3.5,48817,43524,1.000007356619665,0.999992643380335
high,710000343329,710000343331,2,710000343331,710000343383,710000343391,1,1,1,1,710000343331,710000343341,710000343347,710000343331,710000343333,710000343335,1,1,1,1,1,1,3.5,48817,43524,1.000007356619665,0.999992643380335
high,710000343579,710000343607,28,710000343607,710000343631,710000343667,1,1,1,1,710000343583,710000343587,710000343589,710000343581,710000343583,710000343585,0,0,0,0,0,0,3.5,48817,43524,1.000007356619665,0.999992643380335
high,710000343764,710000343769,5,710000343769,710000343791,710000343799,1,1,1,1,710000343769,710000343779,710000343781,710000343765,710000343767,710000343769,1,1,1,0,0,1,3.5,48817,43524,1.000007356619665,0.999992643380335
high,710000343981,710000343991,10,710000343991,710000344043,710000344049,1,1,1,1,710000343991,710000344003,710000344013,710000343983,710000343985,710000343987,1,1,1,0,0,0,3.5,48817,43524,1.000007356619665,0.999992643380335
high,710000344529,710000344583,54,710000344583,710000344597,710000344607,1,1,1,1,710000344541,710000344549,710000344561,710000344531,710000344533,710000344535,0,0,0,0,0,0,3.5,48817,43524,1.000007356619665,0.999992643380335
high,710000344613,710000344631,18,710000344631,710000344661,710000344663,1,1,1,1,710000344619,710000344621,710000344631,710000344615,710000344617,710000344619,0,0,1,0,0,0,3.5,48817,43524,1.000007356619665,0.999992643380335
high,710000344625,710000344631,6,710000344631,710000344661,710000344663,1,1,1,1,710000344631,710000344633,710000344637,710000344627,710000344629,710000344631,1,1,1,0,0,1,3.5,48817,43524,1.000007356619665,0.999992643380335
high,710000345131,710000345137,6,710000345137,710000345251,710000345279,1,1,1,1,710000345137,710000345141,710000345143,710000345133,710000345135,710000345137,1,1,1,0,0,1,3.5,48817,43524,1.000007356619665,0.999992643380335
high,710000345142,710000345251,109,710000345251,710000345279,710000345309,1,1,1,1,710000345143,710000345147,710000345149,710000345143,710000345145,710000345147,0,0,0,0,0,0,3.5,48817,43524,1.000007356619665,0.999992643380335
high,710000345419,710000345437,18,710000345437,710000345441,710000345443,1,1,1,1,710000345423,710000345429,710000345437,710000345421,710000345423,710000345425,0,0,1,0,0,0,3.5,48817,43524,1.000007356619665,0.999992643380335
high,710000345780,710000345783,3,710000345783,710000345797,710000345801,1,1,1,1,710000345783,710000345797,710000345801,710000345781,710000345783,710000345785,1,1,1,0,1,1,3.5,48817,43524,1.000007356619665,0.999992643380335
high,710000345834,710000345867,33,710000345867,710000345897,710000346023,1,1,1,1,710000345837,710000345839,710000345843,710000345835,710000345837,710000345839,0,0,0,0,0,0,3.5,48817,43524,1.000007356619665,0.999992643380335
high,710000345857,710000345867,10,710000345867,710000345897,710000346023,1,1,1,1,710000345861,710000345867,710000345869,710000345859,710000345861,710000345863,0,1,1,0,0,0,3.5,48817,43524,1.000007356619665,0.999992643380335
high,710000346178,710000346203,25,710000346203,710000346217,710000346241,1,1,1,1,710000346179,710000346191,710000346193,710000346179,710000346181,710000346183,0,0,0,0,0,0,3.5,48817,43524,1.000007356619665,0.999992643380335
high,710000346453,710000346467,14,710000346467,710000346479,710000346493,1,1,1,1,710000346457,710000346467,710000346469,710000346455,710000346457,710000346459,0,1,1,0,0,0,3.5,48817,43524,1.000007356619665,0.999992643380335
high,710000346568,710000346589,21,710000346589,710000346599,710000346611,1,1,1,1,710000346569,710000346571,710000346577,710000346569,710000346571,710000346573,0,0,0,0,0,0,3.5,48817,43524,1.000007356619665,0.999992643380335
high,710000346574,710000346589,15,710000346589,710000346599,710000346611,1,1,1,1,710000346577,710000346581,710000346589,710000346575,710000346577,710000346579,0,0,1,0,0,0,3.5,48817,43524,1.000007356619665,0.999992643380335
high,710000347275,710000347283,8,710000347283,710000347297,710000347333,1,1,1,1,710000347279,710000347283,710000347297,710000347277,710000347279,710000347281,0,1,1,0,0,0,3.5,48817,43524,1.000007356619665,0.999992643380335
high,710000347303,710000347333,30,710000347333,710000347339,710000347409,1,1,1,1,710000347307,710000347319,710000347333,710000347305,710000347307,710000347309,0,0,1,0,0,0,3.5,48817,43524,1.000007356619665,0.999992643380335
high,710000347870,710000347891,21,710000347891,710000347921,710000347943,1,1,1,1,710000347871,710000347873,710000347877,710000347871,710000347873,710000347875,0,0,0,0,0,0,3.5,48817,43524,1.000007356619665,0.999992643380335
high,710000348292,710000348327,35,710000348327,710000348363,710000348383,1,1,1,1,710000348293,710000348297,710000348311,710000348293,710000348295,710000348297,0,0,0,0,0,0,3.5,48817,43524,1.000007356619665,0.999992643380335
high,710000348442,710000348503,61,710000348503,710000348507,710000348549,1,1,1,1,710000348459,710000348461,710000348471,710000348443,710000348445,710000348447,0,0,0,0,0,0,3.5,48817,43524,1.000007356619665,0.999992643380335
high,710000348461,710000348503,42,710000348503,710000348507,710000348549,1,1,1,1,710000348471,710000348479,710000348483,710000348463,710000348465,710000348467,0,0,0,0,0,0,3.5,48817,43524,1.000007356619665,0.999992643380335
high,710000348632,710000348663,31,710000348663,710000348683,710000348713,1,1,1,1,710000348633,710000348639,710000348641,710000348633,710000348635,710000348637,0,0,0,0,0,0,3.5,48817,43524,1.000007356619665,0.999992643380335
high,710000348900,710000348909,9,710000348909,710000348951,710000348969,1,1,1,1,710000348903,710000348909,710000348917,710000348901,710000348903,710000348905,0,1,1,0,0,0,3.5,48817,43524,1.000007356619665,0.999992643380335
high,710000349015,710000349017,2,710000349017,710000349061,710000349101,1,1,1,1,710000349017,710000349029,710000349031,710000349017,710000349019,710000349021,1,1,1,1,1,1,3.5,48817,43524,1.000007356619665,0.999992643380335
high,710000349131,710000349181,50,710000349173,710000349181,710000349187,2,0,1,1,710000349133,710000349137,710000349139,710000349133,710000349135,710000349137,0,0,0,0,0,0,3.5,48817,43524,1.000007356619665,0.999992643380335
high,710000349497,710000349503,6,710000349503,710000349523,710000349551,1,1,1,1,710000349503,710000349511,710000349521,710000349499,710000349501,710000349503,1,1,1,0,0,1,3.5,48817,43524,1.000007356619665,0.999992643380335
high,710000349543,710000349551,8,710000349551,710000349589,710000349593,1,1,1,1,710000349547,710000349551,710000349557,710000349545,710000349547,710000349549,0,1,1,0,0,0,3.5,48817,43524,1.000007356619665,0.999992643380335
high,710000349773,710000349847,74,710000349847,710000349899,710000349907,1,1,1,1,710000349781,710000349787,710000349791,710000349775,710000349777,710000349779,0,0,0,0,0,0,3.5,48817,43524,1.000007356619665,0.999992643380335
high,710000350016,710000350027,11,710000350027,710000350067,710000350091,1,1,1,1,710000350019,710000350021,710000350027,710000350017,710000350019,710000350021,0,0,1,0,0,0,3.5,48817,43524,1.000007356619665,0.999992643380335
high,710000350141,710000350159,18,710000350159,710000350181,710000350187,1,1,1,1,710000350151,710000350153,710000350159,710000350143,710000350145,710000350147,0,0,1,0,0,0,3.5,48817,43524,1.000007356619665,0.999992643380335
high,710000350670,710000350699,29,710000350699,710000350711,710000350729,1,1,1,1,710000350673,710000350679,710000350681,710000350671,710000350673,710000350675,0,0,0,0,0,0,3.5,48817,43524,1.000007356619665,0.999992643380335
high,710000350750,710000350769,19,710000350769,710000350781,710000350817,1,1,1,1,710000350751,710000350753,710000350757,710000350751,710000350753,710000350755,0,0,0,0,0,0,3.5,48817,43524,1.000007356619665,0.999992643380335
high,710000350780,710000350781,1,710000350781,710000350817,710000350837,1,1,1,1,710000350781,710000350783,710000350799,710000350781,710000350783,710000350785,1,1,1,1,1,1,3.5,48817,43524,1.000007356619665,0.999992643380335
high,710000350897,710000350931,34,710000350931,710000350951,710000350963,1,1,1,1,710000350901,710000350903,710000350907,710000350899,710000350901,710000350903,0,0,0,0,0,0,3.5,48817,43524,1.000007356619665,0.999992643380335
high,710000351046,710000351069,23,710000351069,710000351149,710000351209,1,1,1,1,710000351057,710000351059,710000351069,710000351047,710000351049,710000351051,0,0,1,0,0,0,3.5,48817,43524,1.000007356619665,0.999992643380335
high,710000351282,710000351287,5,710000351287,710000351327,710000351329,1,1,1,1,710000351287,710000351297,710000351303,710000351283,710000351285,710000351287,1,1,1,0,0,1,3.5,48817,43524,1.000007356619665,0.999992643380335
high,710000351528,710000351539,11,710000351539,710000351561,710000351579,1,1,1,1,710000351531,710000351539,710000351549,710000351529,710000351531,710000351533,0,1,1,0,0,0,3.5,48817,43524,1.000007356619665,0.999992643380335
high,710000351594,710000351603,9,710000351603,710000351611,710000351657,1,1,1,1,710000351597,710000351603,710000351609,710000351595,710000351597,710000351599,0,1,1,0,0,0,3.5,48817,43524,1.000007356619665,0.999992643380335
high,710000351901,710000351969,68,710000351969,710000352007,710000352041,1,1,1,1,710000351903,710000351909,710000351917,710000351903,710000351905,710000351907,0,0,0,0,0,0,3.5,48817,43524,1.000007356619665,0.999992643380335
high,710000351982,710000352041,59,710000352007,710000352041,710000352073,2,0,1,1,710000351987,710000351989,710000351993,710000351983,710000351985,710000351987,0,0,0,0,0,0,3.5,48817,43524,1.000007356619665,0.999992643380335
high,710000352410,710000352427,17,710000352427,710000352437,710000352469,1,1,1,1,710000352427,710000352431,710000352433,710000352411,710000352413,710000352415,1,1,1,0,0,0,3.5,48817,43524,1.000007356619665,0.999992643380335
high,710000352454,710000352469,15,710000352469,710000352497,710000352499,1,1,1,1,710000352461,710000352463,710000352469,710000352455,710000352457,710000352459,0,0,1,0,0,0,3.5,48817,43524,1.000007356619665,0.999992643380335
high,710000352549,710000352599,50,710000352599,710000352617,710000352629,1,1,1,1,710000352553,710000352559,710000352563,710000352551,710000352553,710000352555,0,0,0,0,0,0,3.5,48817,43524,1.000007356619665,0.999992643380335
high,710000352579,710000352599,20,710000352599,710000352617,710000352629,1,1,1,1,710000352583,710000352587,710000352599,710000352581,710000352583,710000352585,0,0,1,0,0,0,3.5,48817,43524,1.000007356619665,0.999992643380335
high,710000352606,710000352617,11,710000352617,710000352629,710000352631,1,1,1,1,710000352613,710000352617,710000352619,710000352607,710000352609,710000352611,0,1,1,0,0,0,3.5,48817,43524,1.000007356619665,0.999992643380335
high,710000352733,710000352739,6,710000352739,710000352749,710000352757,1,1,1,1,710000352739,710000352749,710000352751,710000352735,710000352737,710000352739,1,1,1,0,0,1,3.5,48817,43524,1.000007356619665,0.999992643380335
high,710000352777,710000352779,2,710000352779,710000352781,710000352821,1,1,1,1,710000352779,710000352781,710000352791,710000352779,710000352781,710000352783,1,1,1,1,1,1,3.5,48817,43524,1.000007356619665,0.999992643380335
high,710000352873,710000352883,10,710000352883,710000352917,710000352923,1,1,1,1,710000352877,710000352883,710000352889,710000352875,710000352877,710000352879,0,1,1,0,0,0,3.5,48817,43524,1.000007356619665,0.999992643380335
high,710000352898,710000352917,19,710000352917,710000352923,710000352937,1,1,1,1,710000352899,710000352907,710000352911,710000352899,710000352901,710000352903,0,0,0,0,0,0,3.5,48817,43524,1.000007356619665,0.999992643380335
high,710000352935,710000352937,2,710000352937,710000352977,710000352991,1,1,1,1,710000352937,710000352947,710000352953,710000352937,710000352939,710000352941,1,1,1,1,1,1,3.5,48817,43524,1.000007356619665,0.999992643380335
high,710000353538,710000353553,15,710000353553,710000353567,710000353591,1,1,1,1,710000353541,710000353549,710000353553,710000353539,710000353541,710000353543,0,0,1,0,0,0,3.5,48817,43524,1.000007356619665,0.999992643380335
high,710000353884,710000353897,13,710000353897,710000353927,710000353943,1,1,1,1,710000353889,710000353891,710000353897,710000353885,710000353887,710000353889,0,0,1,0,0,0,3.5,48817,43524,1.000007356619665,0.999992643380335
high,710000353997,710000353999,2,710000353999,710000354027,710000354029,1,1,1,1,710000353999,710000354003,710000354009,710000353999,710000354001,710000354003,1,1,1,1,1,1,3.5,48817,43524,1.000007356619665,0.999992643380335
high,710000354301,710000354311,10,710000354311,710000354351,710000354369,1,1,1,1,710000354303,710000354309,710000354311,710000354303,710000354305,710000354307,0,0,1,0,0,0,3.5,48817,43524,1.000007356619665,0.999992643380335
high,710000354423,710000354431,8,710000354431,710000354449,710000354477,1,1,1,1,710000354429,710000354431,710000354443,710000354425,710000354427,710000354429,0,1,1,0,0,0,3.5,48817,43524,1.000007356619665,0.999992643380335
high,710000354557,710000354603,46,710000354603,710000354611,710000354617,1,1,1,1,710000354561,710000354573,710000354579,710000354559,710000354561,710000354563,0,0,0,0,0,0,3.5,48817,43524,1.000007356619665,0.999992643380335
high,710000354642,710000354647,5,710000354647,710000354669,710000354753,1,1,1,1,710000354647,710000354653,710000354659,710000354643,710000354645,710000354647,1,1,1,0,0,1,3.5,48817,43524,1.000007356619665,0.999992643380335
high,710000354810,710000354831,21,710000354831,710000354867,710000354891,1,1,1,1,710000354821,710000354827,710000354831,710000354811,710000354813,710000354815,0,0,1,0,0,0,3.5,48817,43524,1.000007356619665,0.999992643380335
high,710000355214,710000355217,3,710000355217,710000355257,710000355289,1,1,1,1,710000355217,710000355221,710000355223,710000355215,710000355217,710000355219,1,1,1,0,1,1,3.5,48817,43524,1.000007356619665,0.999992643380335
high,710000355331,710000355377,46,710000355377,710000355431,710000355443,1,1,1,1,710000355343,710000355347,710000355349,710000355333,710000355335,710000355337,0,0,0,0,0,0,3.5,48817,43524,1.000007356619665,0.999992643380335
high,710000355802,710000355811,9,710000355811,710000355817,710000355833,1,1,1,1,710000355803,710000355809,710000355811,710000355803,710000355805,710000355807,0,0,1,0,0,0,3.5,48817,43524,1.000007356619665,0.999992643380335
high,710000356172,710000356217,45,710000356189,710000356217,710000356231,2,0,1,1,710000356183,710000356189,710000356193,710000356173,710000356175,710000356177,0,0,0,0,0,0,3.5,48817,43524,1.000007356619665,0.999992643380335
high,710000356253,710000356259,6,710000356259,710000356279,710000356313,1,1,1,1,710000356259,710000356267,710000356271,710000356255,710000356257,710000356259,1,1,1,0,0,1,3.5,48817,43524,1.000007356619665,0.999992643380335
high,710000357166,710000357239,73,710000357239,710000357251,710000357263,1,1,1,1,710000357167,710000357177,710000357179,710000357167,710000357169,710000357171,0,0,0,0,0,0,3.5,48817,43524,1.000007356619665,0.999992643380335
high,710000357473,710000357483,10,710000357483,710000357519,710000357543,1,1,1,1,710000357477,710000357483,710000357489,710000357475,710000357477,710000357479,0,1,1,0,0,0,3.5,48817,43524,1.000007356619665,0.999992643380335
high,710000357510,710000357519,9,710000357519,710000357543,710000357557,1,1,1,1,710000357513,710000357519,710000357527,710000357511,710000357513,710000357515,0,1,1,0,0,0,3.5,48817,43524,1.000007356619665,0.999992643380335
high,710000357767,710000357789,22,710000357789,710000357821,710000357831,1,1,1,1,710000357771,710000357783,710000357789,710000357769,710000357771,710000357773,0,0,1,0,0,0,3.5,48817,43524,1.000007356619665,0.999992643380335
high,710000358035,710000358073,38,710000358073,710000358083,710000358097,1,1,1,1,710000358037,710000358047,710000358049,710000358037,710000358039,710000358041,0,0,0,0,0,0,3.5,48817,43524,1.000007356619665,0.999992643380335
high,710000358329,710000358343,14,710000358343,710000358349,710000358373,1,1,1,1,710000358341,710000358343,710000358349,710000358331,710000358333,710000358335,0,1,1,0,0,0,3.5,48817,43524,1.000007356619665,0.999992643380335
high,710000358372,710000358373,1,710000358373,710000358451,710000358491,1,1,1,1,710000358373,710000358383,710000358401,710000358373,710000358375,710000358377,1,1,1,1,1,1,3.5,48817,43524,1.000007356619665,0.999992643380335
high,710000358567,710000358577,10,710000358577,710000358581,710000358583,1,1,1,1,710000358569,710000358577,710000358581,710000358569,710000358571,710000358573,0,1,1,0,0,0,3.5,48817,43524,1.000007356619665,0.999992643380335
high,710000358739,710000358751,12,710000358751,710000358757,710000358799,1,1,1,1,710000358751,710000358757,710000358761,710000358741,710000358743,710000358745,1,1,1,0,0,0,3.5,48817,43524,1.000007356619665,0.999992643380335
high,710000358839,710000358869,30,710000358863,710000358869,710000358919,2,0,1,1,710000358853,710000358857,710000358863,710000358841,710000358843,710000358845,0,0,0,0,0,0,3.5,48817,43524,1.000007356619665,0.999992643380335
high,710000359064,710000359151,87,710000359151,710000359157,710000359207,1,1,1,1,710000359073,710000359091,710000359093,710000359065,710000359067,710000359069,0,0,0,0,0,0,3.5,48817,43524,1.000007356619665,0.999992643380335
high,710000359405,710000359447,42,710000359447,710000359457,710000359463,1,1,1,1,710000359417,710000359421,710000359423,710000359407,710000359409,710000359411,0,0,0,0,0,0,3.5,48817,43524,1.000007356619665,0.999992643380335
high,710000359944,710000359967,23,710000359967,710000359993,710000360021,1,1,1,1,710000359949,710000359951,710000359961,710000359945,710000359947,710000359949,0,0,0,0,0,0,3.5,48817,43524,1.000007356619665,0.999992643380335
high,710000360053,710000360081,28,710000360081,710000360141,710000360143,1,1,1,1,710000360059,710000360063,710000360077,710000360055,710000360057,710000360059,0,0,0,0,0,0,3.5,48817,43524,1.000007356619665,0.999992643380335
high,710000360225,710000360227,2,710000360227,710000360273,710000360287,1,1,1,1,710000360227,710000360231,710000360233,710000360227,710000360229,710000360231,1,1,1,1,1,1,3.5,48817,43524,1.000007356619665,0.999992643380335
high,710000360469,710000360497,28,710000360497,710000360507,710000360533,1,1,1,1,710000360471,710000360473,710000360477,710000360471,710000360473,710000360475,0,0,0,0,0,0,3.5,48817,43524,1.000007356619665,0.999992643380335
high,710000360790,710000360813,23,710000360813,710000360831,710000360833,1,1,1,1,710000360791,710000360801,710000360803,710000360791,710000360793,710000360795,0,0,0,0,0,0,3.5,48817,43524,1.000007356619665,0.999992643380335
high,710000360898,710000360903,5,710000360903,710000360929,710000360941,1,1,1,1,710000360899,710000360903,710000360911,710000360899,710000360901,710000360903,0,1,1,0,0,1,3.5,48817,43524,1.000007356619665,0.999992643380335
high,710000361053,710000361061,8,710000361061,710000361071,710000361079,1,1,1,1,710000361061,710000361067,710000361071,710000361055,710000361057,710000361059,1,1,1,0,0,0,3.5,48817,43524,1.000007356619665,0.999992643380335
high,710000361249,710000361307,58,710000361251,710000361307,710000361313,2,0,1,1,710000361251,710000361253,710000361263,710000361251,710000361253,710000361255,0,0,0,0,0,0,3.5,48817,43524,1.000007356619665,0.999992643380335
high,710000361690,710000361701,11,710000361701,710000361709,710000361731,1,1,1,1,710000361701,710000361709,710000361713,710000361691,710000361693,710000361695,1,1,1,0,0,0,3.5,48817,43524,1.000007356619665,0.999992643380335
high,710000362801,710000362811,10,710000362811,710000362823,710000362843,1,1,1,1,710000362807,710000362811,710000362817,710000362803,710000362805,710000362807,0,1,1,0,0,0,3.5,48817,43524,1.000007356619665,0.999992643380335
high,710000363463,710000363489,26,710000363489,710000363497,710000363503,1,1,1,1,710000363467,710000363473,710000363489,710000363465,710000363467,710000363469,0,0,1,0,0,0,3.5,48817,43524,1.000007356619665,0.999992643380335
high,710000363496,710000363497,1,710000363497,710000363503,710000363519,1,1,1,1,710000363497,710000363503,710000363507,710000363497,710000363499,710000363501,1,1,1,1,1,1,3.5,48817,43524,1.000007356619665,0.999992643380335
high,710000363713,710000363749,36,710000363749,710000363773,710000363797,1,1,1,1,710000363717,710000363719,710000363729,710000363715,710000363717,710000363719,0,0,0,0,0,0,3.5,48817,43524,1.000007356619665,0.999992643380335
high,710000364073,710000364077,4,710000364077,710000364089,710000364097,1,1,1,1,710000364077,710000364079,710000364089,710000364075,710000364077,710000364079,1,1,1,0,1,1,3.5,48817,43524,1.000007356619665,0.999992643380335
high,710000364554,710000364599,45,710000364599,710000364607,710000364611,1,1,1,1,710000364569,710000364571,710000364581,710000364555,710000364557,710000364559,0,0,0,0,0,0,3.5,48817,43524,1.000007356619665,0.999992643380335
high,710000364948,710000365013,65,710000365013,710000365037,710000365043,1,1,1,1,710000364949,710000364961,710000364971,710000364949,710000364951,710000364953,0,0,0,0,0,0,3.5,48817,43524,1.000007356619665,0.999992643380335
high,710000365176,710000365211,35,710000365211,710000365213,710000365229,1,1,1,1,710000365181,710000365183,710000365189,710000365177,710000365179,710000365181,0,0,0,0,0,0,3.5,48817,43524,1.000007356619665,0.999992643380335
high,710000365229,710000365247,18,710000365247,710000365267,710000365313,1,1,1,1,710000365237,710000365241,710000365247,710000365231,710000365233,710000365235,0,0,1,0,0,0,3.5,48817,43524,1.000007356619665,0.999992643380335
high,710000365298,710000365313,15,710000365313,710000365367,710000365381,1,1,1,1,710000365303,710000365309,710000365313,710000365299,710000365301,710000365303,0,0,1,0,0,0,3.5,48817,43524,1.000007356619665,0.999992643380335
high,710000365400,710000365411,11,710000365411,710000365427,710000365439,1,1,1,1,710000365411,710000365421,710000365423,710000365401,710000365403,710000365405,1,1,1,0,0,0,3.5,48817,43524,1.000007356619665,0.999992643380335
high,710000365567,710000365597,30,710000365597,710000365621,710000365639,1,1,1,1,710000365573,710000365577,710000365589,710000365569,710000365571,710000365573,0,0,0,0,0,0,3.5,48817,43524,1.000007356619665,0.999992643380335
high,710000365721,710000365741,20,710000365741,710000365751,710000365771,1,1,1,1,710000365727,710000365729,710000365733,710000365723,710000365725,710000365727,0,0,0,0,0,0,3.5,48817,43524,1.000007356619665,0.999992643380335
high,710000365805,710000365807,2,710000365807,710000365831,710000365843,1,1,1,1,710000365807,710000365813,710000365819,710000365807,710000365809,710000365811,1,1,1,1,1,1,3.5,48817,43524,1.000007356619665,0.999992643380335
high,710000366255,710000366291,36,710000366269,710000366291,710000366333,2,0,1,1,710000366261,710000366263,710000366267,710000366257,710000366259,710000366261,0,0,0,0,0,0,3.5,48817,43524,1.000007356619665,0.999992643380335
high,710000366845,710000366849,4,710000366849,710000366851,710000366923,1,1,1,1,710000366849,710000366851,710000366857,710000366847,710000366849,710000366851,1,1,1,0,1,1,3.5,48817,43524,1.000007356619665,0.999992643380335
high,710000366957,710000366981,24,710000366981,710000367023,710000367053,1,1,1,1,710000366963,710000366969,710000366981,710000366959,710000366961,710000366963,0,0,1,0,0,0,3.5,48817,43524,1.000007356619665,0.999992643380335
high,710000367274,710000367287,13,710000367287,710000367311,710000367359,1,1,1,1,710000367281,710000367283,710000367287,710000367275,710000367277,710000367279,0,0,1,0,0,0,3.5,48817,43524,1.000007356619665,0.999992643380335
high,710000367399,710000367431,32,710000367431,710000367481,710000367487,1,1,1,1,710000367403,710000367407,710000367409,710000367401,710000367403,710000367405,0,0,0,0,0,0,3.5,48817,43524,1.000007356619665,0.999992643380335
high,710000367438,710000367481,43,710000367481,710000367487,710000367563,1,1,1,1,710000367443,710000367451,710000367457,710000367439,710000367441,710000367443,0,0,0,0,0,0,3.5,48817,43524,1.000007356619665,0.999992643380335
high,710000367529,710000367563,34,710000367563,710000367631,710000367641,1,1,1,1,710000367533,710000367539,710000367541,710000367531,710000367533,710000367535,0,0,0,0,0,0,3.5,48817,43524,1.000007356619665,0.999992643380335
high,710000367703,710000367707,4,710000367707,710000367757,710000367793,1,1,1,1,710000367707,710000367709,710000367719,710000367705,710000367707,710000367709,1,1,1,0,1,1,3.5,48817,43524,1.000007356619665,0.999992643380335
high,710000367745,710000367757,12,710000367757,710000367793,710000367821,1,1,1,1,710000367749,710000367751,710000367757,710000367747,710000367749,710000367751,0,0,1,0,0,0,3.5,48817,43524,1.000007356619665,0.999992643380335
high,710000367795,710000367821,26,710000367821,710000367833,710000367871,1,1,1,1,710000367799,710000367803,710000367821,710000367797,710000367799,710000367801,0,0,1,0,0,0,3.5,48817,43524,1.000007356619665,0.999992643380335
high,710000367816,710000367821,5,710000367821,710000367833,710000367871,1,1,1,1,710000367821,710000367827,710000367829,710000367817,710000367819,710000367821,1,1,1,0,0,1,3.5,48817,43524,1.000007356619665,0.999992643380335
high,710000367994,710000367997,3,710000367997,710000368001,710000368003,1,1,1,1,710000367997,710000368001,710000368003,710000367995,710000367997,710000367999,1,1,1,0,1,1,3.5,48817,43524,1.000007356619665,0.999992643380335
high,710000368257,710000368321,64,710000368321,710000368331,710000368351,1,1,1,1,710000368261,710000368271,710000368277,710000368259,710000368261,710000368263,0,0,0,0,0,0,3.5,48817,43524,1.000007356619665,0.999992643380335
high,710000368535,710000368549,14,710000368549,710000368577,710000368697,1,1,1,1,710000368547,710000368549,710000368559,710000368537,710000368539,710000368541,0,1,1,0,0,0,3.5,48817,43524,1.000007356619665,0.999992643380335
high,710000368598,710000368697,99,710000368697,710000368699,710000368717,1,1,1,1,710000368601,710000368603,710000368613,710000368599,710000368601,710000368603,0,0,0,0,0,0,3.5,48817,43524,1.000007356619665,0.999992643380335
high,710000368728,710000368757,29,710000368757,710000368787,710000368789,1,1,1,1,710000368729,710000368733,710000368739,710000368729,710000368731,710000368733,0,0,0,0,0,0,3.5,48817,43524,1.000007356619665,0.999992643380335
high,710000368855,710000368871,16,710000368871,710000368901,710000368919,1,1,1,1,710000368859,710000368867,710000368871,710000368857,710000368859,710000368861,0,0,1,0,0,0,3.5,48817,43524,1.000007356619665,0.999992643380335
high,710000369034,710000369051,17,710000369051,710000369059,710000369119,1,1,1,1,710000369041,710000369051,710000369053,710000369035,710000369037,710000369039,0,1,1,0,0,0,3.5,48817,43524,1.000007356619665,0.999992643380335
high,710000369143,710000369171,28,710000369171,710000369189,710000369203,1,1,1,1,710000369147,710000369153,710000369159,710000369145,710000369147,710000369149,0,0,0,0,0,0,3.5,48817,43524,1.000007356619665,0.999992643380335
high,710000369243,710000369249,6,710000369249,710000369263,710000369269,1,1,1,1,710000369249,710000369257,710000369261,710000369245,710000369247,710000369249,1,1,1,0,0,1,3.5,48817,43524,1.000007356619665,0.999992643380335
high,710000369279,710000369293,14,710000369293,710000369341,710000369369,1,1,1,1,710000369293,710000369297,710000369303,710000369281,710000369283,710000369285,1,1,1,0,0,0,3.5,48817,43524,1.000007356619665,0.999992643380335
high,710000369344,710000369369,25,710000369369,710000369383,710000369399,1,1,1,1,710000369347,710000369357,710000369359,710000369345,710000369347,710000369349,0,0,0,0,0,0,3.5,48817,43524,1.000007356619665,0.999992643380335
high,710000369466,710000369483,17,710000369483,710000369497,710000369521,1,1,1,1,710000369467,710000369471,710000369473,710000369467,710000369469,710000369471,0,0,0,0,0,0,3.5,48817,43524,1.000007356619665,0.999992643380335
high,710000369608,710000369677,69,710000369677,710000369737,710000369753,1,1,1,1,710000369609,710000369621,710000369623,710000369609,710000369611,710000369613,0,0,0,0,0,0,3.5,48817,43524,1.000007356619665,0.999992643380335
high,710000369674,710000369677,3,710000369677,710000369737,710000369753,1,1,1,1,710000369677,710000369681,710000369699,710000369675,710000369677,710000369679,1,1,1,0,1,1,3.5,48817,43524,1.000007356619665,0.999992643380335
high,710000370581,710000370593,12,710000370593,710000370637,710000370643,1,1,1,1,710000370587,710000370589,710000370593,710000370583,710000370585,710000370587,0,0,1,0,0,0,3.5,48817,43524,1.000007356619665,0.999992643380335
high,710000370896,710000370907,11,710000370907,710000370953,710000370973,1,1,1,1,710000370899,710000370901,710000370907,710000370897,710000370899,710000370901,0,0,1,0,0,0,3.5,48817,43524,1.000007356619665,0.999992643380335
high,710000370944,710000370953,9,710000370953,710000370973,710000370983,1,1,1,1,710000370949,710000370953,710000370967,710000370945,710000370947,710000370949,0,1,1,0,0,0,3.5,48817,43524,1.000007356619665,0.999992643380335
high,710000371481,710000371519,38,710000371519,710000371541,710000371627,1,1,1,1,710000371489,710000371501,710000371511,710000371483,710000371485,710000371487,0,0,0,0,0,0,3.5,48817,43524,1.000007356619665,0.999992643380335
high,710000371519,710000371541,22,710000371541,710000371627,710000371637,1,1,1,1,710000371523,710000371537,710000371541,710000371521,710000371523,710000371525,0,0,1,0,0,0,3.5,48817,43524,1.000007356619665,0.999992643380335
high,710000371746,710000371807,61,710000371807,710000371823,710000371853,1,1,1,1,710000371747,710000371753,710000371757,710000371747,710000371749,710000371751,0,0,0,0,0,0,3.5,48817,43524,1.000007356619665,0.999992643380335
high,710000371858,710000371909,51,710000371909,710000371933,710000371939,1,1,1,1,710000371859,710000371867,710000371877,710000371859,710000371861,710000371863,0,0,0,0,0,0,3.5,48817,43524,1.000007356619665,0.999992643380335
high,710000371881,710000371909,28,710000371909,710000371933,710000371939,1,1,1,1,710000371889,710000371891,710000371897,710000371883,710000371885,710000371887,0,0,0,0,0,0,3.5,48817,43524,1.000007356619665,0.999992643380335
high,710000372717,710000372747,30,710000372747,710000372819,710000372827,1,1,1,1,710000372723,710000372737,710000372743,710000372719,710000372721,710000372723,0,0,0,0,0,0,3.5,48817,43524,1.000007356619665,0.999992643380335
high,710000373403,710000373409,6,710000373409,710000373451,710000373469,1,1,1,1,710000373409,710000373421,710000373427,710000373405,710000373407,710000373409,1,1,1,0,0,1,3.5,48817,43524,1.000007356619665,0.999992643380335
high,710000373669,710000373799,130,710000373743,710000373799,710000373809,2,0,1,1,710000373673,710000373679,710000373683,710000373671,710000373673,710000373675,0,0,0,0,0,0,3.5,48817,43524,1.000007356619665,0.999992643380335
high,710000374419,710000374511,92,710000374511,710000374529,710000374553,1,1,1,1,710000374423,710000374427,710000374429,710000374421,710000374423,710000374425,0,0,0,0,0,0,3.5,48817,43524,1.000007356619665,0.999992643380335
high,710000374546,710000374553,7,710000374553,710000374561,710000374613,1,1,1,1,710000374547,710000374549,710000374553,710000374547,710000374549,710000374551,0,0,1,0,0,0,3.5,48817,43524,1.000007356619665,0.999992643380335
high,710000374619,710000374693,74,710000374693,710000374709,710000374723,1,1,1,1,710000374621,710000374627,710000374637,710000374621,710000374623,710000374625,0,0,0,0,0,0,3.5,48817,43524,1.000007356619665,0.999992643380335
high,710000374894,710000374903,9,710000374903,710000374943,710000374981,1,1,1,1,710000374901,710000374903,710000374907,710000374895,710000374897,710000374899,0,1,1,0,0,0,3.5,48817,43524,1.000007356619665,0.999992643380335
high,710000376111,710000376143,32,710000376143,710000376149,710000376167,1,1,1,1,710000376121,710000376143,710000376149,710000376113,710000376115,710000376117,0,1,1,0,0,0,3.5,48817,43524,1.000007356619665,0.999992643380335
high,710000376245,710000376259,14,710000376259,710000376263,710000376277,1,1,1,1,710000376247,710000376251,710000376257,710000376247,710000376249,710000376251,0,0,0,0,0,0,3.5,48817,43524,1.000007356619665,0.999992643380335
high,710000376295,710000376299,4,710000376299,710000376301,710000376329,1,1,1,1,710000376299,710000376301,710000376307,710000376297,710000376299,710000376301,1,1,1,0,1,1,3.5,48817,43524,1.000007356619665,0.999992643380335
high,710000376622,710000376691,69,710000376691,710000376751,710000376763,1,1,1,1,710000376623,710000376637,710000376641,710000376623,710000376625,710000376627,0,0,0,0,0,0,3.5,48817,43524,1.000007356619665,0.999992643380335
high,710000376647,710000376691,44,710000376691,710000376751,710000376763,1,1,1,1,710000376649,710000376653,710000376667,710000376649,710000376651,710000376653,0,0,0,0,0,0,3.5,48817,43524,1.000007356619665,0.999992643380335
high,710000377057,710000377061,4,710000377061,710000377091,710000377153,1,1,1,1,710000377061,710000377063,710000377069,710000377059,710000377061,710000377063,1,1,1,0,1,1,3.5,48817,43524,1.000007356619665,0.999992643380335
high,710000377088,710000377091,3,710000377091,710000377153,710000377169,1,1,1,1,710000377091,710000377103,710000377109,710000377089,710000377091,710000377093,1,1,1,0,1,1,3.5,48817,43524,1.000007356619665,0.999992643380335
high,710000377208,710000377231,23,710000377231,710000377243,710000377259,1,1,1,1,710000377211,710000377213,710000377217,710000377209,710000377211,710000377213,0,0,0,0,0,0,3.5,48817,43524,1.000007356619665,0.999992643380335
high,710000377672,710000377711,39,710000377711,710000377739,710000377759,1,1,1,1,710000377673,710000377679,710000377687,710000377673,710000377675,710000377677,0,0,0,0,0,0,3.5,48817,43524,1.000007356619665,0.999992643380335
high,710000377707,710000377711,4,710000377711,710000377739,710000377759,1,1,1,1,710000377711,710000377721,710000377729,710000377709,710000377711,710000377713,1,1,1,0,1,1,3.5,48817,43524,1.000007356619665,0.999992643380335
high,710000377758,710000377759,1,710000377759,710000377771,710000377813,1,1,1,1,710000377759,710000377769,710000377771,710000377759,710000377761,710000377763,1,1,1,1,1,1,3.5,48817,43524,1.000007356619665,0.999992643380335
high,710000377805,710000377813,8,710000377813,710000377817,710000377859,1,1,1,1,710000377811,710000377813,710000377817,710000377807,710000377809,710000377811,0,1,1,0,0,0,3.5,48817,43524,1.000007356619665,0.999992643380335
high,710000378698,710000378729,31,710000378729,710000378741,710000378743,1,1,1,1,710000378699,710000378701,710000378707,710000378699,710000378701,710000378703,0,0,0,0,0,0,3.5,48817,43524,1.000007356619665,0.999992643380335
high,710000378699,710000378729,30,710000378729,710000378741,710000378743,1,1,1,1,710000378701,710000378707,710000378713,710000378701,710000378703,710000378705,0,0,0,0,0,0,3.5,48817,43524,1.000007356619665,0.999992643380335
high,710000378779,710000378797,18,710000378797,710000378803,710000378849,1,1,1,1,710000378783,710000378797,710000378803,710000378781,710000378783,710000378785,0,1,1,0,0,0,3.5,48817,43524,1.000007356619665,0.999992643380335
high,710000379160,710000379163,3,710000379163,710000379197,710000379203,1,1,1,1,710000379161,710000379163,710000379167,710000379161,710000379163,710000379165,0,1,1,0,1,1,3.5,48817,43524,1.000007356619665,0.999992643380335
high,710000379415,710000379533,118,710000379419,710000379449,710000379479,4,0,0,0,710000379419,710000379421,710000379427,710000379417,710000379419,710000379421,0,0,0,0,0,0,3.5,48817,43524,1.000007356619665,0.999992643380335
high,710000380279,710000380283,4,710000380283,710000380321,710000380343,1,1,1,1,710000380283,710000380289,710000380291,710000380281,710000380283,710000380285,1,1,1,0,1,1,3.5,48817,43524,1.000007356619665,0.999992643380335
high,710000380537,710000380541,4,710000380541,710000380559,710000380613,1,1,1,1,710000380541,710000380543,710000380553,710000380539,710000380541,710000380543,1,1,1,0,1,1,3.5,48817,43524,1.000007356619665,0.999992643380335
high,710000380985,710000380997,12,710000380997,710000381003,710000381039,1,1,1,1,710000380987,710000380993,710000380997,710000380987,710000380989,710000380991,0,0,1,0,0,0,3.5,48817,43524,1.000007356619665,0.999992643380335
high,710000381136,710000381137,1,710000381137,710000381143,710000381159,1,1,1,1,710000381137,710000381141,710000381143,710000381137,710000381139,710000381141,1,1,1,1,1,1,3.5,48817,43524,1.000007356619665,0.999992643380335
high,710000381238,710000381269,31,710000381269,710000381297,710000381303,1,1,1,1,710000381249,710000381257,710000381263,710000381239,710000381241,710000381243,0,0,0,0,0,0,3.5,48817,43524,1.000007356619665,0.999992643380335
high,710000381721,710000381723,2,710000381723,710000381801,710000381821,1,1,1,1,710000381723,710000381731,710000381737,710000381723,710000381725,710000381727,1,1,1,1,1,1,3.5,48817,43524,1.000007356619665,0.999992643380335
high,710000381800,710000381801,1,710000381801,710000381821,710000381861,1,1,1,1,710000381801,710000381803,710000381807,710000381801,710000381803,710000381805,1,1,1,1,1,1,3.5,48817,43524,1.000007356619665,0.999992643380335
high,710000382254,710000382263,9,710000382263,710000382281,710000382293,1,1,1,1,710000382257,710000382263,710000382269,710000382255,710000382257,710000382259,0,1,1,0,0,0,3.5,48817,43524,1.000007356619665,0.999992643380335
high,710000382676,710000382677,1,710000382677,710000382683,710000382691,1,1,1,1,710000382677,710000382683,710000382691,710000382677,710000382679,710000382681,1,1,1,1,1,1,3.5,48817,43524,1.000007356619665,0.999992643380335
high,710000383299,710000383343,44,710000383343,710000383369,710000383373,1,1,1,1,710000383303,710000383307,710000383319,710000383301,710000383303,710000383305,0,0,0,0,0,0,3.5,48817,43524,1.000007356619665,0.999992643380335
high,710000383377,710000383403,26,710000383403,710000383441,710000383501,1,1,1,1,710000383381,710000383387,710000383397,710000383379,710000383381,710000383383,0,0,0,0,0,0,3.5,48817,43524,1.000007356619665,0.999992643380335
high,710000383468,710000383501,33,710000383501,710000383529,710000383553,1,1,1,1,710000383471,710000383481,710000383483,710000383469,710000383471,710000383473,0,0,0,0,0,0,3.5,48817,43524,1.000007356619665,0.999992643380335
high,710000384106,710000384167,61,710000384167,710000384189,710000384209,1,1,1,1,710000384113,710000384117,710000384123,710000384107,710000384109,710000384111,0,0,0,0,0,0,3.5,48817,43524,1.000007356619665,0.999992643380335
high,710000384404,710000384407,3,710000384407,710000384419,710000384441,1,1,1,1,710000384407,710000384411,710000384417,710000384405,710000384407,710000384409,1,1,1,0,1,1,3.5,48817,43524,1.000007356619665,0.999992643380335
high,710000385179,710000385181,2,710000385181,710000385203,710000385217,1,1,1,1,710000385181,710000385191,710000385203,710000385181,710000385183,710000385185,1,1,1,1,1,1,3.5,48817,43524,1.000007356619665,0.999992643380335
high,710000385265,710000385277,12,710000385277,710000385323,710000385371,1,1,1,1,710000385271,710000385277,710000385293,710000385267,710000385269,710000385271,0,1,1,0,0,0,3.5,48817,43524,1.000007356619665,0.999992643380335
high,710000386207,710000386211,4,710000386211,710000386237,710000386261,1,1,1,1,710000386211,710000386213,710000386219,710000386209,710000386211,710000386213,1,1,1,0,1,1,3.5,48817,43524,1.000007356619665,0.999992643380335
high,710000386218,710000386237,19,710000386237,710000386261,710000386279,1,1,1,1,710000386219,710000386223,710000386229,710000386219,710000386221,710000386223,0,0,0,0,0,0,3.5,48817,43524,1.000007356619665,0.999992643380335
high,710000386578,710000386603,25,710000386597,710000386603,710000386631,2,0,1,1,710000386583,710000386597,710000386603,710000386579,710000386581,710000386583,0,0,1,0,0,0,3.5,48817,43524,1.000007356619665,0.999992643380335
high,710000386726,710000386747,21,710000386747,710000386757,710000386793,1,1,1,1,710000386729,710000386741,710000386747,710000386727,710000386729,710000386731,0,0,1,0,0,0,3.5,48817,43524,1.000007356619665,0.999992643380335
high,710000387512,710000387513,1,710000387513,710000387521,710000387527,1,1,1,1,710000387513,710000387519,710000387521,710000387513,710000387515,710000387517,1,1,1,1,1,1,3.5,48817,43524,1.000007356619665,0.999992643380335
high,710000387626,710000387639,13,710000387639,710000387659,710000387671,1,1,1,1,710000387627,710000387639,710000387641,710000387627,710000387629,710000387631,0,1,1,0,0,0,3.5,48817,43524,1.000007356619665,0.999992643380335
high,710000387628,710000387639,11,710000387639,710000387659,710000387671,1,1,1,1,710000387639,710000387641,710000387647,710000387629,710000387631,710000387633,1,1,1,0,0,0,3.5,48817,43524,1.000007356619665,0.999992643380335
high,710000388017,710000388023,6,710000388023,710000388077,710000388089,1,1,1,1,710000388023,710000388037,710000388043,710000388019,710000388021,710000388023,1,1,1,0,0,1,3.5,48817,43524,1.000007356619665,0.999992643380335
high,710000388165,710000388179,14,710000388179,710000388187,710000388193,1,1,1,1,710000388169,710000388173,710000388179,710000388167,710000388169,710000388171,0,0,1,0,0,0,3.5,48817,43524,1.000007356619665,0.999992643380335
high,710000388302,710000388313,11,710000388313,710000388389,710000388403,1,1,1,1,710000388311,710000388313,710000388337,710000388303,710000388305,710000388307,0,1,1,0,0,0,3.5,48817,43524,1.000007356619665,0.999992643380335
high,710000388437,710000388469,32,710000388469,710000388499,710000388547,1,1,1,1,710000388439,710000388451,710000388457,710000388439,710000388441,710000388443,0,0,0,0,0,0,3.5,48817,43524,1.000007356619665,0.999992643380335
high,710000388561,710000388593,32,710000388593,710000388637,710000388659,1,1,1,1,710000388569,710000388571,710000388577,710000388563,710000388565,710000388567,0,0,0,0,0,0,3.5,48817,43524,1.000007356619665,0.999992643380335
high,710000389455,710000389457,2,710000389457,710000389463,710000389487,1,1,1,1,710000389457,710000389459,710000389463,710000389457,710000389459,710000389461,1,1,1,1,1,1,3.5,48817,43524,1.000007356619665,0.999992643380335
high,710000389589,710000389591,2,710000389591,710000389607,710000389699,1,1,1,1,710000389591,710000389597,710000389601,710000389591,710000389593,710000389595,1,1,1,1,1,1,3.5,48817,43524,1.000007356619665,0.999992643380335
high,710000389860,710000389913,53,710000389913,710000390009,710000390023,1,1,1,1,710000389867,710000389871,710000389873,710000389861,710000389863,710000389865,0,0,0,0,0,0,3.5,48817,43524,1.000007356619665,0.999992643380335
high,710000389897,710000389913,16,710000389913,710000390009,710000390023,1,1,1,1,710000389907,710000389909,710000389913,710000389899,710000389901,710000389903,0,0,1,0,0,0,3.5,48817,43524,1.000007356619665,0.999992643380335
high,710000390064,710000390089,25,710000390089,710000390111,710000390119,1,1,1,1,710000390069,710000390081,710000390083,710000390065,710000390067,710000390069,0,0,0,0,0,0,3.5,48817,43524,1.000007356619665,0.999992643380335
high,710000390197,710000390219,22,710000390219,710000390261,710000390279,1,1,1,1,710000390201,710000390207,710000390213,710000390199,710000390201,710000390203,0,0,0,0,0,0,3.5,48817,43524,1.000007356619665,0.999992643380335
high,710000390400,710000390447,47,710000390447,710000390459,710000390513,1,1,1,1,710000390401,710000390413,710000390417,710000390401,710000390403,710000390405,0,0,0,0,0,0,3.5,48817,43524,1.000007356619665,0.999992643380335
high,710000390796,710000390821,25,710000390821,710000390849,710000390857,1,1,1,1,710000390797,710000390809,710000390819,710000390797,710000390799,710000390801,0,0,0,0,0,0,3.5,48817,43524,1.000007356619665,0.999992643380335
high,710000390912,710000390933,21,710000390933,710000390947,710000390963,1,1,1,1,710000390917,710000390921,710000390923,710000390913,710000390915,710000390917,0,0,0,0,0,0,3.5,48817,43524,1.000007356619665,0.999992643380335
high,710000391165,710000391167,2,710000391167,710000391193,710000391251,1,1,1,1,710000391167,710000391169,710000391173,710000391167,710000391169,710000391171,1,1,1,1,1,1,3.5,48817,43524,1.000007356619665,0.999992643380335
high,710000392760,710000392771,11,710000392771,710000392789,710000392807,1,1,1,1,710000392763,710000392769,710000392771,710000392761,710000392763,710000392765,0,0,1,0,0,0,3.5,48817,43524,1.000007356619665,0.999992643380335
high,710000393060,710000393071,11,710000393071,710000393087,710000393143,1,1,1,1,710000393071,710000393077,710000393083,710000393061,710000393063,710000393065,1,1,1,0,0,0,3.5,48817,43524,1.000007356619665,0.999992643380335
high,710000393130,710000393143,13,710000393143,710000393147,710000393177,1,1,1,1,710000393131,710000393143,710000393147,710000393131,710000393133,710000393135,0,1,1,0,0,0,3.5,48817,43524,1.000007356619665,0.999992643380335
high,710000393218,710000393233,15,710000393233,710000393261,710000393293,1,1,1,1,710000393227,710000393233,710000393237,710000393219,710000393221,710000393223,0,1,1,0,0,0,3.5,48817,43524,1.000007356619665,0.999992643380335
high,710000393242,710000393261,19,710000393261,710000393293,710000393317,1,1,1,1,710000393243,710000393251,710000393257,710000393243,710000393245,710000393247,0,0,0,0,0,0,3.5,48817,43524,1.000007356619665,0.999992643380335
high,710000393848,710000393863,15,710000393863,710000393897,710000393923,1,1,1,1,710000393849,710000393857,710000393863,710000393849,710000393851,710000393853,0,0,1,0,0,0,3.5,48817,43524,1.000007356619665,0.999992643380335
high,710000395193,710000395199,6,710000395199,710000395243,710000395249,1,1,1,1,710000395199,710000395201,710000395211,710000395195,710000395197,710000395199,1,1,1,0,0,1,3.5,48817,43524,1.000007356619665,0.999992643380335
high,710000395201,710000395243,42,710000395243,710000395249,710000395271,1,1,1,1,710000395211,710000395213,710000395217,710000395203,710000395205,710000395207,0,0,0,0,0,0,3.5,48817,43524,1.000007356619665,0.999992643380335
high,710000395298,710000395327,29,710000395327,710000395369,710000395393,1,1,1,1,710000395301,710000395303,710000395309,710000395299,710000395301,710000395303,0,0,0,0,0,0,3.5,48817,43524,1.000007356619665,0.999992643380335
high,710000395388,710000395393,5,710000395393,710000395427,710000395463,1,1,1,1,710000395393,710000395399,710000395409,710000395389,710000395391,710000395393,1,1,1,0,0,1,3.5,48817,43524,1.000007356619665,0.999992643380335
high,710000395396,710000395427,31,710000395427,710000395463,710000395483,1,1,1,1,710000395399,710000395409,710000395411,710000395397,710000395399,710000395401,0,0,0,0,0,0,3.5,48817,43524,1.000007356619665,0.999992643380335
high,710000395420,710000395427,7,710000395427,710000395463,710000395483,1,1,1,1,710000395421,710000395427,710000395439,710000395421,710000395423,710000395425,0,1,1,0,0,0,3.5,48817,43524,1.000007356619665,0.999992643380335
high,710000395645,710000395667,22,710000395667,710000395679,710000395681,1,1,1,1,710000395649,710000395651,710000395661,710000395647,710000395649,710000395651,0,0,0,0,0,0,3.5,48817,43524,1.000007356619665,0.999992643380335
high,710000396597,710000396629,32,710000396629,710000396659,710000396669,1,1,1,1,710000396617,710000396627,710000396629,710000396599,710000396601,710000396603,0,0,1,0,0,0,3.5,48817,43524,1.000007356619665,0.999992643380335
high,710000396610,710000396629,19,710000396629,710000396659,710000396669,1,1,1,1,710000396617,710000396627,710000396629,710000396611,710000396613,710000396615,0,0,1,0,0,0,3.5,48817,43524,1.000007356619665,0.999992643380335
high,710000396633,710000396659,26,710000396659,710000396669,710000396681,1,1,1,1,710000396639,710000396641,710000396647,710000396635,710000396637,710000396639,0,0,0,0,0,0,3.5,48817,43524,1.000007356619665,0.999992643380335
high,710000397316,710000397329,13,710000397329,710000397371,710000397377,1,1,1,1,710000397317,710000397319,710000397329,710000397317,710000397319,710000397321,0,0,1,0,0,0,3.5,48817,43524,1.000007356619665,0.999992643380335
high,710000397764,710000397797,33,710000397797,710000397833,710000397877,1,1,1,1,710000397767,710000397779,710000397781,710000397765,710000397767,710000397769,0,0,0,0,0,0,3.5,48817,43524,1.000007356619665,0.999992643380335
high,710000397977,710000397989,12,710000397989,710000398021,710000398033,1,1,1,1,710000397979,710000397989,710000397991,710000397979,710000397981,710000397983,0,1,1,0,0,0,3.5,48817,43524,1.000007356619665,0.999992643380335
high,710000398128,710000398139,11,710000398139,710000398183,710000398199,1,1,1,1,710000398139,710000398141,710000398147,710000398129,710000398131,710000398133,1,1,1,0,0,0,3.5,48817,43524,1.000007356619665,0.999992643380335
high,710000398417,710000398421,4,710000398421,710000398427,710000398451,1,1,1,1,710000398421,710000398427,710000398433,710000398419,710000398421,710000398423,1,1,1,0,1,1,3.5,48817,43524,1.000007356619665,0.999992643380335
high,710000398597,710000398607,10,710000398607,710000398609,710000398621,1,1,1,1,710000398603,710000398607,710000398609,710000398599,710000398601,710000398603,0,1,1,0,0,0,3.5,48817,43524,1.000007356619665,0.999992643380335
high,710000398651,710000398663,12,710000398663,710000398691,710000398699,1,1,1,1,710000398663,710000398669,710000398687,710000398653,710000398655,710000398657,1,1,1,0,0,0,3.5,48817,43524,1.000007356619665,0.999992643380335
high,710000398661,710000398663,2,710000398663,710000398691,710000398699,1,1,1,1,710000398663,710000398669,710000398687,710000398663,710000398665,710000398667,1,1,1,1,1,1,3.5,48817,43524,1.000007356619665,0.999992643380335
high,710000398761,710000398769,8,710000398769,710000398771,710000398829,1,1,1,1,710000398769,710000398771,710000398777,710000398763,710000398765,710000398767,1,1,1,0,0,0,3.5,48817,43524,1.000007356619665,0.999992643380335
high,710000398829,710000398879,50,710000398879,710000398889,710000398901,1,1,1,1,710000398837,710000398841,710000398843,710000398831,710000398833,710000398835,0,0,0,0,0,0,3.5,48817,43524,1.000007356619665,0.999992643380335
high,710000399181,710000399201,20,710000399201,710000399203,710000399221,1,1,1,1,710000399183,710000399189,710000399191,710000399183,710000399185,710000399187,0,0,0,0,0,0,3.5,48817,43524,1.000007356619665,0.999992643380335
high,710000399204,710000399221,17,710000399221,710000399243,710000399287,1,1,1,1,710000399209,710000399219,710000399221,710000399205,710000399207,710000399209,0,0,1,0,0,0,3.5,48817,43524,1.000007356619665,0.999992643380335
high,710000399346,710000399411,65,710000399411,710000399417,710000399447,1,1,1,1,710000399347,710000399351,710000399357,710000399347,710000399349,710000399351,0,0,0,0,0,0,3.5,48817,43524,1.000007356619665,0.999992643380335
high,710000400262,710000400271,9,710000400269,710000400271,710000400287,2,0,1,1,710000400269,710000400271,710000400281,710000400263,710000400265,710000400267,0,1,1,0,0,0,3.5,48817,43524,1.000007356619665,0.999992643380335
high,710000400425,710000400469,44,710000400469,710000400493,710000400509,1,1,1,1,710000400427,710000400433,710000400437,710000400427,710000400429,710000400431,0,0,0,0,0,0,3.5,48817,43524,1.000007356619665,0.999992643380335
high,710000400587,710000400643,56,710000400643,710000400649,710000400709,1,1,1,1,710000400589,710000400601,710000400607,710000400589,710000400591,710000400593,0,0,0,0,0,0,3.5,48817,43524,1.000007356619665,0.999992643380335
high,710000400826,710000400931,105,710000400931,710000400961,710000400979,1,1,1,1,710000400827,710000400829,710000400833,710000400827,710000400829,710000400831,0,0,0,0,0,0,3.5,48817,43524,1.000007356619665,0.999992643380335
high,710000400957,710000400961,4,710000400961,710000400979,710000401049,1,1,1,1,710000400959,710000400961,710000400971,710000400959,710000400961,710000400963,0,1,1,0,1,1,3.5,48817,43524,1.000007356619665,0.999992643380335
high,710000401149,710000401153,4,710000401153,710000401163,710000401199,1,1,1,1,710000401151,710000401153,710000401163,710000401151,710000401153,710000401155,0,1,1,0,1,1,3.5,48817,43524,1.000007356619665,0.999992643380335
high,710000401155,710000401163,8,710000401163,710000401199,710000401207,1,1,1,1,710000401163,710000401169,710000401171,710000401157,710000401159,710000401161,1,1,1,0,0,0,3.5,48817,43524,1.000007356619665,0.999992643380335
high,710000401192,710000401199,7,710000401199,710000401207,710000401213,1,1,1,1,710000401193,710000401199,710000401207,710000401193,710000401195,710000401197,0,1,1,0,0,0,3.5,48817,43524,1.000007356619665,0.999992643380335
high,710000401338,710000401351,13,710000401351,710000401361,710000401379,1,1,1,1,710000401339,710000401343,710000401349,710000401339,710000401341,710000401343,0,0,0,0,0,0,3.5,48817,43524,1.000007356619665,0.999992643380335
high,710000401402,710000401421,19,710000401421,710000401441,710000401447,1,1,1,1,710000401403,710000401417,710000401421,710000401403,710000401405,710000401407,0,0,1,0,0,0,3.5,48817,43524,1.000007356619665,0.999992643380335
high,710000401494,710000401511,17,710000401511,710000401519,710000401547,1,1,1,1,710000401499,710000401501,710000401507,710000401495,710000401497,710000401499,0,0,0,0,0,0,3.5,48817,43524,1.000007356619665,0.999992643380335
high,710000401498,710000401511,13,710000401511,710000401519,710000401547,1,1,1,1,710000401499,710000401501,710000401507,710000401499,710000401501,710000401503,0,0,0,0,0,0,3.5,48817,43524,1.000007356619665,0.999992643380335
high,710000401570,710000401577,7,710000401577,710000401597,710000401657,1,1,1,1,710000401573,710000401577,710000401589,710000401571,710000401573,710000401575,0,1,1,0,0,0,3.5,48817,43524,1.000007356619665,0.999992643380335
high,710000402302,710000402347,45,710000402347,710000402381,710000402383,1,1,1,1,710000402303,710000402311,710000402317,710000402303,710000402305,710000402307,0,0,0,0,0,0,3.5,48817,43524,1.000007356619665,0.999992643380335
high,710000402806,710000402821,15,710000402821,710000402833,710000402851,1,1,1,1,710000402821,710000402827,710000402831,710000402807,710000402809,710000402811,1,1,1,0,0,0,3.5,48817,43524,1.000007356619665,0.999992643380335
high,710000403741,710000403751,10,710000403751,710000403793,710000403809,1,1,1,1,710000403743,710000403751,710000403767,710000403743,710000403745,710000403747,0,1,1,0,0,0,3.5,48817,43524,1.000007356619665,0.999992643380335
high,710000404272,710000404291,19,710000404291,710000404297,710000404313,1,1,1,1,710000404273,710000404277,710000404279,710000404273,710000404275,710000404277,0,0,0,0,0,0,3.5,48817,43524,1.000007356619665,0.999992643380335
high,710000404359,710000404361,2,710000404361,710000404391,710000404409,1,1,1,1,710000404361,710000404363,710000404367,710000404361,710000404363,710000404365,1,1,1,1,1,1,3.5,48817,43524,1.000007356619665,0.999992643380335
high,710000404517,710000404537,20,710000404537,710000404541,710000404579,1,1,1,1,710000404523,710000404537,710000404541,710000404519,710000404521,710000404523,0,1,1,0,0,0,3.5,48817,43524,1.000007356619665,0.999992643380335
high,710000404749,710000404769,20,710000404769,710000404807,710000404819,1,1,1,1,710000404753,710000404759,710000404769,710000404751,710000404753,710000404755,0,0,1,0,0,0,3.5,48817,43524,1.000007356619665,0.999992643380335
high,710000405031,710000405033,2,710000405033,710000405039,710000405047,1,1,1,1,710000405033,710000405039,710000405041,710000405033,710000405035,710000405037,1,1,1,1,1,1,3.5,48817,43524,1.000007356619665,0.999992643380335
high,710000405052,710000405111,59,710000405111,710000405119,710000405129,1,1,1,1,710000405057,710000405063,710000405069,710000405053,710000405055,710000405057,0,0,0,0,0,0,3.5,48817,43524,1.000007356619665,0.999992643380335
high,710000405252,710000405281,29,710000405281,710000405351,710000405417,1,1,1,1,710000405263,710000405267,710000405269,710000405253,710000405255,710000405257,0,0,0,0,0,0,3.5,48817,43524,1.000007356619665,0.999992643380335
high,710000405836,710000405837,1,710000405837,710000405843,710000405909,1,1,1,1,710000405837,710000405839,710000405843,710000405837,710000405839,710000405841,1,1,1,1,1,1,3.5,48817,43524,1.000007356619665,0.999992643380335
high,710000405927,710000406041,114,710000406041,710000406053,710000406103,1,1,1,1,710000405929,710000405953,710000405957,710000405929,710000405931,710000405933,0,0,0,0,0,0,3.5,48817,43524,1.000007356619665,0.999992643380335
high,710000407160,710000407199,39,710000407199,710000407217,710000407271,1,1,1,1,710000407163,710000407187,710000407189,710000407161,710000407163,710000407165,0,0,0,0,0,0,3.5,48817,43524,1.000007356619665,0.999992643380335
high,710000407235,710000407273,38,710000407271,710000407273,710000407283,2,0,1,1,710000407241,710000407243,710000407247,710000407237,710000407239,710000407241,0,0,0,0,0,0,3.5,48817,43524,1.000007356619665,0.999992643380335
high,710000407346,710000407351,5,710000407351,710000407379,710000407393,1,1,1,1,710000407349,710000407351,710000407357,710000407347,710000407349,710000407351,0,1,1,0,0,1,3.5,48817,43524,1.000007356619665,0.999992643380335
high,710000407365,710000407379,14,710000407379,710000407393,710000407427,1,1,1,1,710000407373,710000407379,710000407381,710000407367,710000407369,710000407371,0,1,1,0,0,0,3.5,48817,43524,1.000007356619665,0.999992643380335
high,710000407383,710000407393,10,710000407393,710000407427,710000407429,1,1,1,1,710000407387,710000407393,710000407397,710000407385,710000407387,710000407389,0,1,1,0,0,0,3.5,48817,43524,1.000007356619665,0.999992643380335
high,710000407409,710000407427,18,710000407427,710000407429,710000407471,1,1,1,1,710000407411,710000407421,710000407423,710000407411,710000407413,710000407415,0,0,0,0,0,0,3.5,48817,43524,1.000007356619665,0.999992643380335
high,710000407638,710000407639,1,710000407639,710000407661,710000407663,1,1,1,1,710000407639,710000407651,710000407657,710000407639,710000407641,710000407643,1,1,1,1,1,1,3.5,48817,43524,1.000007356619665,0.999992643380335
high,710000407749,710000407751,2,710000407751,710000407789,710000407859,1,1,1,1,710000407751,710000407757,710000407759,710000407751,710000407753,710000407755,1,1,1,1,1,1,3.5,48817,43524,1.000007356619665,0.999992643380335
high,710000407992,710000408003,11,710000408003,710000408009,710000408017,1,1,1,1,710000407993,710000407997,710000407999,710000407993,710000407995,710000407997,0,0,0,0,0,0,3.5,48817,43524,1.000007356619665,0.999992643380335
high,710000408016,710000408017,1,710000408017,710000408053,710000408059,1,1,1,1,710000408017,710000408021,710000408023,710000408017,710000408019,710000408021,1,1,1,1,1,1,3.5,48817,43524,1.000007356619665,0.999992643380335
high,710000408176,710000408219,43,710000408219,710000408233,710000408269,1,1,1,1,710000408177,710000408179,710000408189,710000408177,710000408179,710000408181,0,0,0,0,0,0,3.5,48817,43524,1.000007356619665,0.999992643380335
high,710000408363,710000408417,54,710000408417,710000408423,710000408459,1,1,1,1,710000408371,710000408389,710000408399,710000408365,710000408367,710000408369,0,0,0,0,0,0,3.5,48817,43524,1.000007356619665,0.999992643380335
high,710000408528,710000408539,11,710000408539,710000408549,710000408567,1,1,1,1,710000408531,710000408539,710000408543,710000408529,710000408531,710000408533,0,1,1,0,0,0,3.5,48817,43524,1.000007356619665,0.999992643380335
high,710000408744,710000408779,35,710000408779,710000408791,710000408879,1,1,1,1,710000408749,710000408753,710000408771,710000408745,710000408747,710000408749,0,0,0,0,0,0,3.5,48817,43524,1.000007356619665,0.999992643380335
high,710000408868,710000408879,11,710000408879,710000408881,710000408891,1,1,1,1,710000408869,710000408879,710000408881,710000408869,710000408871,710000408873,0,1,1,0,0,0,3.5,48817,43524,1.000007356619665,0.999992643380335
high,710000408972,710000408981,9,710000408981,710000409059,710000409179,1,1,1,1,710000408981,710000408983,710000408987,710000408973,710000408975,710000408977,1,1,1,0,0,0,3.5,48817,43524,1.000007356619665,0.999992643380335
high,710000409004,710000409059,55,710000409059,710000409179,710000409193,1,1,1,1,710000409007,710000409011,710000409017,710000409005,710000409007,710000409009,0,0,0,0,0,0,3.5,48817,43524,1.000007356619665,0.999992643380335
high,710000409113,710000409193,80,710000409179,710000409193,710000409197,2,0,1,1,710000409119,710000409121,710000409127,710000409115,710000409117,710000409119,0,0,0,0,0,0,3.5,48817,43524,1.000007356619665,0.999992643380335
high,710000409264,710000409311,47,710000409311,710000409331,710000409389,1,1,1,1,710000409271,710000409277,710000409281,710000409265,710000409267,710000409269,0,0,0,0,0,0,3.5,48817,43524,1.000007356619665,0.999992643380335
high,710000409272,710000409311,39,710000409311,710000409331,710000409389,1,1,1,1,710000409277,710000409281,710000409289,710000409273,710000409275,710000409277,0,0,0,0,0,0,3.5,48817,43524,1.000007356619665,0.999992643380335
high,710000409440,710000409493,53,710000409493,710000409523,710000409539,1,1,1,1,710000409449,710000409451,710000409463,710000409441,710000409443,710000409445,0,0,0,0,0,0,3.5,48817,43524,1.000007356619665,0.999992643380335
high,710000409937,710000409959,22,710000409959,710000410037,710000410079,1,1,1,1,710000409941,710000409947,710000409959,710000409939,710000409941,710000409943,0,0,1,0,0,0,3.5,48817,43524,1.000007356619665,0.999992643380335
high,710000410043,710000410079,36,710000410079,710000410087,710000410111,1,1,1,1,710000410057,710000410061,710000410073,710000410045,710000410047,710000410049,0,0,0,0,0,0,3.5,48817,43524,1.000007356619665,0.999992643380335
high,710000410164,710000410193,29,710000410181,710000410193,710000410277,2,0,1,1,710000410169,710000410177,710000410181,710000410165,710000410167,710000410169,0,0,0,0,0,0,3.5,48817,43524,1.000007356619665,0.999992643380335
high,710000410215,710000410277,62,710000410277,710000410411,710000410433,1,1,1,1,710000410237,710000410241,710000410247,710000410217,710000410219,710000410221,0,0,0,0,0,0,3.5,48817,43524,1.000007356619665,0.999992643380335
high,710000410512,710000410523,11,710000410523,710000410529,710000410531,1,1,1,1,710000410513,710000410517,710000410519,710000410513,710000410515,710000410517,0,0,0,0,0,0,3.5,48817,43524,1.000007356619665,0.999992643380335
high,710000410767,710000410813,46,710000410813,710000410843,710000410849,1,1,1,1,710000410781,710000410783,710000410789,710000410769,710000410771,710000410773,0,0,0,0,0,0,3.5,48817,43524,1.000007356619665,0.999992643380335
high,710000410800,710000410813,13,710000410813,710000410843,710000410849,1,1,1,1,710000410807,710000410811,710000410813,710000410801,710000410803,710000410805,0,0,1,0,0,0,3.5,48817,43524,1.000007356619665,0.999992643380335
high,710000410873,710000410879,6,710000410879,710000410897,710000410907,1,1,1,1,710000410877,710000410879,710000410883,710000410875,710000410877,710000410879,0,1,1,0,0,1,3.5,48817,43524,1.000007356619665,0.999992643380335
high,710000411186,710000411227,41,710000411227,710000411251,710000411261,1,1,1,1,710000411189,710000411191,710000411201,710000411187,710000411189,710000411191,0,0,0,0,0,0,3.5,48817,43524,1.000007356619665,0.999992643380335
high,710000412004,710000412049,45,710000412049,710000412053,710000412073,1,1,1,1,710000412007,710000412019,710000412029,710000412005,710000412007,710000412009,0,0,0,0,0,0,3.5,48817,43524,1.000007356619665,0.999992643380335
high,710000412314,710000412367,53,710000412367,710000412377,710000412409,1,1,1,1,710000412323,710000412337,710000412343,710000412315,710000412317,710000412319,0,0,0,0,0,0,3.5,48817,43524,1.000007356619665,0.999992643380335
high,710000412636,710000412677,41,710000412677,710000412697,710000412727,1,1,1,1,710000412637,710000412643,710000412647,710000412637,710000412639,710000412641,0,0,0,0,0,0,3.5,48817,43524,1.000007356619665,0.999992643380335
high,710000412789,710000412809,20,710000412809,710000412833,710000412857,1,1,1,1,710000412791,710000412799,710000412809,710000412791,710000412793,710000412795,0,0,1,0,0,0,3.5,48817,43524,1.000007356619665,0.999992643380335
high,710000413371,710000413429,58,710000413429,710000413469,710000413471,1,1,1,1,710000413373,710000413379,710000413387,710000413373,710000413375,710000413377,0,0,0,0,0,0,3.5,48817,43524,1.000007356619665,0.999992643380335
high,710000413778,710000413813,35,710000413813,710000413823,710000413841,1,1,1,1,710000413783,710000413799,710000413813,710000413779,710000413781,710000413783,0,0,1,0,0,0,3.5,48817,43524,1.000007356619665,0.999992643380335
high,710000414133,710000414161,28,710000414161,710000414191,710000414213,1,1,1,1,710000414141,710000414143,710000414147,710000414135,710000414137,710000414139,0,0,0,0,0,0,3.5,48817,43524,1.000007356619665,0.999992643380335
high,710000414342,710000414351,9,710000414351,710000414353,710000414371,1,1,1,1,710000414351,710000414353,710000414363,710000414343,710000414345,710000414347,1,1,1,0,0,0,3.5,48817,43524,1.000007356619665,0.999992643380335
high,710000414627,710000414671,44,710000414671,710000414687,710000414699,1,1,1,1,710000414633,710000414639,710000414647,710000414629,710000414631,710000414633,0,0,0,0,0,0,3.5,48817,43524,1.000007356619665,0.999992643380335
high,710000415097,710000415109,12,710000415109,710000415139,710000415149,1,1,1,1,710000415101,710000415107,710000415109,710000415099,710000415101,710000415103,0,0,1,0,0,0,3.5,48817,43524,1.000007356619665,0.999992643380335
high,710000415392,710000415431,39,710000415419,710000415431,710000415511,2,0,1,1,710000415401,710000415403,710000415407,710000415393,710000415395,710000415397,0,0,0,0,0,0,3.5,48817,43524,1.000007356619665,0.999992643380335
high,710000415940,710000415979,39,710000415979,710000416051,710000416091,1,1,1,1,710000415941,710000415947,710000415953,710000415941,710000415943,710000415945,0,0,0,0,0,0,3.5,48817,43524,1.000007356619665,0.999992643380335
high,710000416043,710000416051,8,710000416051,710000416091,710000416117,1,1,1,1,710000416049,710000416051,710000416057,710000416045,710000416047,710000416049,0,1,1,0,0,0,3.5,48817,43524,1.000007356619665,0.999992643380335
high,710000416314,710000416369,55,710000416369,710000416387,710000416403,1,1,1,1,710000416319,710000416327,710000416331,710000416315,710000416317,710000416319,0,0,0,0,0,0,3.5,48817,43524,1.000007356619665,0.999992643380335
high,710000416592,710000416607,15,710000416607,710000416637,710000416649,1,1,1,1,710000416597,710000416603,710000416607,710000416593,710000416595,710000416597,0,0,1,0,0,0,3.5,48817,43524,1.000007356619665,0.999992643380335
high,710000416638,710000416649,11,710000416649,710000416693,710000416703,1,1,1,1,710000416649,710000416651,710000416661,710000416639,710000416641,710000416643,1,1,1,0,0,0,3.5,48817,43524,1.000007356619665,0.999992643380335
high,710000417189,710000417213,24,710000417213,710000417219,710000417341,1,1,1,1,710000417197,710000417201,710000417207,710000417191,710000417193,710000417195,0,0,0,0,0,0,3.5,48817,43524,1.000007356619665,0.999992643380335
high,710000417273,710000417341,68,710000417341,710000417383,710000417389,1,1,1,1,710000417279,710000417281,710000417297,710000417275,710000417277,710000417279,0,0,0,0,0,0,3.5,48817,43524,1.000007356619665,0.999992643380335
high,710000417747,710000417759,12,710000417759,710000417813,710000417821,1,1,1,1,710000417759,710000417761,710000417767,710000417749,710000417751,710000417753,1,1,1,0,0,0,3.5,48817,43524,1.000007356619665,0.999992643380335
high,710000418000,710000418013,13,710000418013,710000418077,710000418091,1,1,1,1,710000418011,710000418013,710000418019,710000418001,710000418003,710000418005,0,1,1,0,0,0,3.5,48817,43524,1.000007356619665,0.999992643380335
high,710000418001,710000418013,12,710000418013,710000418077,710000418091,1,1,1,1,710000418011,710000418013,710000418019,710000418003,710000418005,710000418007,0,1,1,0,0,0,3.5,48817,43524,1.000007356619665,0.999992643380335
high,710000418010,710000418013,3,710000418013,710000418077,710000418091,1,1,1,1,710000418011,710000418013,710000418019,710000418011,710000418013,710000418015,0,1,1,0,1,1,3.5,48817,43524,1.000007356619665,0.999992643380335
high,710000418343,710000418373,30,710000418373,710000418419,710000418427,1,1,1,1,710000418353,710000418359,710000418367,710000418345,710000418347,710000418349,0,0,0,0,0,0,3.5,48817,43524,1.000007356619665,0.999992643380335
high,710000418683,710000418697,14,710000418697,710000418713,710000418737,1,1,1,1,710000418689,710000418697,710000418703,710000418685,710000418687,710000418689,0,1,1,0,0,0,3.5,48817,43524,1.000007356619665,0.999992643380335
high,710000418794,710000418797,3,710000418797,710000418847,710000418901,1,1,1,1,710000418797,710000418811,710000418817,710000418795,710000418797,710000418799,1,1,1,0,1,1,3.5,48817,43524,1.000007356619665,0.999992643380335
high,710000419085,710000419099,14,710000419099,710000419103,710000419133,1,1,1,1,710000419087,710000419091,710000419099,710000419087,710000419089,710000419091,0,0,1,0,0,0,3.5,48817,43524,1.000007356619665,0.999992643380335
high,710000419676,710000419699,23,710000419699,710000419727,710000419729,1,1,1,1,710000419691,710000419693,710000419699,710000419677,710000419679,710000419681,0,0,1,0,0,0,3.5,48817,43524,1.000007356619665,0.999992643380335
high,710000419740,710000419763,23,710000419763,710000419789,710000419897,1,1,1,1,710000419747,710000419753,710000419757,710000419741,710000419743,710000419745,0,0,0,0,0,0,3.5,48817,43524,1.000007356619665,0.999992643380335
high,710000419805,710000419897,92,710000419897,710000419903,710000419913,1,1,1,1,710000419811,710000419819,710000419823,710000419807,710000419809,710000419811,0,0,0,0,0,0,3.5,48817,43524,1.000007356619665,0.999992643380335
high,710000419839,710000419897,58,710000419897,710000419903,710000419913,1,1,1,1,710000419841,710000419847,710000419853,710000419841,710000419843,710000419845,0,0,0,0,0,0,3.5,48817,43524,1.000007356619665,0.999992643380335
high,710000419899,710000419903,4,710000419903,710000419913,710000419927,1,1,1,1,710000419901,710000419903,710000419913,710000419901,710000419903,710000419905,0,1,1,0,1,1,3.5,48817,43524,1.000007356619665,0.999992643380335
high,710000419960,710000420069,109,710000420069,710000420071,710000420119,1,1,1,1,710000419963,710000419967,710000419969,710000419961,710000419963,710000419965,0,0,0,0,0,0,3.5,48817,43524,1.000007356619665,0.999992643380335
high,710000420022,710000420069,47,710000420069,710000420071,710000420119,1,1,1,1,710000420023,710000420027,710000420029,710000420023,710000420025,710000420027,0,0,0,0,0,0,3.5,48817,43524,1.000007356619665,0.999992643380335
high,710000421318,710000421367,49,710000421367,710000421413,710000421461,1,1,1,1,710000421323,710000421329,710000421331,710000421319,710000421321,710000421323,0,0,0,0,0,0,3.5,48817,43524,1.000007356619665,0.999992643380335
high,710000421585,710000421619,34,710000421619,710000421643,710000421653,1,1,1,1,710000421587,710000421589,710000421593,710000421587,710000421589,710000421591,0,0,0,0,0,0,3.5,48817,43524,1.000007356619665,0.999992643380335
high,710000421710,710000421721,11,710000421721,710000421761,710000421773,1,1,1,1,710000421721,710000421733,710000421737,710000421711,710000421713,710000421715,1,1,1,0,0,0,3.5,48817,43524,1.000007356619665,0.999992643380335
high,710000421758,710000421761,3,710000421761,710000421773,710000421841,1,1,1,1,710000421761,710000421763,710000421773,710000421759,710000421761,710000421763,1,1,1,0,1,1,3.5,48817,43524,1.000007356619665,0.999992643380335
high,710000422083,710000422091,8,710000422091,710000422129,710000422141,1,1,1,1,710000422091,710000422093,710000422097,710000422085,710000422087,710000422089,1,1,1,0,0,0,3.5,48817,43524,1.000007356619665,0.999992643380335
high,710000422544,710000422583,39,710000422583,710000422591,710000422601,1,1,1,1,710000422553,710000422559,710000422561,710000422545,710000422547,710000422549,0,0,0,0,0,0,3.5,48817,43524,1.000007356619665,0.999992643380335
high,710000422701,710000422709,8,710000422709,710000422727,710000422741,1,1,1,1,710000422709,710000422711,710000422717,710000422703,710000422705,710000422707,1,1,1,0,0,0,3.5,48817,43524,1.000007356619665,0.999992643380335
high,710000422722,710000422727,5,710000422727,710000422741,710000422751,1,1,1,1,710000422723,710000422727,710000422739,710000422723,710000422725,710000422727,0,1,1,0,0,1,3.5,48817,43524,1.000007356619665,0.999992643380335
high,710000422837,710000422889,52,710000422843,710000422889,710000422927,2,0,1,1,710000422841,710000422843,710000422847,710000422839,710000422841,710000422843,0,0,0,0,0,0,3.5,48817,43524,1.000007356619665,0.999992643380335
high,710000422897,710000422927,30,710000422927,710000422939,710000422951,1,1,1,1,710000422907,710000422913,710000422919,710000422899,710000422901,710000422903,0,0,0,0,0,0,3.5,48817,43524,1.000007356619665,0.999992643380335
high,710000423534,710000423537,3,710000423537,710000423567,710000423579,1,1,1,1,710000423537,710000423543,710000423551,710000423535,710000423537,710000423539,1,1,1,0,1,1,3.5,48817,43524,1.000007356619665,0.999992643380335
high,710000423766,710000423777,11,710000423777,710000423813,710000423857,1,1,1,1,710000423767,710000423771,710000423773,710000423767,710000423769,710000423771,0,0,0,0,0,0,3.5,48817,43524,1.000007356619665,0.999992643380335
high,710000423966,710000423971,5,710000423971,710000423987,710000423999,1,1,1,1,710000423969,710000423971,710000423981,710000423967,710000423969,710000423971,0,1,1,0,0,1,3.5,48817,43524,1.000007356619665,0.999992643380335
high,710000424020,710000424031,11,710000424031,710000424041,710000424061,1,1,1,1,710000424031,710000424037,710000424041,710000424021,710000424023,710000424025,1,1,1,0,0,0,3.5,48817,43524,1.000007356619665,0.999992643380335
high,710000424470,710000424493,23,710000424493,710000424527,710000424641,1,1,1,1,710000424473,710000424481,710000424487,710000424471,710000424473,710000424475,0,0,0,0,0,0,3.5,48817,43524,1.000007356619665,0.999992643380335
high,710000424547,710000424647,100,710000424641,710000424647,710000424667,2,0,1,1,710000424557,710000424559,710000424563,710000424549,710000424551,710000424553,0,0,0,0,0,0,3.5,48817,43524,1.000007356619665,0.999992643380335
high,710000424613,710000424647,34,710000424641,710000424647,710000424667,2,0,1,1,710000424629,710000424631,710000424641,710000424615,710000424617,710000424619,0,0,0,0,0,0,3.5,48817,43524,1.000007356619665,0.999992643380335
high,710000424671,710000424691,20,710000424691,710000424697,710000424703,1,1,1,1,710000424673,710000424677,710000424689,710000424673,710000424675,710000424677,0,0,0,0,0,0,3.5,48817,43524,1.000007356619665,0.999992643380335
high,710000424698,710000424703,5,710000424703,710000424713,710000424769,1,1,1,1,710000424701,710000424703,710000424713,710000424699,710000424701,710000424703,0,1,1,0,0,1,3.5,48817,43524,1.000007356619665,0.999992643380335
high,710000425251,710000425259,8,710000425259,710000425289,710000425297,1,1,1,1,710000425259,710000425271,710000425273,710000425253,710000425255,710000425257,1,1,1,0,0,0,3.5,48817,43524,1.000007356619665,0.999992643380335
high,710000425519,710000425543,24,710000425543,710000425553,710000425601,1,1,1,1,710000425523,710000425529,710000425543,710000425521,710000425523,710000425525,0,0,1,0,0,0,3.5,48817,43524,1.000007356619665,0.999992643380335
high,710000425619,710000425639,20,710000425639,710000425643,710000425661,1,1,1,1,710000425621,710000425627,710000425633,710000425621,710000425623,710000425625,0,0,0,0,0,0,3.5,48817,43524,1.000007356619665,0.999992643380335
high,710000426196,710000426237,41,710000426237,710000426243,710000426281,1,1,1,1,710000426197,710000426203,710000426207,710000426197,710000426199,710000426201,0,0,0,0,0,0,3.5,48817,43524,1.000007356619665,0.999992643380335
high,710000426246,710000426281,35,710000426281,710000426293,710000426299,1,1,1,1,710000426249,710000426257,710000426263,710000426247,710000426249,710000426251,0,0,0,0,0,0,3.5,48817,43524,1.000007356619665,0.999992643380335
high,710000426464,710000426479,15,710000426479,710000426521,710000426537,1,1,1,1,710000426467,710000426477,710000426479,710000426465,710000426467,710000426469,0,0,1,0,0,0,3.5,48817,43524,1.000007356619665,0.999992643380335
high,710000427667,710000427737,70,710000427737,710000427739,710000427767,1,1,1,1,710000427671,710000427673,710000427677,710000427669,710000427671,710000427673,0,0,0,0,0,0,3.5,48817,43524,1.000007356619665,0.999992643380335
high,710000428303,710000428321,18,710000428321,710000428327,710000428391,1,1,1,1,710000428307,710000428321,710000428327,710000428305,710000428307,710000428309,0,1,1,0,0,0,3.5,48817,43524,1.000007356619665,0.999992643380335
high,710000428427,710000428471,44,710000428471,710000428477,710000428517,1,1,1,1,710000428429,710000428433,710000428439,710000428429,710000428431,710000428433,0,0,0,0,0,0,3.5,48817,43524,1.000007356619665,0.999992643380335
high,710000428679,710000428703,24,710000428703,710000428729,710000428741,1,1,1,1,710000428681,710000428691,710000428693,710000428681,710000428683,710000428685,0,0,0,0,0,0,3.5,48817,43524,1.000007356619665,0.999992643380335
high,710000429403,710000429419,16,710000429419,710000429497,710000429573,1,1,1,1,710000429417,710000429419,710000429423,710000429405,710000429407,710000429409,0,1,1,0,0,0,3.5,48817,43524,1.000007356619665,0.999992643380335
high,710000429756,710000429759,3,710000429759,710000429777,710000429837,1,1,1,1,710000429759,710000429767,710000429773,710000429757,710000429759,710000429761,1,1,1,0,1,1,3.5,48817,43524,1.000007356619665,0.999992643380335
high,710000430171,710000430193,22,710000430193,710000430199,710000430221,1,1,1,1,710000430173,710000430187,710000430193,710000430173,710000430175,710000430177,0,0,1,0,0,0,3.5,48817,43524,1.000007356619665,0.999992643380335
high,710000430230,710000430241,11,710000430241,710000430287,710000430299,1,1,1,1,710000430233,710000430239,710000430241,710000430231,710000430233,710000430235,0,0,1,0,0,0,3.5,48817,43524,1.000007356619665,0.999992643380335
high,710000430331,710000430353,22,710000430353,710000430371,710000430379,1,1,1,1,710000430341,710000430343,710000430353,710000430333,710000430335,710000430337,0,0,1,0,0,0,3.5,48817,43524,1.000007356619665,0.999992643380335
high,710000430511,710000430521,10,710000430521,710000430523,710000430527,1,1,1,1,710000430521,710000430523,710000430527,710000430513,710000430515,710000430517,1,1,1,0,0,0,3.5,48817,43524,1.000007356619665,0.999992643380335
high,710000430557,710000430583,26,710000430569,710000430571,710000430583,3,0,0,1,710000430563,710000430569,710000430571,710000430559,710000430561,710000430563,0,0,0,0,0,0,3.5,48817,43524,1.000007356619665,0.999992643380335
high,710000430657,710000430683,26,710000430683,710000430697,710000430701,1,1,1,1,710000430673,710000430677,710000430679,710000430659,710000430661,710000430663,0,0,0,0,0,0,3.5,48817,43524,1.000007356619665,0.999992643380335
high,710000431155,710000431157,2,710000431157,710000431159,710000431171,1,1,1,1,710000431157,710000431159,710000431163,710000431157,710000431159,710000431161,1,1,1,1,1,1,3.5,48817,43524,1.000007356619665,0.999992643380335
high,710000431383,710000431391,8,710000431391,710000431397,710000431409,1,1,1,1,710000431391,710000431397,710000431409,710000431385,710000431387,710000431389,1,1,1,0,0,0,3.5,48817,43524,1.000007356619665,0.999992643380335
high,710000431434,710000431477,43,710000431477,710000431489,710000431523,1,1,1,1,710000431447,710000431451,710000431453,710000431435,710000431437,710000431439,0,0,0,0,0,0,3.5,48817,43524,1.000007356619665,0.999992643380335
high,710000431439,710000431477,38,710000431477,710000431489,710000431523,1,1,1,1,710000431447,710000431451,710000431453,710000431441,710000431443,710000431445,0,0,0,0,0,0,3.5,48817,43524,1.000007356619665,0.999992643380335
high,710000431454,710000431477,23,710000431477,710000431489,710000431523,1,1,1,1,710000431457,710000431463,710000431477,710000431455,710000431457,710000431459,0,0,1,0,0,0,3.5,48817,43524,1.000007356619665,0.999992643380335
high,710000431561,710000431579,18,710000431579,710000431583,710000431681,1,1,1,1,710000431571,710000431577,710000431579,710000431563,710000431565,710000431567,0,0,1,0,0,0,3.5,48817,43524,1.000007356619665,0.999992643380335
high,710000431640,710000431681,41,710000431681,710000431691,710000431717,1,1,1,1,710000431643,710000431661,710000431663,710000431641,710000431643,710000431645,0,0,0,0,0,0,3.5,48817,43524,1.000007356619665,0.999992643380335
high,710000431795,710000431799,4,710000431799,710000431873,710000431901,1,1,1,1,710000431799,710000431807,710000431813,710000431797,710000431799,710000431801,1,1,1,0,1,1,3.5,48817,43524,1.000007356619665,0.999992643380335
high,710000431855,710000431873,18,710000431873,710000431901,710000431951,1,1,1,1,710000431859,710000431867,710000431871,710000431857,710000431859,710000431861,0,0,0,0,0,0,3.5,48817,43524,1.000007356619665,0.999992643380335
high,710000432008,710000432017,9,710000432017,710000432021,710000432027,1,1,1,1,710000432017,710000432021,710000432027,710000432009,710000432011,710000432013,1,1,1,0,0,0,3.5,48817,43524,1.000007356619665,0.999992643380335
high,710000432564,710000432569,5,710000432569,710000432587,710000432623,1,1,1,1,710000432567,710000432569,710000432579,710000432565,710000432567,710000432569,0,1,1,0,0,1,3.5,48817,43524,1.000007356619665,0.999992643380335
high,710000432849,710000432857,8,710000432857,710000432909,710000432917,1,1,1,1,710000432857,710000432861,710000432873,710000432851,710000432853,710000432855,1,1,1,0,0,0,3.5,48817,43524,1.000007356619665,0.999992643380335
high,710000433037,710000433059,22,710000433059,710000433061,710000433083,1,1,1,1,710000433041,710000433047,710000433049,710000433039,710000433041,710000433043,0,0,0,0,0,0,3.5,48817,43524,1.000007356619665,0.999992643380335
high,710000433086,710000433091,5,710000433091,710000433119,710000433133,1,1,1,1,710000433089,710000433091,710000433097,710000433087,710000433089,710000433091,0,1,1,0,0,1,3.5,48817,43524,1.000007356619665,0.999992643380335
high,710000433135,710000433161,26,710000433161,710000433203,710000433223,1,1,1,1,710000433139,710000433143,710000433151,710000433137,710000433139,710000433141,0,0,0,0,0,0,3.5,48817,43524,1.000007356619665,0.999992643380335
high,710000433278,710000433301,23,710000433301,710000433349,710000433371,1,1,1,1,710000433281,710000433287,710000433293,710000433279,710000433281,710000433283,0,0,0,0,0,0,3.5,48817,43524,1.000007356619665,0.999992643380335
high,710000433394,710000433421,27,710000433421,710000433427,710000433431,1,1,1,1,710000433407,710000433413,710000433419,710000433395,710000433397,710000433399,0,0,0,0,0,0,3.5,48817,43524,1.000007356619665,0.999992643380335
high,710000433538,710000433581,43,710000433581,710000433589,710000433661,1,1,1,1,710000433539,710000433547,710000433551,710000433539,710000433541,710000433543,0,0,0,0,0,0,3.5,48817,43524,1.000007356619665,0.999992643380335
high,710000433699,710000433721,22,710000433721,710000433743,710000433761,1,1,1,1,710000433707,710000433713,710000433719,710000433701,710000433703,710000433705,0,0,0,0,0,0,3.5,48817,43524,1.000007356619665,0.999992643380335
high,710000433711,710000433721,10,710000433721,710000433743,710000433761,1,1,1,1,710000433713,710000433719,710000433721,710000433713,710000433715,710000433717,0,0,1,0,0,0,3.5,48817,43524,1.000007356619665,0.999992643380335
high,710000433796,710000433803,7,710000433803,710000433887,710000433889,1,1,1,1,710000433797,710000433799,710000433803,710000433797,710000433799,710000433801,0,0,1,0,0,0,3.5,48817,43524,1.000007356619665,0.999992643380335
high,710000434639,710000434643,4,710000434643,710000434679,710000434709,1,1,1,1,710000434643,710000434657,710000434669,710000434641,710000434643,710000434645,1,1,1,0,1,1,3.5,48817,43524,1.000007356619665,0.999992643380335
high,710000435242,710000435251,9,710000435251,710000435311,710000435363,1,1,1,1,710000435251,710000435257,710000435267,710000435243,710000435245,710000435247,1,1,1,0,0,0,3.5,48817,43524,1.000007356619665,0.999992643380335
high,710000435733,710000435813,80,710000435813,710000435839,710000435863,1,1,1,1,710000435737,710000435741,710000435743,710000435735,710000435737,710000435739,0,0,0,0,0,0,3.5,48817,43524,1.000007356619665,0.999992643380335
high,710000436054,710000436059,5,710000436059,710000436097,710000436191,1,1,1,1,710000436059,710000436073,710000436077,710000436055,710000436057,710000436059,1,1,1,0,0,1,3.5,48817,43524,1.000007356619665,0.999992643380335
high,710000436627,710000436653,26,710000436631,710000436653,710000436659,2,0,1,1,710000436631,710000436637,710000436641,710000436629,710000436631,710000436633,0,0,0,0,0,0,3.5,48817,43524,1.000007356619665,0.999992643380335
high,710000437053,710000437061,8,710000437061,710000437087,710000437123,1,1,1,1,710000437057,710000437061,710000437063,710000437055,710000437057,710000437059,0,1,1,0,0,0,3.5,48817,43524,1.000007356619665,0.999992643380335
high,710000437623,710000437651,28,710000437651,710000437667,710000437673,1,1,1,1,710000437631,710000437633,710000437637,710000437625,710000437627,710000437629,0,0,0,0,0,0,3.5,48817,43524,1.000007356619665,0.999992643380335
high,710000437866,710000437889,23,710000437889,710000437907,710000437921,1,1,1,1,710000437871,710000437873,710000437877,710000437867,710000437869,710000437871,0,0,0,0,0,0,3.5,48817,43524,1.000007356619665,0.999992643380335
high,710000438353,710000438437,84,710000438437,710000438471,710000438491,1,1,1,1,710000438359,710000438363,710000438369,710000438355,710000438357,710000438359,0,0,0,0,0,0,3.5,48817,43524,1.000007356619665,0.999992643380335
high,710000438433,710000438437,4,710000438437,710000438471,710000438491,1,1,1,1,710000438437,710000438443,710000438447,710000438435,710000438437,710000438439,1,1,1,0,1,1,3.5,48817,43524,1.000007356619665,0.999992643380335
high,710000438842,710000438879,37,710000438863,710000438879,710000438891,2,0,1,1,710000438843,710000438857,710000438863,710000438843,710000438845,710000438847,0,0,0,0,0,0,3.5,48817,43524,1.000007356619665,0.999992643380335
high,710000439279,710000439299,20,710000439299,710000439431,710000439451,1,1,1,1,710000439283,710000439289,710000439293,710000439281,710000439283,710000439285,0,0,0,0,0,0,3.5,48817,43524,1.000007356619665,0.999992643380335
high,710000439646,710000439647,1,710000439647,710000439653,710000439671,1,1,1,1,710000439647,710000439653,710000439661,710000439647,710000439649,710000439651,1,1,1,1,1,1,3.5,48817,43524,1.000007356619665,0.999992643380335
high,710000439711,710000439727,16,710000439727,710000439739,710000439749,1,1,1,1,710000439713,710000439719,710000439721,710000439713,710000439715,710000439717,0,0,0,0,0,0,3.5,48817,43524,1.000007356619665,0.999992643380335
high,710000440277,710000440283,6,710000440283,710000440301,710000440307,1,1,1,1,710000440283,710000440291,710000440297,710000440279,710000440281,710000440283,1,1,1,0,0,1,3.5,48817,43524,1.000007356619665,0.999992643380335
high,710000442252,710000442253,1,710000442253,710000442287,710000442311,1,1,1,1,710000442253,710000442257,710000442269,710000442253,710000442255,710000442257,1,1,1,1,1,1,3.5,48817,43524,1.000007356619665,0.999992643380335
high,710000442458,710000442461,3,710000442461,710000442539,710000442551,1,1,1,1,710000442461,710000442467,710000442469,710000442459,710000442461,710000442463,1,1,1,0,1,1,3.5,48817,43524,1.000007356619665,0.999992643380335
high,710000442527,710000442539,12,710000442539,710000442551,710000442553,1,1,1,1,710000442533,710000442539,710000442551,710000442529,710000442531,710000442533,0,1,1,0,0,0,3.5,48817,43524,1.000007356619665,0.999992643380335
high,710000442600,710000442629,29,710000442629,710000442637,710000442733,1,1,1,1,710000442601,710000442611,710000442617,710000442601,710000442603,710000442605,0,0,0,0,0,0,3.5,48817,43524,1.000007356619665,0.999992643380335
high,710000442602,710000442629,27,710000442629,710000442637,710000442733,1,1,1,1,710000442611,710000442617,710000442629,710000442603,710000442605,710000442607,0,0,1,0,0,0,3.5,48817,43524,1.000007356619665,0.999992643380335
high,710000442765,710000442769,4,710000442769,710000442817,710000442841,1,1,1,1,710000442769,710000442773,710000442779,710000442767,710000442769,710000442771,1,1,1,0,1,1,3.5,48817,43524,1.000007356619665,0.999992643380335
high,710000442886,710000442911,25,710000442911,710000442923,710000442989,1,1,1,1,710000442887,710000442889,710000442901,710000442887,710000442889,710000442891,0,0,0,0,0,0,3.5,48817,43524,1.000007356619665,0.999992643380335
high,710000443304,710000443309,5,710000443309,710000443349,710000443351,1,1,1,1,710000443307,710000443309,710000443319,710000443305,710000443307,710000443309,0,1,1,0,0,1,3.5,48817,43524,1.000007356619665,0.999992643380335
high,710000443411,710000443433,22,710000443433,710000443459,710000443463,1,1,1,1,710000443417,710000443421,710000443423,710000443413,710000443415,710000443417,0,0,0,0,0,0,3.5,48817,43524,1.000007356619665,0.999992643380335
high,710000443560,710000443561,1,710000443561,710000443577,710000443639,1,1,1,1,710000443561,710000443567,710000443571,710000443561,710000443563,710000443565,1,1,1,1,1,1,3.5,48817,43524,1.000007356619665,0.999992643380335
high,710000444755,710000444761,6,710000444761,710000444767,710000444773,1,1,1,1,710000444761,710000444767,710000444771,710000444757,710000444759,710000444761,1,1,1,0,0,1,3.5,48817,43524,1.000007356619665,0.999992643380335
high,710000444909,710000444981,72,710000444981,710000444999,710000445017,1,1,1,1,710000444917,710000444921,710000444929,710000444911,710000444913,710000444915,0,0,0,0,0,0,3.5,48817,43524,1.000007356619665,0.999992643380335
high,710000445056,710000445061,5,710000445061,710000445109,710000445113,1,1,1,1,710000445059,710000445061,710000445067,710000445057,710000445059,710000445061,0,1,1,0,0,1,3.5,48817,43524,1.000007356619665,0.999992643380335
high,710000445582,710000445589,7,710000445589,710000445601,710000445647,1,1,1,1,710000445587,710000445589,710000445599,710000445583,710000445585,710000445587,0,1,1,0,0,0,3.5,48817,43524,1.000007356619665,0.999992643380335
high,710000447162,710000447197,35,710000447197,710000447243,710000447263,1,1,1,1,710000447171,710000447173,710000447183,710000447163,710000447165,710000447167,0,0,0,0,0,0,3.5,48817,43524,1.000007356619665,0.999992643380335
high,710000447201,710000447243,42,710000447243,710000447263,710000447311,1,1,1,1,710000447207,710000447209,710000447227,710000447203,710000447205,710000447207,0,0,0,0,0,0,3.5,48817,43524,1.000007356619665,0.999992643380335
high,710000447226,710000447243,17,710000447243,710000447263,710000447311,1,1,1,1,710000447227,710000447231,710000447237,710000447227,710000447229,710000447231,0,0,0,0,0,0,3.5,48817,43524,1.000007356619665,0.999992643380335
high,710000447276,710000447311,35,710000447311,710000447353,710000447357,1,1,1,1,710000447279,710000447287,710000447291,710000447277,710000447279,710000447281,0,0,0,0,0,0,3.5,48817,43524,1.000007356619665,0.999992643380335
high,710000447718,710000447743,25,710000447743,710000447749,710000447753,1,1,1,1,710000447719,710000447729,710000447731,710000447719,710000447721,710000447723,0,0,0,0,0,0,3.5,48817,43524,1.000007356619665,0.999992643380335
high,710000447948,710000447983,35,710000447983,710000447987,710000448013,1,1,1,1,710000447953,710000447957,710000447963,710000447949,710000447951,710000447953,0,0,0,0,0,0,3.5,48817,43524,1.000007356619665,0.999992643380335
high,710000447955,710000447983,28,710000447983,710000447987,710000448013,1,1,1,1,710000447957,710000447963,710000447969,710000447957,710000447959,710000447961,0,0,0,0,0,0,3.5,48817,43524,1.000007356619665,0.999992643380335
high,710000448250,710000448257,7,710000448251,710000448257,710000448259,2,0,1,1,710000448251,710000448253,710000448257,710000448251,710000448253,710000448255,0,0,1,0,0,0,3.5,48817,43524,1.000007356619665,0.999992643380335
high,710000448644,710000448653,9,710000448653,710000448667,710000448671,1,1,1,1,710000448649,710000448653,710000448659,710000448645,710000448647,710000448649,0,1,1,0,0,0,3.5,48817,43524,1.000007356619665,0.999992643380335
high,710000448783,710000448793,10,710000448793,710000448821,710000448847,1,1,1,1,710000448791,710000448793,710000448797,710000448785,710000448787,710000448789,0,1,1,0,0,0,3.5,48817,43524,1.000007356619665,0.999992643380335
high,710000449042,710000449061,19,710000449061,710000449087,710000449121,1,1,1,1,710000449051,710000449057,710000449061,710000449043,710000449045,710000449047,0,0,1,0,0,0,3.5,48817,43524,1.000007356619665,0.999992643380335
high,710000449321,710000449337,16,710000449337,710000449387,710000449421,1,1,1,1,710000449331,710000449337,710000449339,710000449323,710000449325,710000449327,0,1,1,0,0,0,3.5,48817,43524,1.000007356619665,0.999992643380335
high,710000449600,710000449607,7,710000449607,710000449649,710000449657,1,1,1,1,710000449601,710000449603,710000449607,710000449601,710000449603,710000449605,0,0,1,0,0,0,3.5,48817,43524,1.000007356619665,0.999992643380335
high,710000449620,710000449649,29,710000449649,710000449657,710000449667,1,1,1,1,710000449621,710000449633,710000449637,710000449621,710000449623,710000449625,0,0,0,0,0,0,3.5,48817,43524,1.000007356619665,0.999992643380335
high,710000450402,710000450407,5,710000450407,710000450429,710000450449,1,1,1,1,710000450407,710000450413,710000450417,710000450403,710000450405,710000450407,1,1,1,0,0,1,3.5,48817,43524,1.000007356619665,0.999992643380335
high,710000450451,710000450479,28,710000450479,710000450507,710000450527,1,1,1,1,710000450461,710000450473,710000450479,710000450453,710000450455,710000450457,0,0,1,0,0,0,3.5,48817,43524,1.000007356619665,0.999992643380335
high,710000450644,710000450671,27,710000450671,710000450693,710000450729,1,1,1,1,710000450651,710000450657,710000450659,710000450645,710000450647,710000450649,0,0,0,0,0,0,3.5,48817,43524,1.000007356619665,0.999992643380335
high,710000450658,710000450671,13,710000450671,710000450693,710000450729,1,1,1,1,710000450659,710000450671,710000450683,710000450659,710000450661,710000450663,0,1,1,0,0,0,3.5,48817,43524,1.000007356619665,0.999992643380335
high,710000450838,710000450857,19,710000450857,710000450867,710000450879,1,1,1,1,710000450849,710000450857,710000450867,710000450839,710000450841,710000450843,0,1,1,0,0,0,3.5,48817,43524,1.000007356619665,0.999992643380335
high,710000451722,710000451733,11,710000451733,710000451781,710000451799,1,1,1,1,710000451731,710000451733,710000451737,710000451723,710000451725,710000451727,0,1,1,0,0,0,3.5,48817,43524,1.000007356619665,0.999992643380335
high,710000451959,710000451971,12,710000451971,710000451983,710000452013,1,1,1,1,710000451961,710000451967,710000451971,710000451961,710000451963,710000451965,0,0,1,0,0,0,3.5,48817,43524,1.000007356619665,0.999992643380335
high,710000452108,710000452123,15,710000452123,710000452129,710000452151,1,1,1,1,710000452111,710000452121,710000452123,710000452109,710000452111,710000452113,0,0,1,0,0,0,3.5,48817,43524,1.000007356619665,0.999992643380335
high,710000452163,710000452181,18,710000452181,710000452193,710000452229,1,1,1,1,710000452181,710000452193,710000452199,710000452165,710000452167,710000452169,1,1,1,0,0,0,3.5,48817,43524,1.000007356619665,0.999992643380335
high,710000452219,710000452229,10,710000452229,710000452319,710000452367,1,1,1,1,710000452223,710000452229,710000452237,710000452221,710000452223,710000452225,0,1,1,0,0,0,3.5,48817,43524,1.000007356619665,0.999992643380335
high,710000452795,710000452801,6,710000452801,710000452807,710000452831,1,1,1,1,710000452801,710000452807,710000452813,710000452797,710000452799,710000452801,1,1,1,0,0,1,3.5,48817,43524,1.000007356619665,0.999992643380335
high,710000453557,710000453573,16,710000453573,710000453579,710000453581,1,1,1,1,710000453563,710000453567,710000453573,710000453559,710000453561,710000453563,0,0,1,0,0,0,3.5,48817,43524,1.000007356619665,0.999992643380335
high,710000453700,710000453719,19,710000453719,710000453731,710000453759,1,1,1,1,710000453711,710000453713,710000453717,710000453701,710000453703,710000453705,0,0,0,0,0,0,3.5,48817,43524,1.000007356619665,0.999992643380335
high,710000453733,710000453759,26,710000453759,710000453783,710000453839,1,1,1,1,710000453737,710000453749,710000453753,710000453735,710000453737,710000453739,0,0,0,0,0,0,3.5,48817,43524,1.000007356619665,0.999992643380335
high,710000453798,710000453839,41,710000453839,710000453849,710000453861,1,1,1,1,710000453807,710000453819,710000453821,710000453799,710000453801,710000453803,0,0,0,0,0,0,3.5,48817,43524,1.000007356619665,0.999992643380335
high,710000453873,710000453891,18,710000453891,710000453893,710000453933,1,1,1,1,710000453881,710000453887,710000453891,710000453875,710000453877,710000453879,0,0,1,0,0,0,3.5,48817,43524,1.000007356619665,0.999992643380335
high,710000453889,710000453891,2,710000453891,710000453893,710000453933,1,1,1,1,710000453891,710000453893,710000453909,710000453891,710000453893,710000453895,1,1,1,1,1,1,3.5,48817,43524,1.000007356619665,0.999992643380335
high,710000453936,710000453959,23,710000453959,710000453969,710000453977,1,1,1,1,710000453941,710000453947,710000453951,710000453937,710000453939,710000453941,0,0,0,0,0,0,3.5,48817,43524,1.000007356619665,0.999992643380335
high,710000454365,710000454367,2,710000454367,710000454389,710000454419,1,1,1,1,710000454367,710000454377,710000454389,710000454367,710000454369,710000454371,1,1,1,1,1,1,3.5,48817,43524,1.000007356619665,0.999992643380335
high,710000454629,710000454661,32,710000454661,710000454781,710000454809,1,1,1,1,710000454637,710000454641,710000454643,710000454631,710000454633,710000454635,0,0,0,0,0,0,3.5,48817,43524,1.000007356619665,0.999992643380335
high,710000454860,710000454893,33,710000454893,710000454899,710000454923,1,1,1,1,710000454869,710000454871,710000454881,710000454861,710000454863,710000454865,0,0,0,0,0,0,3.5,48817,43524,1.000007356619665,0.999992643380335
high,710000454919,710000454923,4,710000454923,710000454929,710000454983,1,1,1,1,710000454923,710000454929,710000454937,710000454921,710000454923,710000454925,1,1,1,0,1,1,3.5,48817,43524,1.000007356619665,0.999992643380335
high,710000454965,710000454983,18,710000454983,710000454991,710000455007,1,1,1,1,710000454967,710000454971,710000454973,710000454967,710000454969,710000454971,0,0,0,0,0,0,3.5,48817,43524,1.000007356619665,0.999992643380335
high,710000455088,710000455123,35,710000455123,710000455163,710000455183,1,1,1,1,710000455091,710000455093,710000455097,710000455089,710000455091,710000455093,0,0,0,0,0,0,3.5,48817,43524,1.000007356619665,0.999992643380335
high,710000455113,710000455123,10,710000455123,710000455163,710000455183,1,1,1,1,710000455117,710000455121,710000455123,710000455115,710000455117,710000455119,0,0,1,0,0,0,3.5,48817,43524,1.000007356619665,0.999992643380335
high,710000455438,710000455459,21,710000455459,710000455471,710000455481,1,1,1,1,710000455447,710000455453,710000455457,710000455439,710000455441,710000455443,0,0,0,0,0,0,3.5,48817,43524,1.000007356619665,0.999992643380335
high,710000455842,710000455909,67,710000455861,710000455909,710000455933,2,0,1,1,710000455847,710000455859,710000455861,710000455843,710000455845,710000455847,0,0,0,0,0,0,3.5,48817,43524,1.000007356619665,0.999992643380335
high,710000455876,710000455909,33,710000455909,710000455933,710000455991,1,1,1,1,710000455877,710000455891,710000455903,710000455877,710000455879,710000455881,0,0,0,0,0,0,3.5,48817,43524,1.000007356619665,0.999992643380335
high,710000456047,710000456071,24,710000456071,710000456167,710000456227,1,1,1,1,710000456051,710000456057,710000456059,710000456049,710000456051,710000456053,0,0,0,0,0,0,3.5,48817,43524,1.000007356619665,0.999992643380335
high,710000456279,710000456287,8,710000456287,710000456303,710000456309,1,1,1,1,710000456281,710000456287,710000456293,710000456281,710000456283,710000456285,0,1,1,0,0,0,3.5,48817,43524,1.000007356619665,0.999992643380335
high,710000456371,710000456441,70,710000456441,710000456471,710000456521,1,1,1,1,710000456377,710000456381,710000456383,710000456373,710000456375,710000456377,0,0,0,0,0,0,3.5,48817,43524,1.000007356619665,0.999992643380335
high,710000456645,710000456663,18,710000456663,710000456723,710000456741,1,1,1,1,710000456647,710000456651,710000456657,710000456647,710000456649,710000456651,0,0,0,0,0,0,3.5,48817,43524,1.000007356619665,0.999992643380335
high,710000456756,710000456783,27,710000456783,710000456819,710000456827,1,1,1,1,710000456761,710000456773,710000456777,710000456757,710000456759,710000456761,0,0,0,0,0,0,3.5,48817,43524,1.000007356619665,0.999992643380335
high,710000456912,710000456917,5,710000456917,710000456939,710000456993,1,1,1,1,710000456917,710000456923,710000456927,710000456913,710000456915,710000456917,1,1,1,0,0,1,3.5,48817,43524,1.000007356619665,0.999992643380335
high,710000457067,710000457083,16,710000457083,710000457113,710000457119,1,1,1,1,710000457077,710000457079,710000457083,710000457069,710000457071,710000457073,0,0,1,0,0,0,3.5,48817,43524,1.000007356619665,0.999992643380335
high,710000457248,710000457251,3,710000457251,710000457259,710000457307,1,1,1,1,710000457251,710000457253,710000457259,710000457249,710000457251,710000457253,1,1,1,0,1,1,3.5,48817,43524,1.000007356619665,0.999992643380335
high,710000457545,710000457547,2,710000457547,710000457587,710000457589,1,1,1,1,710000457547,710000457557,710000457559,710000457547,710000457549,710000457551,1,1,1,1,1,1,3.5,48817,43524,1.000007356619665,0.999992643380335
high,710000457605,710000457611,6,710000457611,710000457613,710000457671,1,1,1,1,710000457611,710000457613,710000457619,710000457607,710000457609,710000457611,1,1,1,0,0,1,3.5,48817,43524,1.000007356619665,0.999992643380335
high,710000457926,710000457937,11,710000457937,710000457941,710000457961,1,1,1,1,710000457931,710000457937,710000457941,710000457927,710000457929,710000457931,0,1,1,0,0,0,3.5,48817,43524,1.000007356619665,0.999992643380335
high,710000457936,710000457937,1,710000457937,710000457941,710000457961,1,1,1,1,710000457937,710000457941,710000457949,710000457937,710000457939,710000457941,1,1,1,1,1,1,3.5,48817,43524,1.000007356619665,0.999992643380335
high,710000458595,710000458597,2,710000458597,710000458663,710000458709,1,1,1,1,710000458597,710000458613,710000458619,710000458597,710000458599,710000458601,1,1,1,1,1,1,3.5,48817,43524,1.000007356619665,0.999992643380335
high,710000458720,710000458721,1,710000458721,710000458729,710000458747,1,1,1,1,710000458721,710000458723,710000458729,710000458721,710000458723,710000458725,1,1,1,1,1,1,3.5,48817,43524,1.000007356619665,0.999992643380335
high,710000458758,710000458759,1,710000458759,710000458777,710000458829,1,1,1,1,710000458759,710000458763,710000458771,710000458759,710000458761,710000458763,1,1,1,1,1,1,3.5,48817,43524,1.000007356619665,0.999992643380335
high,710000459276,710000459281,5,710000459281,710000459303,710000459309,1,1,1,1,710000459279,710000459281,710000459291,710000459277,710000459279,710000459281,0,1,1,0,0,1,3.5,48817,43524,1.000007356619665,0.999992643380335
high,710000459302,710000459303,1,710000459303,710000459309,710000459407,1,1,1,1,710000459303,710000459309,710000459321,710000459303,710000459305,710000459307,1,1,1,1,1,1,3.5,48817,43524,1.000007356619665,0.999992643380335
high,710000459486,710000459501,15,710000459501,710000459507,710000459551,1,1,1,1,710000459489,710000459491,710000459501,710000459487,710000459489,710000459491,0,0,1,0,0,0,3.5,48817,43524,1.000007356619665,0.999992643380335
high,710000459810,710000459849,39,710000459849,710000459879,710000459897,1,1,1,1,710000459813,710000459821,710000459837,710000459811,710000459813,710000459815,0,0,0,0,0,0,3.5,48817,43524,1.000007356619665,0.999992643380335
high,710000459986,710000459989,3,710000459989,710000459999,710000460011,1,1,1,1,710000459989,710000459999,710000460011,710000459987,710000459989,710000459991,1,1,1,0,1,1,3.5,48817,43524,1.000007356619665,0.999992643380335
high,710000460241,710000460251,10,710000460251,710000460259,710000460271,1,1,1,1,710000460251,710000460259,710000460271,710000460243,710000460245,710000460247,1,1,1,0,0,0,3.5,48817,43524,1.000007356619665,0.999992643380335
high,710000460362,710000460383,21,710000460383,710000460427,710000460461,1,1,1,1,710000460373,710000460383,710000460391,710000460363,710000460365,710000460367,0,1,1,0,0,0,3.5,48817,43524,1.000007356619665,0.999992643380335
high,710000461589,710000461609,20,710000461609,710000461769,710000461771,1,1,1,1,710000461591,710000461603,710000461607,710000461591,710000461593,710000461595,0,0,0,0,0,0,3.5,48817,43524,1.000007356619665,0.999992643380335
high,710000461768,710000461769,1,710000461769,710000461771,710000461777,1,1,1,1,710000461769,710000461771,710000461777,710000461769,710000461771,710000461773,1,1,1,1,1,1,3.5,48817,43524,1.000007356619665,0.999992643380335
high,710000461802,710000461817,15,710000461817,710000461829,710000461861,1,1,1,1,710000461811,710000461813,710000461817,710000461803,710000461805,710000461807,0,0,1,0,0,0,3.5,48817,43524,1.000007356619665,0.999992643380335
high,710000461908,710000461957,49,710000461957,710000461987,710000461991,1,1,1,1,710000461909,710000461913,710000461927,710000461909,710000461911,710000461913,0,0,0,0,0,0,3.5,48817,43524,1.000007356619665,0.999992643380335
high,710000461990,710000461991,1,710000461991,710000462021,710000462029,1,1,1,1,710000461991,710000461993,710000461997,710000461991,710000461993,710000461995,1,1,1,1,1,1,3.5,48817,43524,1.000007356619665,0.999992643380335
high,710000462744,710000462749,5,710000462749,710000462779,710000462783,1,1,1,1,710000462747,710000462749,710000462753,710000462745,710000462747,710000462749,0,1,1,0,0,1,3.5,48817,43524,1.000007356619665,0.999992643380335
high,710000462838,710000462839,1,710000462839,710000462851,710000462879,1,1,1,1,710000462839,710000462851,710000462861,710000462839,710000462841,710000462843,1,1,1,1,1,1,3.5,48817,43524,1.000007356619665,0.999992643380335
high,710000462908,710000463031,123,710000463031,710000463047,710000463049,1,1,1,1,710000462909,710000462911,710000462917,710000462909,710000462911,710000462913,0,0,0,0,0,0,3.5,48817,43524,1.000007356619665,0.999992643380335
high,710000463106,710000463127,21,710000463127,710000463143,710000463149,1,1,1,1,710000463121,710000463127,710000463131,710000463107,710000463109,710000463111,0,1,1,0,0,0,3.5,48817,43524,1.000007356619665,0.999992643380335
high,710000463255,710000463259,4,710000463259,710000463287,710000463317,1,1,1,1,710000463259,710000463269,710000463281,710000463257,710000463259,710000463261,1,1,1,0,1,1,3.5,48817,43524,1.000007356619665,0.999992643380335
high,710000463269,710000463287,18,710000463287,710000463317,710000463353,1,1,1,1,710000463281,710000463283,710000463287,710000463271,710000463273,710000463275,0,0,1,0,0,0,3.5,48817,43524,1.000007356619665,0.999992643380335
high,710000463346,710000463353,7,710000463353,710000463409,710000463421,1,1,1,1,710000463353,710000463373,710000463377,710000463347,710000463349,710000463351,1,1,1,0,0,0,3.5,48817,43524,1.000007356619665,0.999992643380335
high,710000464024,710000464031,7,710000464031,710000464037,710000464079,1,1,1,1,710000464027,710000464031,710000464037,710000464025,710000464027,710000464029,0,1,1,0,0,0,3.5,48817,43524,1.000007356619665,0.999992643380335
high,710000464462,710000464477,15,710000464477,710000464513,710000464559,1,1,1,1,710000464463,710000464469,710000464471,710000464463,710000464465,710000464467,0,0,0,0,0,0,3.5,48817,43524,1.000007356619665,0.999992643380335
high,710000464629,710000464631,2,710000464631,710000464739,710000464751,1,1,1,1,710000464631,710000464639,710000464643,710000464631,710000464633,710000464635,1,1,1,1,1,1,3.5,48817,43524,1.000007356619665,0.999992643380335
high,710000464667,710000464739,72,710000464739,710000464751,710000464759,1,1,1,1,710000464669,710000464673,710000464681,710000464669,710000464671,710000464673,0,0,0,0,0,0,3.5,48817,43524,1.000007356619665,0.999992643380335
high,710000464814,710000464889,75,710000464889,710000464909,710000464933,1,1,1,1,710000464819,710000464829,710000464837,710000464815,710000464817,710000464819,0,0,0,0,0,0,3.5,48817,43524,1.000007356619665,0.999992643380335
high,710000464964,710000464967,3,710000464967,710000464973,710000464981,1,1,1,1,710000464967,710000464969,710000464973,710000464965,710000464967,710000464969,1,1,1,0,1,1,3.5,48817,43524,1.000007356619665,0.999992643380335
high,710000465030,710000465047,17,710000465047,710000465059,710000465071,1,1,1,1,710000465033,710000465039,710000465047,710000465031,710000465033,710000465035,0,0,1,0,0,0,3.5,48817,43524,1.000007356619665,0.999992643380335
high,710000465687,710000465791,104,710000465791,710000465813,710000465821,1,1,1,1,710000465689,710000465693,710000465701,710000465689,710000465691,710000465693,0,0,0,0,0,0,3.5,48817,43524,1.000007356619665,0.999992643380335
high,710000465781,710000465791,10,710000465791,710000465813,710000465821,1,1,1,1,710000465789,710000465791,710000465803,710000465783,710000465785,710000465787,0,1,1,0,0,0,3.5,48817,43524,1.000007356619665,0.999992643380335
high,710000465827,710000465857,30,710000465857,710000465869,710000465927,1,1,1,1,710000465831,710000465843,710000465851,710000465829,710000465831,710000465833,0,0,0,0,0,0,3.5,48817,43524,1.000007356619665,0.999992643380335
high,710000465884,710000465927,43,710000465927,710000465939,710000465957,1,1,1,1,710000465891,710000465893,710000465897,710000465885,710000465887,710000465889,0,0,0,0,0,0,3.5,48817,43524,1.000007356619665,0.999992643380335
high,710000465967,710000465969,2,710000465969,710000465983,710000466023,1,1,1,1,710000465969,710000465983,710000465987,710000465969,710000465971,710000465973,1,1,1,1,1,1,3.5,48817,43524,1.000007356619665,0.999992643380335
high,710000466038,710000466047,9,710000466047,710000466059,710000466067,1,1,1,1,710000466041,710000466047,710000466053,710000466039,710000466041,710000466043,0,1,1,0,0,0,3.5,48817,43524,1.000007356619665,0.999992643380335
high,710000466559,710000466589,30,710000466589,710000466611,710000466613,1,1,1,1,710000466563,710000466577,710000466583,710000466561,710000466563,710000466565,0,0,0,0,0,0,3.5,48817,43524,1.000007356619665,0.999992643380335
high,710000466591,710000466611,20,710000466611,710000466613,710000466649,1,1,1,1,710000466599,710000466601,710000466607,710000466593,710000466595,710000466597,0,0,0,0,0,0,3.5,48817,43524,1.000007356619665,0.999992643380335
high,710000466681,710000466689,8,710000466689,710000466727,710000466733,1,1,1,1,710000466683,710000466689,710000466691,710000466683,710000466685,710000466687,0,1,1,0,0,0,3.5,48817,43524,1.000007356619665,0.999992643380335
high,710000466707,710000466727,20,710000466727,710000466733,710000466739,1,1,1,1,710000466709,710000466713,710000466719,710000466709,710000466711,710000466713,0,0,0,0,0,0,3.5,48817,43524,1.000007356619665,0.999992643380335
high,710000466803,710000466811,8,710000466811,710000466823,710000466829,1,1,1,1,710000466809,710000466811,710000466817,710000466805,710000466807,710000466809,0,1,1,0,0,0,3.5,48817,43524,1.000007356619665,0.999992643380335
high,710000466810,710000466811,1,710000466811,710000466823,710000466829,1,1,1,1,710000466811,710000466817,710000466821,710000466811,710000466813,710000466815,1,1,1,1,1,1,3.5,48817,43524,1.000007356619665,0.999992643380335
high,710000466930,710000466941,11,710000466941,710000466977,710000466979,1,1,1,1,710000466941,710000466943,710000466947,710000466931,710000466933,710000466935,1,1,1,0,0,0,3.5,48817,43524,1.000007356619665,0.999992643380335
high,710000467097,710000467223,126,710000467123,710000467223,710000467277,2,0,1,1,710000467109,710000467117,710000467123,710000467099,710000467101,710000467103,0,0,0,0,0,0,3.5,48817,43524,1.000007356619665,0.999992643380335
high,710000467169,710000467223,54,710000467223,710000467277,710000467289,1,1,1,1,710000467177,710000467181,710000467193,710000467171,710000467173,710000467175,0,0,0,0,0,0,3.5,48817,43524,1.000007356619665,0.999992643380335
high,710000467189,710000467223,34,710000467223,710000467277,710000467289,1,1,1,1,710000467193,710000467201,710000467207,710000467191,710000467193,710000467195,0,0,0,0,0,0,3.5,48817,43524,1.000007356619665,0.999992643380335
high,710000468150,710000468213,63,710000468213,710000468237,710000468273,1,1,1,1,710000468153,710000468159,710000468161,710000468151,710000468153,710000468155,0,0,0,0,0,0,3.5,48817,43524,1.000007356619665,0.999992643380335
high,710000468697,710000468713,16,710000468713,710000468729,710000468761,1,1,1,1,710000468711,710000468713,710000468717,710000468699,710000468701,710000468703,0,1,1,0,0,0,3.5,48817,43524,1.000007356619665,0.999992643380335
high,710000468990,710000469001,11,710000469001,710000469023,710000469029,1,1,1,1,710000468993,710000468999,710000469001,710000468991,710000468993,710000468995,0,0,1,0,0,0,3.5,48817,43524,1.000007356619665,0.999992643380335
high,710000469114,710000469119,5,710000469119,710000469149,710000469173,1,1,1,1,710000469119,710000469121,710000469127,710000469115,710000469117,710000469119,1,1,1,0,0,1,3.5,48817,43524,1.000007356619665,0.999992643380335
high,710000469264,710000469359,95,710000469359,710000469401,710000469433,1,1,1,1,710000469271,710000469281,710000469289,710000469265,710000469267,710000469269,0,0,0,0,0,0,3.5,48817,43524,1.000007356619665,0.999992643380335
high,710000469612,710000469623,11,710000469623,710000469631,710000469677,1,1,1,1,710000469613,710000469617,710000469623,710000469613,710000469615,710000469617,0,0,1,0,0,0,3.5,48817,43524,1.000007356619665,0.999992643380335
high,710000470180,710000470213,33,710000470213,710000470217,710000470229,1,1,1,1,710000470183,710000470187,710000470189,710000470181,710000470183,710000470185,0,0,0,0,0,0,3.5,48817,43524,1.000007356619665,0.999992643380335
high,710000470732,710000470771,39,710000470771,710000470787,710000470807,1,1,1,1,710000470733,710000470747,710000470757,710000470733,710000470735,710000470737,0,0,0,0,0,0,3.5,48817,43524,1.000007356619665,0.999992643380335
high,710000471535,710000471623,88,710000471563,710000471617,710000471623,3,0,0,1,710000471539,710000471561,710000471563,710000471537,710000471539,710000471541,0,0,0,0,0,0,3.5,48817,43524,1.000007356619665,0.999992643380335
high,710000471744,710000471749,5,710000471749,710000471771,710000471779,1,1,1,1,710000471749,710000471753,710000471759,710000471745,710000471747,710000471749,1,1,1,0,0,1,3.5,48817,43524,1.000007356619665,0.999992643380335
high,710000472191,710000472193,2,710000472193,710000472197,710000472211,1,1,1,1,710000472193,710000472197,710000472199,710000472193,710000472195,710000472197,1,1,1,1,1,1,3.5,48817,43524,1.000007356619665,0.999992643380335
high,710000472594,710000472637,43,710000472637,710000472667,710000472683,1,1,1,1,710000472607,710000472617,710000472619,710000472595,710000472597,710000472599,0,0,0,0,0,0,3.5,48817,43524,1.000007356619665,0.999992643380335
high,710000472746,710000472799,53,710000472799,710000472817,710000472877,1,1,1,1,710000472749,710000472751,710000472757,710000472747,710000472749,710000472751,0,0,0,0,0,0,3.5,48817,43524,1.000007356619665,0.999992643380335
high,710000473169,710000473249,80,710000473249,710000473307,710000473309,1,1,1,1,710000473177,710000473181,710000473187,710000473171,710000473173,710000473175,0,0,0,0,0,0,3.5,48817,43524,1.000007356619665,0.999992643380335
high,710000473543,710000473571,28,710000473571,710000473583,710000473591,1,1,1,1,710000473547,710000473549,710000473571,710000473545,710000473547,710000473549,0,0,1,0,0,0,3.5,48817,43524,1.000007356619665,0.999992643380335
high,710000473544,710000473571,27,710000473571,710000473583,710000473591,1,1,1,1,710000473547,710000473549,710000473571,710000473545,710000473547,710000473549,0,0,1,0,0,0,3.5,48817,43524,1.000007356619665,0.999992643380335
high,710000473567,710000473571,4,710000473571,710000473583,710000473591,1,1,1,1,710000473571,710000473573,710000473577,710000473569,710000473571,710000473573,1,1,1,0,1,1,3.5,48817,43524,1.000007356619665,0.999992643380335
high,710000473617,710000473621,4,710000473621,710000473627,710000473649,1,1,1,1,710000473619,710000473621,710000473627,710000473619,710000473621,710000473623,0,1,1,0,1,1,3.5,48817,43524,1.000007356619665,0.999992643380335
high,710000473765,710000473789,24,710000473789,710000473817,710000473877,1,1,1,1,710000473769,710000473771,710000473781,710000473767,710000473769,710000473771,0,0,0,0,0,0,3.5,48817,43524,1.000007356619665,0.999992643380335
high,710000473768,710000473789,21,710000473789,710000473817,710000473877,1,1,1,1,710000473769,710000473771,710000473781,710000473769,710000473771,710000473773,0,0,0,0,0,0,3.5,48817,43524,1.000007356619665,0.999992643380335
high,710000473938,710000473957,19,710000473939,710000473957,710000473967,2,0,1,1,710000473939,710000473951,710000473957,710000473939,710000473941,710000473943,0,0,1,0,0,0,3.5,48817,43524,1.000007356619665,0.999992643380335
high,710000474029,710000474077,48,710000474077,710000474129,710000474137,1,1,1,1,710000474033,710000474041,710000474047,710000474031,710000474033,710000474035,0,0,0,0,0,0,3.5,48817,43524,1.000007356619665,0.999992643380335
high,710000474205,710000474213,8,710000474213,710000474233,710000474303,1,1,1,1,710000474207,710000474213,710000474219,710000474207,710000474209,710000474211,0,1,1,0,0,0,3.5,48817,43524,1.000007356619665,0.999992643380335
high,710000475334,710000475337,3,710000475337,710000475341,710000475343,1,1,1,1,710000475337,710000475341,710000475343,710000475335,710000475337,710000475339,1,1,1,0,1,1,3.5,48817,43524,1.000007356619665,0.999992643380335
high,710000475633,710000475641,8,710000475641,710000475661,710000475697,1,1,1,1,710000475641,710000475643,710000475647,710000475635,710000475637,710000475639,1,1,1,0,0,0,3.5,48817,43524,1.000007356619665,0.999992643380335
high,710000475636,710000475641,5,710000475641,710000475661,710000475697,1,1,1,1,710000475641,710000475643,710000475647,710000475637,710000475639,710000475641,1,1,1,0,0,1,3.5,48817,43524,1.000007356619665,0.999992643380335
high,710000476370,710000476391,21,710000476391,710000476399,710000476411,1,1,1,1,710000476373,710000476379,710000476387,710000476371,710000476373,710000476375,0,0,0,0,0,0,3.5,48817,43524,1.000007356619665,0.999992643380335
high,710000476621,710000476637,16,710000476637,710000476649,710000476663,1,1,1,1,710000476631,710000476637,710000476639,710000476623,710000476625,710000476627,0,1,1,0,0,0,3.5,48817,43524,1.000007356619665,0.999992643380335
high,710000476669,710000476693,24,710000476693,710000476709,710000476721,1,1,1,1,710000476673,710000476681,710000476687,710000476671,710000476673,710000476675,0,0,0,0,0,0,3.5,48817,43524,1.000007356619665,0.999992643380335
high,710000476849,710000476937,88,710000476937,710000476987,710000477033,1,1,1,1,710000476853,710000476859,710000476877,710000476851,710000476853,710000476855,0,0,0,0,0,0,3.5,48817,43524,1.000007356619665,0.999992643380335
high,710000476884,710000476937,53,710000476937,710000476987,710000477033,1,1,1,1,710000476891,710000476897,710000476901,710000476885,710000476887,710000476889,0,0,0,0,0,0,3.5,48817,43524,1.000007356619665,0.999992643380335
high,710000476938,710000476987,49,710000476987,710000477033,710000477041,1,1,1,1,710000476949,710000476951,710000476957,710000476939,710000476941,710000476943,0,0,0,0,0,0,3.5,48817,43524,1.000007356619665,0.999992643380335
high,710000477075,710000477089,14,710000477089,710000477093,710000477113,1,1,1,1,710000477077,710000477083,710000477089,710000477077,710000477079,710000477081,0,0,1,0,0,0,3.5,48817,43524,1.000007356619665,0.999992643380335
high,710000477219,710000477243,24,710000477243,710000477257,710000477261,1,1,1,1,710000477227,710000477231,710000477237,710000477221,710000477223,710000477225,0,0,0,0,0,0,3.5,48817,43524,1.000007356619665,0.999992643380335
high,710000477463,710000477489,26,710000477489,710000477509,710000477521,1,1,1,1,710000477467,710000477479,710000477489,710000477465,710000477467,710000477469,0,0,1,0,0,0,3.5,48817,43524,1.000007356619665,0.999992643380335
high,710000477707,710000477717,10,710000477717,710000477723,710000477729,1,1,1,1,710000477713,710000477717,710000477723,710000477709,710000477711,710000477713,0,1,1,0,0,0,3.5,48817,43524,1.000007356619665,0.999992643380335
high,710000478026,710000478049,23,710000478049,710000478053,710000478091,1,1,1,1,710000478029,710000478037,710000478041,710000478027,710000478029,710000478031,0,0,0,0,0,0,3.5,48817,43524,1.000007356619665,0.999992643380335
high,710000478104,710000478113,9,710000478113,710000478149,710000478167,1,1,1,1,710000478107,710000478113,710000478127,710000478105,710000478107,710000478109,0,1,1,0,0,0,3.5,48817,43524,1.000007356619665,0.999992643380335
high,710000478129,710000478149,20,710000478149,710000478167,710000478179,1,1,1,1,710000478133,710000478137,710000478139,710000478131,710000478133,710000478135,0,0,0,0,0,0,3.5,48817,43524,1.000007356619665,0.999992643380335
high,710000478153,710000478167,14,710000478167,710000478179,710000478193,1,1,1,1,710000478157,710000478163,710000478167,710000478155,710000478157,710000478159,0,0,1,0,0,0,3.5,48817,43524,1.000007356619665,0.999992643380335
high,710000478577,710000478581,4,710000478581,710000478587,710000478601,1,1,1,1,710000478581,710000478587,710000478589,710000478579,710000478581,710000478583,1,1,1,0,1,1,3.5,48817,43524,1.000007356619665,0.999992643380335
high,710000478647,710000478653,6,710000478653,710000478673,710000478743,1,1,1,1,710000478653,710000478659,710000478661,710000478649,710000478651,710000478653,1,1,1,0,0,1,3.5,48817,43524,1.000007356619665,0.999992643380335
high,710000478749,710000478841,92,710000478841,710000478907,710000478937,1,1,1,1,710000478751,710000478757,710000478763,710000478751,710000478753,710000478755,0,0,0,0,0,0,3.5,48817,43524,1.000007356619665,0.999992643380335
high,710000479156,710000479157,1,710000479157,710000479189,710000479247,1,1,1,1,710000479157,710000479159,710000479163,710000479157,710000479159,710000479161,1,1,1,1,1,1,3.5,48817,43524,1.000007356619665,0.999992643380335
high,710000479267,710000479273,6,710000479273,710000479283,710000479289,1,1,1,1,710000479271,710000479273,710000479277,710000479269,710000479271,710000479273,0,1,1,0,0,1,3.5,48817,43524,1.000007356619665,0.999992643380335
high,710000479477,710000479481,4,710000479481,710000479493,710000479519,1,1,1,1,710000479481,710000479483,710000479493,710000479479,710000479481,710000479483,1,1,1,0,1,1,3.5,48817,43524,1.000007356619665,0.999992643380335
high,710000479637,710000479651,14,710000479651,710000479663,710000479673,1,1,1,1,710000479651,710000479663,710000479667,710000479639,710000479641,710000479643,1,1,1,0,0,0,3.5,48817,43524,1.000007356619665,0.999992643380335
high,710000481109,710000481149,40,710000481149,710000481161,710000481227,1,1,1,1,710000481121,710000481131,710000481133,710000481111,710000481113,710000481115,0,0,0,0,0,0,3.5,48817,43524,1.000007356619665,0.999992643380335
high,710000481277,710000481283,6,710000481283,710000481287,710000481313,1,1,1,1,710000481283,710000481287,710000481299,710000481279,710000481281,710000481283,1,1,1,0,0,1,3.5,48817,43524,1.000007356619665,0.999992643380335
high,710000481408,710000481419,11,710000481419,710000481431,710000481457,1,1,1,1,710000481413,710000481419,710000481431,710000481409,710000481411,710000481413,0,1,1,0,0,0,3.5,48817,43524,1.000007356619665,0.999992643380335
high,710000481818,710000481863,45,710000481823,710000481833,710000481863,3,0,0,1,710000481821,710000481823,710000481829,710000481819,710000481821,710000481823,0,0,0,0,0,0,3.5,48817,43524,1.000007356619665,0.999992643380335
high,710000481986,710000482013,27,710000482013,710000482033,710000482049,1,1,1,1,710000481991,710000481997,710000482001,710000481987,710000481989,710000481991,0,0,0,0,0,0,3.5,48817,43524,1.000007356619665,0.999992643380335
high,710000482016,710000482033,17,710000482033,710000482049,710000482133,1,1,1,1,710000482019,710000482021,710000482027,710000482017,710000482019,710000482021,0,0,0,0,0,0,3.5,48817,43524,1.000007356619665,0.999992643380335
high,710000482125,710000482133,8,710000482133,710000482141,710000482153,1,1,1,1,710000482127,710000482129,710000482133,710000482127,710000482129,710000482131,0,0,1,0,0,0,3.5,48817,43524,1.000007356619665,0.999992643380335
high,710000482345,710000482349,4,710000482349,710000482409,710000482481,1,1,1,1,710000482349,710000482351,710000482357,710000482347,710000482349,710000482351,1,1,1,0,1,1,3.5,48817,43524,1.000007356619665,0.999992643380335
high,710000482682,710000482693,11,710000482693,710000482699,710000482771,1,1,1,1,710000482687,710000482691,710000482693,710000482683,710000482685,710000482687,0,0,1,0,0,0,3.5,48817,43524,1.000007356619665,0.999992643380335
high,710000483364,710000483417,53,710000483417,710000483501,710000483503,1,1,1,1,710000483369,710000483371,710000483377,710000483365,710000483367,710000483369,0,0,0,0,0,0,3.5,48817,43524,1.000007356619665,0.999992643380335
high,710000483624,710000483641,17,710000483639,710000483641,710000483663,2,0,1,1,710000483629,710000483639,710000483641,710000483625,710000483627,710000483629,0,0,1,0,0,0,3.5,48817,43524,1.000007356619665,0.999992643380335
high,710000483872,710000483873,1,710000483873,710000483891,710000483909,1,1,1,1,710000483873,710000483879,710000483887,710000483873,710000483875,710000483877,1,1,1,1,1,1,3.5,48817,43524,1.000007356619665,0.999992643380335
high,710000484063,710000484107,44,710000484107,710000484121,710000484163,1,1,1,1,710000484071,710000484073,710000484079,710000484065,710000484067,710000484069,0,0,0,0,0,0,3.5,48817,43524,1.000007356619665,0.999992643380335
high,710000484714,710000484719,5,710000484719,710000484727,710000484737,1,1,1,1,710000484719,710000484727,710000484731,710000484715,710000484717,710000484719,1,1,1,0,0,1,3.5,48817,43524,1.000007356619665,0.999992643380335
high,710000484830,710000484833,3,710000484833,710000484899,710000484901,1,1,1,1,710000484833,710000484839,710000484841,710000484831,710000484833,710000484835,1,1,1,0,1,1,3.5,48817,43524,1.000007356619665,0.999992643380335
high,710000484855,710000484901,46,710000484899,710000484901,710000484911,2,0,1,1,710000484857,710000484859,710000484863,710000484857,710000484859,710000484861,0,0,0,0,0,0,3.5,48817,43524,1.000007356619665,0.999992643380335
high,710000485073,710000485091,18,710000485091,710000485097,710000485109,1,1,1,1,710000485079,710000485081,710000485087,710000485075,710000485077,710000485079,0,0,0,0,0,0,3.5,48817,43524,1.000007356619665,0.999992643380335
high,710000485378,710000485391,13,710000485391,710000485393,710000485483,1,1,1,1,710000485379,710000485387,710000485391,710000485379,710000485381,710000485383,0,0,1,0,0,0,3.5,48817,43524,1.000007356619665,0.999992643380335
high,710000485975,710000486021,46,710000486021,710000486033,710000486059,1,1,1,1,710000485979,710000485993,710000486003,710000485977,710000485979,710000485981,0,0,0,0,0,0,3.5,48817,43524,1.000007356619665,0.999992643380335
high,710000486181,710000486191,10,710000486191,710000486201,710000486203,1,1,1,1,710000486183,710000486189,710000486191,710000486183,710000486185,710000486187,0,0,1,0,0,0,3.5,48817,43524,1.000007356619665,0.999992643380335
high,710000486240,710000486249,9,710000486249,710000486291,710000486357,1,1,1,1,710000486243,710000486249,710000486263,710000486241,710000486243,710000486245,0,1,1,0,0,0,3.5,48817,43524,1.000007356619665,0.999992643380335
high,710000486602,710000486621,19,710000486621,710000486623,710000486659,1,1,1,1,710000486603,710000486609,710000486617,710000486603,710000486605,710000486607,0,0,0,0,0,0,3.5,48817,43524,1.000007356619665,0.999992643380335
high,710000487677,710000487773,96,710000487773,710000487797,710000487811,1,1,1,1,710000487689,710000487697,710000487701,710000487679,710000487681,710000487683,0,0,0,0,0,0,3.5,48817,43524,1.000007356619665,0.999992643380335
high,710000488377,710000488411,34,710000488411,710000488447,710000488517,1,1,1,1,710000488381,710000488391,710000488397,710000488379,710000488381,710000488383,0,0,0,0,0,0,3.5,48817,43524,1.000007356619665,0.999992643380335
high,710000489070,710000489071,1,710000489071,710000489147,710000489167,1,1,1,1,710000489071,710000489083,710000489087,710000489071,710000489073,710000489075,1,1,1,1,1,1,3.5,48817,43524,1.000007356619665,0.999992643380335
high,710000489463,710000489489,26,710000489489,710000489533,710000489579,1,1,1,1,710000489467,710000489479,710000489483,710000489465,710000489467,710000489469,0,0,0,0,0,0,3.5,48817,43524,1.000007356619665,0.999992643380335
high,710000489485,710000489489,4,710000489489,710000489533,710000489579,1,1,1,1,710000489489,710000489491,710000489501,710000489487,710000489489,710000489491,1,1,1,0,1,1,3.5,48817,43524,1.000007356619665,0.999992643380335
high,710000489920,710000489923,3,710000489923,710000489929,710000489959,1,1,1,1,710000489921,710000489923,710000489927,710000489921,710000489923,710000489925,0,1,1,0,1,1,3.5,48817,43524,1.000007356619665,0.999992643380335
high,710000489957,710000489959,2,710000489959,710000489987,710000489999,1,1,1,1,710000489959,710000489963,710000489969,710000489959,710000489961,710000489963,1,1,1,1,1,1,3.5,48817,43524,1.000007356619665,0.999992643380335
high,710000490128,710000490137,9,710000490137,710000490161,710000490179,1,1,1,1,710000490137,710000490139,710000490149,710000490129,710000490131,710000490133,1,1,1,0,0,0,3.5,48817,43524,1.000007356619665,0.999992643380335
high,710000490329,710000490343,14,710000490343,710000490349,710000490379,1,1,1,1,710000490337,710000490343,710000490347,710000490331,710000490333,710000490335,0,1,1,0,0,0,3.5,48817,43524,1.000007356619665,0.999992643380335
high,710000490464,710000490469,5,710000490469,710000490509,710000490517,1,1,1,1,710000490467,710000490469,710000490481,710000490465,710000490467,710000490469,0,1,1,0,0,1,3.5,48817,43524,1.000007356619665,0.999992643380335
high,710000490842,710000490851,9,710000490851,710000490911,710000490923,1,1,1,1,710000490847,710000490851,710000490877,710000490843,710000490845,710000490847,0,1,1,0,0,0,3.5,48817,43524,1.000007356619665,0.999992643380335
high,710000490988,710000491003,15,710000491003,710000491051,710000491091,1,1,1,1,710000490989,710000491001,710000491003,710000490989,710000490991,710000490993,0,0,1,0,0,0,3.5,48817,43524,1.000007356619665,0.999992643380335
high,710000491320,710000491373,53,710000491373,710000491451,710000491457,1,1,1,1,710000491331,710000491337,710000491339,710000491321,710000491323,710000491325,0,0,0,0,0,0,3.5,48817,43524,1.000007356619665,0.999992643380335
high,710000491421,710000491451,30,710000491451,710000491457,710000491471,1,1,1,1,710000491427,710000491429,710000491433,710000491423,710000491425,710000491427,0,0,0,0,0,0,3.5,48817,43524,1.000007356619665,0.999992643380335
high,710000491522,710000491531,9,710000491531,710000491561,710000491579,1,1,1,1,710000491523,710000491531,710000491553,710000491523,710000491525,710000491527,0,1,1,0,0,0,3.5,48817,43524,1.000007356619665,0.999992643380335
high,710000491814,710000491843,29,710000491829,710000491843,710000491853,2,0,1,1,710000491817,710000491819,710000491829,710000491815,710000491817,710000491819,0,0,0,0,0,0,3.5,48817,43524,1.000007356619665,0.999992643380335
high,710000492175,710000492213,38,710000492213,710000492219,710000492249,1,1,1,1,710000492177,710000492189,710000492203,710000492177,710000492179,710000492181,0,0,0,0,0,0,3.5,48817,43524,1.000007356619665,0.999992643380335
high,710000492257,710000492303,46,710000492303,710000492309,710000492353,1,1,1,1,710000492261,710000492269,710000492273,710000492259,710000492261,710000492263,0,0,0,0,0,0,3.5,48817,43524,1.000007356619665,0.999992643380335
high,710000492711,710000492723,12,710000492723,710000492737,710000492849,1,1,1,1,710000492713,710000492717,710000492723,710000492713,710000492715,710000492717,0,0,1,0,0,0,3.5,48817,43524,1.000007356619665,0.999992643380335
high,710000492765,710000492849,84,710000492849,710000492857,710000492891,1,1,1,1,710000492767,710000492771,710000492779,710000492767,710000492769,710000492771,0,0,0,0,0,0,3.5,48817,43524,1.000007356619665,0.999992643380335
high,710000492826,710000492849,23,710000492849,710000492857,710000492891,1,1,1,1,710000492827,710000492833,710000492837,710000492827,710000492829,710000492831,0,0,0,0,0,0,3.5,48817,43524,1.000007356619665,0.999992643380335
high,710000493029,710000493073,44,710000493073,710000493101,710000493119,1,1,1,1,710000493031,710000493043,710000493047,710000493031,710000493033,710000493035,0,0,0,0,0,0,3.5,48817,43524,1.000007356619665,0.999992643380335
high,710000493199,710000493263,64,710000493263,710000493311,710000493331,1,1,1,1,710000493211,710000493217,710000493221,710000493201,710000493203,710000493205,0,0,0,0,0,0,3.5,48817,43524,1.000007356619665,0.999992643380335
high,710000493315,710000493331,16,710000493331,710000493401,710000493407,1,1,1,1,710000493329,710000493331,710000493337,710000493317,710000493319,710000493321,0,1,1,0,0,0,3.5,48817,43524,1.000007356619665,0.999992643380335
high,710000493360,710000493401,41,710000493401,710000493407,710000493409,1,1,1,1,710000493373,710000493379,710000493383,710000493361,710000493363,710000493365,0,0,0,0,0,0,3.5,48817,43524,1.000007356619665,0.999992643380335
high,710000493499,710000493511,12,710000493511,710000493577,710000493581,1,1,1,1,710000493509,710000493511,710000493523,710000493501,710000493503,710000493505,0,1,1,0,0,0,3.5,48817,43524,1.000007356619665,0.999992643380335
high,710000493565,710000493577,12,710000493577,710000493581,710000493611,1,1,1,1,710000493569,710000493577,710000493581,710000493567,710000493569,710000493571,0,1,1,0,0,0,3.5,48817,43524,1.000007356619665,0.999992643380335
high,710000494500,710000494513,13,710000494513,710000494543,710000494549,1,1,1,1,710000494513,710000494519,710000494523,710000494501,710000494503,710000494505,1,1,1,0,0,0,3.5,48817,43524,1.000007356619665,0.999992643380335
high,710000494529,710000494543,14,710000494543,710000494549,710000494571,1,1,1,1,710000494531,710000494543,710000494547,710000494531,710000494533,710000494535,0,1,1,0,0,0,3.5,48817,43524,1.000007356619665,0.999992643380335
high,710000494721,710000494751,30,710000494751,710000494789,710000494849,1,1,1,1,710000494727,710000494733,710000494739,710000494723,710000494725,710000494727,0,0,0,0,0,0,3.5,48817,43524,1.000007356619665,0.999992643380335
high,710000494777,710000494789,12,710000494789,710000494849,710000494867,1,1,1,1,710000494781,710000494783,710000494787,710000494779,710000494781,710000494783,0,0,0,0,0,0,3.5,48817,43524,1.000007356619665,0.999992643380335
high,710000494870,710000494871,1,710000494871,710000494873,710000494877,1,1,1,1,710000494871,710000494873,710000494877,710000494871,710000494873,710000494875,1,1,1,1,1,1,3.5,48817,43524,1.000007356619665,0.999992643380335
high,710000494903,710000494927,24,710000494927,710000494933,710000494937,1,1,1,1,710000494909,710000494913,710000494921,710000494905,710000494907,710000494909,0,0,0,0,0,0,3.5,48817,43524,1.000007356619665,0.999992643380335
high,710000494913,710000494927,14,710000494927,710000494933,710000494937,1,1,1,1,710000494921,710000494927,710000494933,710000494915,710000494917,710000494919,0,1,1,0,0,0,3.5,48817,43524,1.000007356619665,0.999992643380335
high,710000495037,710000495059,22,710000495059,710000495063,710000495069,1,1,1,1,710000495041,710000495047,710000495053,710000495039,710000495041,710000495043,0,0,0,0,0,0,3.5,48817,43524,1.000007356619665,0.999992643380335
high,710000495886,710000495887,1,710000495887,710000495899,710000495921,1,1,1,1,710000495887,710000495891,710000495899,710000495887,710000495889,710000495891,1,1,1,1,1,1,3.5,48817,43524,1.000007356619665,0.999992643380335
high,710000496455,710000496481,26,710000496481,710000496551,710000496563,1,1,1,1,710000496461,710000496463,710000496467,710000496457,710000496459,710000496461,0,0,0,0,0,0,3.5,48817,43524,1.000007356619665,0.999992643380335
high,710000496648,710000496671,23,710000496671,710000496691,710000496739,1,1,1,1,710000496659,710000496661,710000496671,710000496649,710000496651,710000496653,0,0,1,0,0,0,3.5,48817,43524,1.000007356619665,0.999992643380335
high,710000497100,710000497183,83,710000497183,710000497187,710000497207,1,1,1,1,710000497103,710000497109,710000497111,710000497101,710000497103,710000497105,0,0,0,0,0,0,3.5,48817,43524,1.000007356619665,0.999992643380335
high,710000497149,710000497183,34,710000497183,710000497187,710000497207,1,1,1,1,710000497153,710000497163,710000497169,710000497151,710000497153,710000497155,0,0,0,0,0,0,3.5,48817,43524,1.000007356619665,0.999992643380335
high,710000497277,710000497307,30,710000497307,710000497373,710000497387,1,1,1,1,710000497279,710000497289,710000497291,710000497279,710000497281,710000497283,0,0,0,0,0,0,3.5,48817,43524,1.000007356619665,0.999992643380335
high,710000497594,710000497603,9,710000497603,710000497627,710000497631,1,1,1,1,710000497597,710000497603,710000497607,710000497595,710000497597,710000497599,0,1,1,0,0,0,3.5,48817,43524,1.000007356619665,0.999992643380335
high,710000497716,710000497729,13,710000497729,710000497777,710000497813,1,1,1,1,710000497721,710000497727,710000497729,710000497717,710000497719,710000497721,0,0,1,0,0,0,3.5,48817,43524,1.000007356619665,0.999992643380335
high,710000497887,710000497901,14,710000497901,710000497903,710000497909,1,1,1,1,710000497889,710000497891,710000497897,710000497889,710000497891,710000497893,0,0,0,0,0,0,3.5,48817,43524,1.000007356619665,0.999992643380335
high,710000498529,710000498551,22,710000498551,710000498561,710000498579,1,1,1,1,710000498531,710000498533,710000498549,710000498531,710000498533,710000498535,0,0,0,0,0,0,3.5,48817,43524,1.000007356619665,0.999992643380335
high,710000498782,710000498789,7,710000498789,710000498813,710000498839,1,1,1,1,710000498783,710000498789,710000498797,710000498783,710000498785,710000498787,0,1,1,0,0,0,3.5,48817,43524,1.000007356619665,0.999992643380335
high,710000498803,710000498813,10,710000498813,710000498839,710000498929,1,1,1,1,710000498807,710000498813,710000498819,710000498805,710000498807,710000498809,0,1,1,0,0,0,3.5,48817,43524,1.000007356619665,0.999992643380335
high,710000498861,710000498929,68,710000498929,710000498939,710000498941,1,1,1,1,710000498863,710000498869,710000498873,710000498863,710000498865,710000498867,0,0,0,0,0,0,3.5,48817,43524,1.000007356619665,0.999992643380335
